 ---------------------------------------------------------------
 Surface and Strip Forces by surface

  Forces referred to Sref, Cref, Bref about Xref, Yref, Zref
 Standard axis orientation,  X fwd, Z down         

  Surface # 1     FrontWing                               
     # Chordwise = 12   # Spanwise = 20     First strip =  1
     Surface area =   60.000000       Ave. chord =    3.000000
     CLsurf  =   0.37107     Clsurf  =  -0.08574
     CYsurf  =  -0.00000     Cmsurf  =   0.08574
     CDsurf  =   0.00678     Cnsurf  =  -0.00218
     CDisurf =   0.00678     CDvsurf =   0.00000

  Forces referred to Ssurf, Cave about hinge axis thru LE
     CLsurf  =   0.74215     CDsurf  =   0.01356
     Deflect =

 Strip Forces referred to Strip Area, Chord
    j      Yle    Chord     Area     c cl      ai      cl_norm  cl       cd       cdv    cm_c/4    cm_LE  C.P.x/c
     1   0.0308   3.0000   0.3693   2.4767   0.0470   0.8261   0.8261   0.0087   0.0000  -0.1431  -0.3494    0.423
     2   0.2763   3.0000   1.0990   2.4767   0.0469   0.8261   0.8261   0.0087   0.0000  -0.1431  -0.3494    0.423
     3   0.7612   3.0000   1.8015   2.4763   0.0478   0.8260   0.8260   0.0087   0.0000  -0.1430  -0.3494    0.423
     4   1.4736   3.0000   2.4597   2.4751   0.0609   0.8256   0.8256   0.0088   0.0000  -0.1430  -0.3493    0.423
     5   2.3959   3.0000   3.0573   2.4723   0.0491   0.8246   0.8246   0.0089   0.0000  -0.1430  -0.3490    0.423
     6   3.5055   3.0000   3.5796   2.4670   0.0414   0.8229   0.8229   0.0090   0.0000  -0.1430  -0.3485    0.424
     7   4.7750   3.0000   4.0138   2.4583   0.1242   0.8200   0.8200   0.0093   0.0000  -0.1429  -0.3477    0.424
     8   6.1732   3.0000   4.3492   2.4449  -0.0925   0.8155   0.8155   0.0098   0.0000  -0.1427  -0.3465    0.425
     9   7.6655   3.0000   4.5775   2.4260   0.0079   0.8091   0.8091   0.0104   0.0000  -0.1426  -0.3447    0.426
    10   9.2154   3.0000   4.6930   2.3996   0.0196   0.8003   0.8003   0.0112   0.0000  -0.1423  -0.3423    0.428
    11  10.7846   3.0000   4.6930   2.3631   0.0262   0.7880   0.7880   0.0124   0.0000  -0.1419  -0.3389    0.430
    12  12.3345   3.0000   4.5775   2.3130   0.0322   0.7712   0.7712   0.0138   0.0000  -0.1414  -0.3341    0.433
    13  13.8268   3.0000   4.3492   2.2439   0.0389   0.7481   0.7481   0.0156   0.0000  -0.1405  -0.3275    0.438
    14  15.2250   3.0000   4.0138   2.1486   0.0472   0.7162   0.7162   0.0178   0.0000  -0.1391  -0.3182    0.444
    15  16.4945   3.0000   3.5796   2.0169   0.0579   0.6721   0.6721   0.0202   0.0000  -0.1367  -0.3048    0.453
    16  17.6041   3.0000   3.0573   1.8360   0.0721   0.6116   0.6116   0.0225   0.0000  -0.1324  -0.2853    0.466
    17  18.5264   3.0000   2.4597   1.5900   0.0911   0.5295   0.5295   0.0238   0.0000  -0.1241  -0.2566    0.484
    18  19.2388   3.0000   1.8015   1.2616   0.1169   0.4199   0.4199   0.0228   0.0000  -0.1084  -0.2135    0.508
    19  19.7237   3.0000   1.0989   0.8339   0.1525   0.2774   0.2774   0.0178   0.0000  -0.0794  -0.1489    0.536
    20  19.9692   3.0000   0.3694   0.2987   0.1932   0.0993   0.0993   0.0072   0.0000  -0.0310  -0.0559    0.562

  Surface # 2     FrontWing (YDUP)                        
     # Chordwise = 12   # Spanwise = 20     First strip = 21
     Surface area =   60.000000       Ave. chord =    3.000000
     CLsurf  =   0.37107     Clsurf  =   0.08574
     CYsurf  =   0.00000     Cmsurf  =   0.08574
     CDsurf  =   0.00678     Cnsurf  =   0.00218
     CDisurf =   0.00678     CDvsurf =   0.00000

  Forces referred to Ssurf, Cave about hinge axis thru LE
     CLsurf  =   0.74215     CDsurf  =   0.01356
     Deflect =

 Strip Forces referred to Strip Area, Chord
    j      Yle    Chord     Area     c cl      ai      cl_norm  cl       cd       cdv    cm_c/4    cm_LE  C.P.x/c
    21  -0.0308   3.0000   0.3693   2.4767   0.0470   0.8261   0.8261   0.0087   0.0000  -0.1431   0.3494    0.423
    22  -0.2763   3.0000   1.0990   2.4767   0.0469   0.8261   0.8261   0.0087   0.0000  -0.1431   0.3494    0.423
    23  -0.7612   3.0000   1.8015   2.4763   0.0478   0.8260   0.8260   0.0087   0.0000  -0.1430   0.3494    0.423
    24  -1.4736   3.0000   2.4597   2.4751   0.0609   0.8256   0.8256   0.0088   0.0000  -0.1430   0.3493    0.423
    25  -2.3959   3.0000   3.0573   2.4723   0.0491   0.8246   0.8246   0.0089   0.0000  -0.1430   0.3490    0.423
    26  -3.5055   3.0000   3.5796   2.4670   0.0414   0.8229   0.8229   0.0090   0.0000  -0.1430   0.3485    0.424
    27  -4.7750   3.0000   4.0138   2.4583   0.1242   0.8200   0.8200   0.0093   0.0000  -0.1429   0.3477    0.424
    28  -6.1732   3.0000   4.3492   2.4449  -0.0925   0.8155   0.8155   0.0098   0.0000  -0.1427   0.3465    0.425
    29  -7.6655   3.0000   4.5775   2.4260   0.0079   0.8091   0.8091   0.0104   0.0000  -0.1426   0.3447    0.426
    30  -9.2154   3.0000   4.6930   2.3996   0.0196   0.8003   0.8003   0.0112   0.0000  -0.1423   0.3423    0.428
    31 -10.7846   3.0000   4.6930   2.3631   0.0262   0.7880   0.7880   0.0124   0.0000  -0.1419   0.3389    0.430
    32 -12.3345   3.0000   4.5775   2.3130   0.0322   0.7712   0.7712   0.0138   0.0000  -0.1414   0.3341    0.433
    33 -13.8268   3.0000   4.3492   2.2439   0.0389   0.7481   0.7481   0.0156   0.0000  -0.1405   0.3275    0.438
    34 -15.2250   3.0000   4.0138   2.1486   0.0472   0.7162   0.7162   0.0178   0.0000  -0.1391   0.3182    0.444
    35 -16.4945   3.0000   3.5796   2.0169   0.0579   0.6721   0.6721   0.0202   0.0000  -0.1367   0.3048    0.453
    36 -17.6041   3.0000   3.0573   1.8360   0.0721   0.6116   0.6116   0.0225   0.0000  -0.1324   0.2853    0.466
    37 -18.5264   3.0000   2.4597   1.5900   0.0911   0.5295   0.5295   0.0238   0.0000  -0.1241   0.2566    0.484
    38 -19.2388   3.0000   1.8015   1.2616   0.1169   0.4199   0.4199   0.0228   0.0000  -0.1084   0.2135    0.508
    39 -19.7237   3.0000   1.0989   0.8339   0.1525   0.2774   0.2774   0.0178   0.0000  -0.0794   0.1489    0.536
    40 -19.9692   3.0000   0.3694   0.2987   0.1932   0.0993   0.0993   0.0072   0.0000  -0.0310   0.0559    0.562

  Surface # 3     Second Wing2                            
     # Chordwise = 12   # Spanwise = 24     First strip = 41
     Surface area =   12.000000       Ave. chord =    2.000000
     CLsurf  =   0.02892     Clsurf  =  -0.00193
     CYsurf  =  -0.00000     Cmsurf  =  -0.08573
     CDsurf  =   0.00150     Cnsurf  =   0.00001
     CDisurf =   0.00150     CDvsurf =   0.00000

  Forces referred to Ssurf, Cave about hinge axis thru LE
     CLsurf  =   0.28924     CDsurf  =   0.01502
     Deflect =

 Strip Forces referred to Strip Area, Chord
    j      Yle    Chord     Area     c cl      ai      cl_norm  cl       cd       cdv    cm_c/4    cm_LE  C.P.x/c
    41   0.0064   2.0000   0.0513   0.6803   0.0472   0.3397   0.3397   0.0163   0.0000  -0.0594  -0.1444    0.425
    42   0.0576   2.0000   0.1531   0.6802   0.0472   0.3397   0.3397   0.0163   0.0000  -0.0594  -0.1444    0.425
    43   0.1592   2.0000   0.2523   0.6802   0.0471   0.3397   0.3397   0.0163   0.0000  -0.0594  -0.1444    0.425
    44   0.3094   2.0000   0.3471   0.6799   0.0473   0.3396   0.3396   0.0163   0.0000  -0.0594  -0.1444    0.425
    45   0.5056   2.0000   0.4360   0.6793   0.0454   0.3392   0.3392   0.0163   0.0000  -0.0594  -0.1443    0.425
    46   0.7445   2.0000   0.5175   0.6781   0.0474   0.3387   0.3387   0.0163   0.0000  -0.0593  -0.1441    0.425
    47   1.0220   2.0000   0.5901   0.6761   0.0490   0.3377   0.3377   0.0163   0.0000  -0.0593  -0.1438    0.426
    48   1.3333   2.0000   0.6526   0.6731   0.0477   0.3362   0.3362   0.0163   0.0000  -0.0593  -0.1434    0.426
    49   1.6731   2.0000   0.7039   0.6688   0.0492   0.3340   0.3340   0.0163   0.0000  -0.0592  -0.1428    0.427
    50   2.0357   2.0000   0.7432   0.6628   0.0474   0.3310   0.3310   0.0162   0.0000  -0.0591  -0.1419    0.429
    51   2.4147   2.0000   0.7698   0.6547   0.0502   0.3270   0.3270   0.0162   0.0000  -0.0590  -0.1408    0.430
    52   2.8038   2.0000   0.7832   0.6441   0.0542   0.3216   0.3216   0.0162   0.0000  -0.0588  -0.1393    0.433
    53   3.1962   2.0000   0.7832   0.6298   0.0509   0.3145   0.3145   0.0161   0.0000  -0.0584  -0.1371    0.436
    54   3.5853   2.0000   0.7698   0.6096   0.0523   0.3044   0.3044   0.0159   0.0000  -0.0578  -0.1340    0.440
    55   3.9643   2.0000   0.7432   0.5803   0.0399   0.2897   0.2897   0.0156   0.0000  -0.0568  -0.1293    0.446
    56   4.3269   2.0000   0.7039   0.5455   0.0638   0.2723   0.2723   0.0151   0.0000  -0.0554  -0.1236    0.453
    57   4.6667   2.0000   0.6526   0.5093   0.0669   0.2543   0.2543   0.0146   0.0000  -0.0539  -0.1175    0.462
    58   4.9780   2.0000   0.5901   0.4686   0.0719   0.2339   0.2339   0.0139   0.0000  -0.0518  -0.1104    0.471
    59   5.2555   2.0000   0.5175   0.4210   0.0804   0.2101   0.2101   0.0130   0.0000  -0.0488  -0.1014    0.482
    60   5.4944   2.0000   0.4360   0.3650   0.0507   0.1822   0.1822   0.0116   0.0000  -0.0444  -0.0901    0.494
    61   5.6906   2.0000   0.3471   0.2993   0.0842   0.1493   0.1493   0.0099   0.0000  -0.0382  -0.0756    0.506
    62   5.8408   2.0000   0.2523   0.2234   0.0929   0.1115   0.1115   0.0076   0.0000  -0.0297  -0.0576    0.516
    63   5.9424   2.0000   0.1531   0.1384   0.0990   0.0690   0.0690   0.0048   0.0000  -0.0189  -0.0362    0.524
    64   5.9936   2.0000   0.0513   0.0469   0.1025   0.0234   0.0234   0.0017   0.0000  -0.0065  -0.0124    0.528

  Surface # 4     Second Wing2 (YDUP)                     
     # Chordwise = 12   # Spanwise = 24     First strip = 65
     Surface area =   12.000000       Ave. chord =    2.000000
     CLsurf  =   0.02892     Clsurf  =   0.00193
     CYsurf  =  -0.00000     Cmsurf  =  -0.08573
     CDsurf  =   0.00150     Cnsurf  =  -0.00001
     CDisurf =   0.00150     CDvsurf =   0.00000

  Forces referred to Ssurf, Cave about hinge axis thru LE
     CLsurf  =   0.28924     CDsurf  =   0.01502
     Deflect =

 Strip Forces referred to Strip Area, Chord
    j      Yle    Chord     Area     c cl      ai      cl_norm  cl       cd       cdv    cm_c/4    cm_LE  C.P.x/c
    65  -0.0064   2.0000   0.0513   0.6803   0.0472   0.3397   0.3397   0.0163   0.0000  -0.0594   0.1444    0.425
    66  -0.0576   2.0000   0.1531   0.6802   0.0472   0.3397   0.3397   0.0163   0.0000  -0.0594   0.1444    0.425
    67  -0.1592   2.0000   0.2523   0.6802   0.0471   0.3397   0.3397   0.0163   0.0000  -0.0594   0.1444    0.425
    68  -0.3094   2.0000   0.3471   0.6799   0.0473   0.3396   0.3396   0.0163   0.0000  -0.0594   0.1444    0.425
    69  -0.5056   2.0000   0.4360   0.6793   0.0454   0.3392   0.3392   0.0163   0.0000  -0.0594   0.1443    0.425
    70  -0.7445   2.0000   0.5175   0.6781   0.0474   0.3387   0.3387   0.0163   0.0000  -0.0593   0.1441    0.425
    71  -1.0220   2.0000   0.5901   0.6761   0.0490   0.3377   0.3377   0.0163   0.0000  -0.0593   0.1438    0.426
    72  -1.3333   2.0000   0.6526   0.6731   0.0477   0.3362   0.3362   0.0163   0.0000  -0.0593   0.1434    0.426
    73  -1.6731   2.0000   0.7039   0.6688   0.0492   0.3340   0.3340   0.0163   0.0000  -0.0592   0.1428    0.427
    74  -2.0357   2.0000   0.7432   0.6628   0.0474   0.3310   0.3310   0.0162   0.0000  -0.0591   0.1419    0.429
    75  -2.4147   2.0000   0.7698   0.6547   0.0502   0.3270   0.3270   0.0162   0.0000  -0.0590   0.1408    0.430
    76  -2.8038   2.0000   0.7832   0.6441   0.0542   0.3216   0.3216   0.0162   0.0000  -0.0588   0.1393    0.433
    77  -3.1962   2.0000   0.7832   0.6298   0.0509   0.3145   0.3145   0.0161   0.0000  -0.0584   0.1371    0.436
    78  -3.5853   2.0000   0.7698   0.6096   0.0523   0.3044   0.3044   0.0159   0.0000  -0.0578   0.1340    0.440
    79  -3.9643   2.0000   0.7432   0.5803   0.0399   0.2897   0.2897   0.0156   0.0000  -0.0568   0.1293    0.446
    80  -4.3269   2.0000   0.7039   0.5455   0.0638   0.2723   0.2723   0.0151   0.0000  -0.0554   0.1236    0.453
    81  -4.6667   2.0000   0.6526   0.5093   0.0669   0.2543   0.2543   0.0146   0.0000  -0.0539   0.1175    0.462
    82  -4.9780   2.0000   0.5901   0.4686   0.0719   0.2339   0.2339   0.0139   0.0000  -0.0518   0.1104    0.471
    83  -5.2555   2.0000   0.5175   0.4210   0.0804   0.2101   0.2101   0.0130   0.0000  -0.0488   0.1014    0.482
    84  -5.4944   2.0000   0.4360   0.3650   0.0507   0.1822   0.1822   0.0116   0.0000  -0.0444   0.0901    0.494
    85  -5.6906   2.0000   0.3471   0.2993   0.0842   0.1493   0.1493   0.0099   0.0000  -0.0382   0.0756    0.506
    86  -5.8408   2.0000   0.2523   0.2234   0.0929   0.1115   0.1115   0.0076   0.0000  -0.0297   0.0576    0.516
    87  -5.9424   2.0000   0.1531   0.1384   0.0990   0.0690   0.0690   0.0048   0.0000  -0.0189   0.0362    0.524
    88  -5.9936   2.0000   0.0513   0.0469   0.1025   0.0234   0.0234   0.0017   0.0000  -0.0065   0.0124    0.528

  Surface # 5     Fin                                     
     # Chordwise = 12   # Spanwise = 12     First strip = 89
     Surface area =    4.000000       Ave. chord =    1.600000
     CLsurf  =   0.00000     Clsurf  =  -0.00003
     CYsurf  =  -0.00095     Cmsurf  =  -0.00001
     CDsurf  =  -0.00000     Cnsurf  =   0.00021
     CDisurf =  -0.00000     CDvsurf =   0.00000

  Forces referred to Ssurf, Cave about hinge axis thru LE
     CLsurf  =   0.02841     CDsurf  =  -0.00012
     Deflect =

 Strip Forces referred to Strip Area, Chord
    j      Yle    Chord     Area     c cl      ai      cl_norm  cl       cd       cdv    cm_c/4    cm_LE  C.P.x/c
    89   4.0000   1.9966   0.0850   0.0050  -0.0037   0.0027   0.0025   0.0000   0.0000  -0.0002  -0.0008    0.333
    90   4.0000   1.9696   0.2459   0.0165  -0.0162   0.0091   0.0084  -0.0000   0.0000  -0.0006  -0.0027    0.327
    91   4.0000   1.9173   0.3809   0.0308  -0.0167   0.0174   0.0161  -0.0000   0.0000  -0.0011  -0.0050    0.317
    92   4.0000   1.8435   0.4773   0.0453  -0.0126   0.0266   0.0245  -0.0001   0.0000  -0.0013  -0.0074    0.304
    93   4.0000   1.7531   0.5285   0.0556  -0.0106   0.0345   0.0317  -0.0001   0.0000  -0.0013  -0.0091    0.292
    94   4.0000   1.6522   0.5345   0.0602  -0.0100   0.0396   0.0364  -0.0002   0.0000  -0.0011  -0.0101    0.279
    95   4.0000   1.5478   0.5007   0.0594  -0.0096   0.0416   0.0384  -0.0002   0.0000  -0.0007  -0.0102    0.267
    96   4.0000   1.4469   0.4362   0.0542  -0.0091   0.0407   0.0375  -0.0002   0.0000  -0.0002  -0.0095    0.255
    97   4.0000   1.3565   0.3512   0.0457  -0.0085   0.0366   0.0337  -0.0002   0.0000   0.0003  -0.0081    0.240
    98   4.0000   1.2827   0.2548   0.0347  -0.0078   0.0294   0.0270  -0.0002   0.0000   0.0007  -0.0060    0.223
    99   4.0000   1.2304   0.1537   0.0217  -0.0071   0.0191   0.0176  -0.0001   0.0000   0.0008  -0.0036    0.204
   100   4.0000   1.2034   0.0513   0.0074  -0.0067   0.0067   0.0061  -0.0000   0.0000   0.0004  -0.0012    0.190

  Surface # 6     Fin (YDUP)                              
     # Chordwise = 12   # Spanwise = 12     First strip =101
     Surface area =    4.000000       Ave. chord =    1.600000
     CLsurf  =   0.00000     Clsurf  =   0.00003
     CYsurf  =   0.00095     Cmsurf  =  -0.00001
     CDsurf  =  -0.00000     Cnsurf  =  -0.00021
     CDisurf =  -0.00000     CDvsurf =   0.00000

  Forces referred to Ssurf, Cave about hinge axis thru LE
     CLsurf  =   0.02841     CDsurf  =  -0.00012
     Deflect =

 Strip Forces referred to Strip Area, Chord
    j      Yle    Chord     Area     c cl      ai      cl_norm  cl       cd       cdv    cm_c/4    cm_LE  C.P.x/c
   101  -4.0000   1.9966   0.0850   0.0050  -0.0037   0.0027   0.0025   0.0000   0.0000  -0.0002   0.0008    0.333
   102  -4.0000   1.9696   0.2459   0.0165  -0.0162   0.0091   0.0084  -0.0000   0.0000  -0.0006   0.0027    0.327
   103  -4.0000   1.9173   0.3809   0.0308  -0.0167   0.0174   0.0161  -0.0000   0.0000  -0.0011   0.0050    0.317
   104  -4.0000   1.8435   0.4773   0.0453  -0.0126   0.0266   0.0245  -0.0001   0.0000  -0.0013   0.0074    0.304
   105  -4.0000   1.7531   0.5285   0.0556  -0.0106   0.0345   0.0317  -0.0001   0.0000  -0.0013   0.0091    0.292
   106  -4.0000   1.6522   0.5345   0.0602  -0.0100   0.0396   0.0364  -0.0002   0.0000  -0.0011   0.0101    0.279
   107  -4.0000   1.5478   0.5007   0.0594  -0.0096   0.0416   0.0384  -0.0002   0.0000  -0.0007   0.0102    0.267
   108  -4.0000   1.4469   0.4362   0.0542  -0.0091   0.0407   0.0375  -0.0002   0.0000  -0.0002   0.0095    0.255
   109  -4.0000   1.3565   0.3512   0.0457  -0.0085   0.0366   0.0337  -0.0002   0.0000   0.0003   0.0081    0.240
   110  -4.0000   1.2827   0.2548   0.0347  -0.0078   0.0294   0.0270  -0.0002   0.0000   0.0007   0.0060    0.223
   111  -4.0000   1.2304   0.1537   0.0217  -0.0071   0.0191   0.0176  -0.0001   0.0000   0.0008   0.0036    0.204
   112  -4.0000   1.2034   0.0513   0.0074  -0.0067   0.0067   0.0061  -0.0000   0.0000   0.0004   0.0012    0.190
 ---------------------------------------------------------------
