 ---------------------------------------------------------------
 Surface and Strip Forces by surface

  Forces referred to Sref, Cref, Bref about Xref, Yref, Zref
 Standard axis orientation,  X fwd, Z down         

  Surface # 1     FrontWing                               
     # Chordwise = 12   # Spanwise = 20     First strip =  1
     Surface area =   60.000000       Ave. chord =    3.000000
     CLsurf  =   0.10473     Clsurf  =  -0.02474
     CYsurf  =  -0.00000     Cmsurf  =  -0.00888
     CDsurf  =   0.00064     Cnsurf  =   0.00153
     CDisurf =   0.00064     CDvsurf =   0.00000

  Forces referred to Ssurf, Cave about hinge axis thru LE
     CLsurf  =   0.20946     CDsurf  =   0.00128
     Deflect =

 Strip Forces referred to Strip Area, Chord
    j      Yle    Chord     Area     c cl      ai      cl_norm  cl       cd       cdv    cm_c/4    cm_LE  C.P.x/c
     1   0.0308   3.0000   0.3693   0.6755   0.0014   0.2255   0.2255   0.0008   0.0000  -0.1429  -0.1992    0.883
     2   0.2763   3.0000   1.0990   0.6755   0.0015   0.2255   0.2255   0.0008   0.0000  -0.1429  -0.1992    0.883
     3   0.7612   3.0000   1.8015   0.6754   0.0012   0.2255   0.2255   0.0008   0.0000  -0.1429  -0.1992    0.884
     4   1.4736   3.0000   2.4597   0.6753  -0.0023   0.2255   0.2255   0.0008   0.0000  -0.1429  -0.1991    0.884
     5   2.3959   3.0000   3.0573   0.6749   0.0012   0.2253   0.2253   0.0008   0.0000  -0.1429  -0.1991    0.884
     6   3.5055   3.0000   3.5796   0.6742   0.0043   0.2251   0.2251   0.0008   0.0000  -0.1429  -0.1991    0.885
     7   4.7750   3.0000   4.0138   0.6729  -0.0158   0.2247   0.2247   0.0008   0.0000  -0.1429  -0.1990    0.886
     8   6.1732   3.0000   4.3492   0.6709   0.0180   0.2240   0.2240   0.0009   0.0000  -0.1429  -0.1988    0.888
     9   7.6655   3.0000   4.5775   0.6677   0.0100   0.2229   0.2229   0.0009   0.0000  -0.1429  -0.1985    0.891
    10   9.2154   3.0000   4.6930   0.6629   0.0093   0.2214   0.2214   0.0010   0.0000  -0.1428  -0.1981    0.895
    11  10.7846   3.0000   4.6930   0.6560   0.0096   0.2191   0.2191   0.0010   0.0000  -0.1428  -0.1974    0.902
    12  12.3345   3.0000   4.5775   0.6464   0.0104   0.2158   0.2158   0.0011   0.0000  -0.1426  -0.1965    0.911
    13  13.8268   3.0000   4.3492   0.6330   0.0118   0.2114   0.2114   0.0013   0.0000  -0.1424  -0.1952    0.924
    14  15.2250   3.0000   4.0138   0.6149   0.0139   0.2054   0.2054   0.0015   0.0000  -0.1420  -0.1933    0.942
    15  16.4945   3.0000   3.5796   0.5905   0.0173   0.1972   0.1972   0.0018   0.0000  -0.1412  -0.1904    0.966
    16  17.6041   3.0000   3.0573   0.5573   0.0229   0.1861   0.1861   0.0021   0.0000  -0.1390  -0.1854    0.997
    17  18.5264   3.0000   2.4597   0.5095   0.0328   0.1702   0.1702   0.0026   0.0000  -0.1334  -0.1759    1.034
    18  19.2388   3.0000   1.8015   0.4353   0.0503   0.1455   0.1455   0.0032   0.0000  -0.1195  -0.1558    1.071
    19  19.7237   3.0000   1.0989   0.3135   0.0794   0.1048   0.1048   0.0035   0.0000  -0.0894  -0.1155    1.103
    20  19.9692   3.0000   0.3694   0.1207   0.1162   0.0404   0.0404   0.0024   0.0000  -0.0353  -0.0453    1.123

  Surface # 2     FrontWing (YDUP)                        
     # Chordwise = 12   # Spanwise = 20     First strip = 21
     Surface area =   60.000000       Ave. chord =    3.000000
     CLsurf  =   0.10473     Clsurf  =   0.02474
     CYsurf  =   0.00000     Cmsurf  =  -0.00888
     CDsurf  =   0.00064     Cnsurf  =  -0.00153
     CDisurf =   0.00064     CDvsurf =   0.00000

  Forces referred to Ssurf, Cave about hinge axis thru LE
     CLsurf  =   0.20946     CDsurf  =   0.00128
     Deflect =

 Strip Forces referred to Strip Area, Chord
    j      Yle    Chord     Area     c cl      ai      cl_norm  cl       cd       cdv    cm_c/4    cm_LE  C.P.x/c
    21  -0.0308   3.0000   0.3693   0.6755   0.0014   0.2255   0.2255   0.0008   0.0000  -0.1429   0.1992    0.883
    22  -0.2763   3.0000   1.0990   0.6755   0.0015   0.2255   0.2255   0.0008   0.0000  -0.1429   0.1992    0.883
    23  -0.7612   3.0000   1.8015   0.6754   0.0012   0.2255   0.2255   0.0008   0.0000  -0.1429   0.1992    0.884
    24  -1.4736   3.0000   2.4597   0.6753  -0.0023   0.2255   0.2255   0.0008   0.0000  -0.1429   0.1991    0.884
    25  -2.3959   3.0000   3.0573   0.6749   0.0012   0.2253   0.2253   0.0008   0.0000  -0.1429   0.1991    0.884
    26  -3.5055   3.0000   3.5796   0.6742   0.0043   0.2251   0.2251   0.0008   0.0000  -0.1429   0.1991    0.885
    27  -4.7750   3.0000   4.0138   0.6729  -0.0158   0.2247   0.2247   0.0008   0.0000  -0.1429   0.1990    0.886
    28  -6.1732   3.0000   4.3492   0.6709   0.0180   0.2240   0.2240   0.0009   0.0000  -0.1429   0.1988    0.888
    29  -7.6655   3.0000   4.5775   0.6677   0.0100   0.2229   0.2229   0.0009   0.0000  -0.1429   0.1985    0.891
    30  -9.2154   3.0000   4.6930   0.6629   0.0093   0.2214   0.2214   0.0010   0.0000  -0.1428   0.1981    0.895
    31 -10.7846   3.0000   4.6930   0.6560   0.0096   0.2191   0.2191   0.0010   0.0000  -0.1428   0.1974    0.902
    32 -12.3345   3.0000   4.5775   0.6464   0.0104   0.2158   0.2158   0.0011   0.0000  -0.1426   0.1965    0.911
    33 -13.8268   3.0000   4.3492   0.6330   0.0118   0.2114   0.2114   0.0013   0.0000  -0.1424   0.1952    0.924
    34 -15.2250   3.0000   4.0138   0.6149   0.0139   0.2054   0.2054   0.0015   0.0000  -0.1420   0.1933    0.942
    35 -16.4945   3.0000   3.5796   0.5905   0.0173   0.1972   0.1972   0.0018   0.0000  -0.1412   0.1904    0.966
    36 -17.6041   3.0000   3.0573   0.5573   0.0229   0.1861   0.1861   0.0021   0.0000  -0.1390   0.1854    0.997
    37 -18.5264   3.0000   2.4597   0.5095   0.0328   0.1702   0.1702   0.0026   0.0000  -0.1334   0.1759    1.034
    38 -19.2388   3.0000   1.8015   0.4353   0.0503   0.1455   0.1455   0.0032   0.0000  -0.1195   0.1558    1.071
    39 -19.7237   3.0000   1.0989   0.3135   0.0794   0.1048   0.1048   0.0035   0.0000  -0.0894   0.1155    1.103
    40 -19.9692   3.0000   0.3694   0.1207   0.1162   0.0404   0.0404   0.0024   0.0000  -0.0353   0.0453    1.123

  Surface # 3     Second Wing2                            
     # Chordwise = 12   # Spanwise = 24     First strip = 41
     Surface area =   12.000000       Ave. chord =    2.000000
     CLsurf  =  -0.00473     Clsurf  =   0.00029
     CYsurf  =  -0.00000     Cmsurf  =   0.00888
     CDsurf  =  -0.00005     Cnsurf  =  -0.00002
     CDisurf =  -0.00005     CDvsurf =   0.00000

  Forces referred to Ssurf, Cave about hinge axis thru LE
     CLsurf  =  -0.04731     CDsurf  =  -0.00046
     Deflect =

 Strip Forces referred to Strip Area, Chord
    j      Yle    Chord     Area     c cl      ai      cl_norm  cl       cd       cdv    cm_c/4    cm_LE  C.P.x/c
    41   0.0064   2.0000   0.0513  -0.1220   0.0014  -0.0611  -0.0611  -0.0006   0.0000  -0.0577  -0.0425   -0.694
    42   0.0576   2.0000   0.1531  -0.1220   0.0014  -0.0611  -0.0611  -0.0006   0.0000  -0.0577  -0.0425   -0.694
    43   0.1592   2.0000   0.2523  -0.1220   0.0013  -0.0611  -0.0611  -0.0006   0.0000  -0.0577  -0.0425   -0.694
    44   0.3094   2.0000   0.3471  -0.1219   0.0014  -0.0611  -0.0611  -0.0006   0.0000  -0.0577  -0.0425   -0.695
    45   0.5056   2.0000   0.4360  -0.1218   0.0011  -0.0610  -0.0610  -0.0006   0.0000  -0.0577  -0.0425   -0.696
    46   0.7445   2.0000   0.5175  -0.1214   0.0013  -0.0608  -0.0608  -0.0006   0.0000  -0.0577  -0.0425   -0.699
    47   1.0220   2.0000   0.5901  -0.1209   0.0015  -0.0606  -0.0606  -0.0006   0.0000  -0.0577  -0.0426   -0.703
    48   1.3333   2.0000   0.6526  -0.1201   0.0012  -0.0602  -0.0602  -0.0006   0.0000  -0.0577  -0.0427   -0.710
    49   1.6731   2.0000   0.7039  -0.1189   0.0012  -0.0596  -0.0596  -0.0006   0.0000  -0.0578  -0.0429   -0.720
    50   2.0357   2.0000   0.7432  -0.1172   0.0008  -0.0587  -0.0587  -0.0006   0.0000  -0.0578  -0.0431   -0.734
    51   2.4147   2.0000   0.7698  -0.1149   0.0010  -0.0576  -0.0576  -0.0006   0.0000  -0.0578  -0.0434   -0.754
    52   2.8038   2.0000   0.7832  -0.1118   0.0013  -0.0560  -0.0560  -0.0006   0.0000  -0.0578  -0.0438   -0.782
    53   3.1962   2.0000   0.7832  -0.1076   0.0006  -0.0539  -0.0539  -0.0005   0.0000  -0.0578  -0.0444   -0.824
    54   3.5853   2.0000   0.7698  -0.1017   0.0013  -0.0509  -0.0509  -0.0005   0.0000  -0.0579  -0.0452   -0.887
    55   3.9643   2.0000   0.7432  -0.0932   0.0066  -0.0467  -0.0467  -0.0005   0.0000  -0.0579  -0.0463   -0.990
    56   4.3269   2.0000   0.7039  -0.0829  -0.0015  -0.0416  -0.0416  -0.0005   0.0000  -0.0578  -0.0474
    57   4.6667   2.0000   0.6526  -0.0721   0.0003  -0.0361  -0.0361  -0.0004   0.0000  -0.0573  -0.0483
    58   4.9780   2.0000   0.5901  -0.0601   0.0018  -0.0301  -0.0301  -0.0003   0.0000  -0.0563  -0.0488
    59   5.2555   2.0000   0.5175  -0.0470   0.0044  -0.0235  -0.0235  -0.0002   0.0000  -0.0542  -0.0483
    60   5.4944   2.0000   0.4360  -0.0336   0.0022  -0.0168  -0.0168  -0.0001   0.0000  -0.0504  -0.0462
    61   5.6906   2.0000   0.3471  -0.0214   0.0103  -0.0107  -0.0107   0.0001   0.0000  -0.0443  -0.0416
    62   5.8408   2.0000   0.2523  -0.0117   0.0150  -0.0058  -0.0058   0.0002   0.0000  -0.0351  -0.0336
    63   5.9424   2.0000   0.1531  -0.0052   0.0188  -0.0026  -0.0026   0.0003   0.0000  -0.0227  -0.0221
    64   5.9936   2.0000   0.0513  -0.0014   0.0210  -0.0007  -0.0007   0.0002   0.0000  -0.0079  -0.0077

  Surface # 4     Second Wing2 (YDUP)                     
     # Chordwise = 12   # Spanwise = 24     First strip = 65
     Surface area =   12.000000       Ave. chord =    2.000000
     CLsurf  =  -0.00473     Clsurf  =  -0.00029
     CYsurf  =  -0.00000     Cmsurf  =   0.00888
     CDsurf  =  -0.00005     Cnsurf  =   0.00002
     CDisurf =  -0.00005     CDvsurf =   0.00000

  Forces referred to Ssurf, Cave about hinge axis thru LE
     CLsurf  =  -0.04731     CDsurf  =  -0.00046
     Deflect =

 Strip Forces referred to Strip Area, Chord
    j      Yle    Chord     Area     c cl      ai      cl_norm  cl       cd       cdv    cm_c/4    cm_LE  C.P.x/c
    65  -0.0064   2.0000   0.0513  -0.1220   0.0014  -0.0611  -0.0611  -0.0006   0.0000  -0.0577   0.0425   -0.694
    66  -0.0576   2.0000   0.1531  -0.1220   0.0014  -0.0611  -0.0611  -0.0006   0.0000  -0.0577   0.0425   -0.694
    67  -0.1592   2.0000   0.2523  -0.1220   0.0013  -0.0611  -0.0611  -0.0006   0.0000  -0.0577   0.0425   -0.694
    68  -0.3094   2.0000   0.3471  -0.1219   0.0014  -0.0611  -0.0611  -0.0006   0.0000  -0.0577   0.0425   -0.695
    69  -0.5056   2.0000   0.4360  -0.1218   0.0011  -0.0610  -0.0610  -0.0006   0.0000  -0.0577   0.0425   -0.696
    70  -0.7445   2.0000   0.5175  -0.1214   0.0013  -0.0608  -0.0608  -0.0006   0.0000  -0.0577   0.0425   -0.699
    71  -1.0220   2.0000   0.5901  -0.1209   0.0015  -0.0606  -0.0606  -0.0006   0.0000  -0.0577   0.0426   -0.703
    72  -1.3333   2.0000   0.6526  -0.1201   0.0012  -0.0602  -0.0602  -0.0006   0.0000  -0.0577   0.0427   -0.710
    73  -1.6731   2.0000   0.7039  -0.1189   0.0012  -0.0596  -0.0596  -0.0006   0.0000  -0.0578   0.0429   -0.720
    74  -2.0357   2.0000   0.7432  -0.1172   0.0008  -0.0587  -0.0587  -0.0006   0.0000  -0.0578   0.0431   -0.734
    75  -2.4147   2.0000   0.7698  -0.1149   0.0010  -0.0576  -0.0576  -0.0006   0.0000  -0.0578   0.0434   -0.754
    76  -2.8038   2.0000   0.7832  -0.1118   0.0013  -0.0560  -0.0560  -0.0006   0.0000  -0.0578   0.0438   -0.782
    77  -3.1962   2.0000   0.7832  -0.1076   0.0006  -0.0539  -0.0539  -0.0005   0.0000  -0.0578   0.0444   -0.824
    78  -3.5853   2.0000   0.7698  -0.1017   0.0013  -0.0509  -0.0509  -0.0005   0.0000  -0.0579   0.0452   -0.887
    79  -3.9643   2.0000   0.7432  -0.0932   0.0066  -0.0467  -0.0467  -0.0005   0.0000  -0.0579   0.0463   -0.990
    80  -4.3269   2.0000   0.7039  -0.0829  -0.0015  -0.0416  -0.0416  -0.0005   0.0000  -0.0578   0.0474
    81  -4.6667   2.0000   0.6526  -0.0721   0.0003  -0.0361  -0.0361  -0.0004   0.0000  -0.0573   0.0483
    82  -4.9780   2.0000   0.5901  -0.0601   0.0018  -0.0301  -0.0301  -0.0003   0.0000  -0.0563   0.0488
    83  -5.2555   2.0000   0.5175  -0.0470   0.0044  -0.0235  -0.0235  -0.0002   0.0000  -0.0542   0.0483
    84  -5.4944   2.0000   0.4360  -0.0336   0.0022  -0.0168  -0.0168  -0.0001   0.0000  -0.0504   0.0462
    85  -5.6906   2.0000   0.3471  -0.0214   0.0103  -0.0107  -0.0107   0.0001   0.0000  -0.0443   0.0416
    86  -5.8408   2.0000   0.2523  -0.0117   0.0150  -0.0058  -0.0058   0.0002   0.0000  -0.0351   0.0336
    87  -5.9424   2.0000   0.1531  -0.0052   0.0188  -0.0026  -0.0026   0.0003   0.0000  -0.0227   0.0221
    88  -5.9936   2.0000   0.0513  -0.0014   0.0210  -0.0007  -0.0007   0.0002   0.0000  -0.0079   0.0077

  Surface # 5     Fin                                     
     # Chordwise = 12   # Spanwise = 12     First strip = 89
     Surface area =    4.000000       Ave. chord =    1.600000
     CLsurf  =   0.00000     Clsurf  =   0.00001
     CYsurf  =   0.00022     Cmsurf  =  -0.00000
     CDsurf  =  -0.00000     Cnsurf  =  -0.00005
     CDisurf =  -0.00000     CDvsurf =   0.00000

  Forces referred to Ssurf, Cave about hinge axis thru LE
     CLsurf  =  -0.00654     CDsurf  =  -0.00001
     Deflect =

 Strip Forces referred to Strip Area, Chord
    j      Yle    Chord     Area     c cl      ai      cl_norm  cl       cd       cdv    cm_c/4    cm_LE  C.P.x/c
    89   4.0000   1.9966   0.0850  -0.0013   0.0007  -0.0007  -0.0006   0.0000   0.0000   0.0000   0.0002    0.300
    90   4.0000   1.9696   0.2459  -0.0042   0.0033  -0.0022  -0.0021  -0.0000   0.0000   0.0001   0.0006    0.291
    91   4.0000   1.9173   0.3809  -0.0077   0.0034  -0.0041  -0.0040  -0.0000   0.0000   0.0001   0.0010    0.278
    92   4.0000   1.8435   0.4773  -0.0111   0.0022  -0.0062  -0.0060  -0.0000   0.0000   0.0001   0.0014    0.266
    93   4.0000   1.7531   0.5285  -0.0134   0.0014  -0.0079  -0.0076  -0.0000   0.0000   0.0000   0.0018    0.256
    94   4.0000   1.6522   0.5345  -0.0141   0.0011  -0.0088  -0.0086  -0.0000   0.0000  -0.0000   0.0019    0.249
    95   4.0000   1.5478   0.5007  -0.0135   0.0009  -0.0091  -0.0088  -0.0000   0.0000  -0.0001   0.0019    0.242
    96   4.0000   1.4469   0.4362  -0.0120   0.0008  -0.0086  -0.0083  -0.0000   0.0000  -0.0001   0.0018    0.235
    97   4.0000   1.3565   0.3512  -0.0098   0.0007  -0.0075  -0.0072  -0.0000   0.0000  -0.0002   0.0015    0.225
    98   4.0000   1.2827   0.2548  -0.0072   0.0006  -0.0058  -0.0056  -0.0000   0.0000  -0.0002   0.0011    0.210
    99   4.0000   1.2304   0.1537  -0.0044   0.0005  -0.0037  -0.0036  -0.0000   0.0000  -0.0002   0.0006    0.192
   100   4.0000   1.2034   0.0513  -0.0015   0.0005  -0.0013  -0.0012  -0.0000   0.0000  -0.0001   0.0002    0.178

  Surface # 6     Fin (YDUP)                              
     # Chordwise = 12   # Spanwise = 12     First strip =101
     Surface area =    4.000000       Ave. chord =    1.600000
     CLsurf  =   0.00000     Clsurf  =  -0.00001
     CYsurf  =  -0.00022     Cmsurf  =  -0.00000
     CDsurf  =  -0.00000     Cnsurf  =   0.00005
     CDisurf =  -0.00000     CDvsurf =   0.00000

  Forces referred to Ssurf, Cave about hinge axis thru LE
     CLsurf  =  -0.00654     CDsurf  =  -0.00001
     Deflect =

 Strip Forces referred to Strip Area, Chord
    j      Yle    Chord     Area     c cl      ai      cl_norm  cl       cd       cdv    cm_c/4    cm_LE  C.P.x/c
   101  -4.0000   1.9966   0.0850  -0.0013   0.0007  -0.0007  -0.0006   0.0000   0.0000   0.0000  -0.0002    0.300
   102  -4.0000   1.9696   0.2459  -0.0042   0.0033  -0.0022  -0.0021  -0.0000   0.0000   0.0001  -0.0006    0.291
   103  -4.0000   1.9173   0.3809  -0.0077   0.0034  -0.0041  -0.0040  -0.0000   0.0000   0.0001  -0.0010    0.278
   104  -4.0000   1.8435   0.4773  -0.0111   0.0022  -0.0062  -0.0060  -0.0000   0.0000   0.0001  -0.0014    0.266
   105  -4.0000   1.7531   0.5285  -0.0134   0.0014  -0.0079  -0.0076  -0.0000   0.0000   0.0000  -0.0018    0.256
   106  -4.0000   1.6522   0.5345  -0.0141   0.0011  -0.0088  -0.0086  -0.0000   0.0000  -0.0000  -0.0019    0.249
   107  -4.0000   1.5478   0.5007  -0.0135   0.0009  -0.0091  -0.0088  -0.0000   0.0000  -0.0001  -0.0019    0.242
   108  -4.0000   1.4469   0.4362  -0.0120   0.0008  -0.0086  -0.0083  -0.0000   0.0000  -0.0001  -0.0018    0.235
   109  -4.0000   1.3565   0.3512  -0.0098   0.0007  -0.0075  -0.0072  -0.0000   0.0000  -0.0002  -0.0015    0.225
   110  -4.0000   1.2827   0.2548  -0.0072   0.0006  -0.0058  -0.0056  -0.0000   0.0000  -0.0002  -0.0011    0.210
   111  -4.0000   1.2304   0.1537  -0.0044   0.0005  -0.0037  -0.0036  -0.0000   0.0000  -0.0002  -0.0006    0.192
   112  -4.0000   1.2034   0.0513  -0.0015   0.0005  -0.0013  -0.0012  -0.0000   0.0000  -0.0001  -0.0002    0.178
 ---------------------------------------------------------------
