 ---------------------------------------------------------------
 Surface and Strip Forces by surface

  Forces referred to Sref, Cref, Bref about Xref, Yref, Zref
 Standard axis orientation,  X fwd, Z down         

  Surface # 1     FrontWing                               
     # Chordwise = 12   # Spanwise = 20     First strip =  1
     Surface area =   60.000000       Ave. chord =    3.000000
     CLsurf  =   0.39292     Clsurf  =  -0.09062
     CYsurf  =  -0.00000     Cmsurf  =   0.16031
     CDsurf  =   0.00724     Cnsurf  =  -0.00294
     CDisurf =   0.00724     CDvsurf =   0.00000

  Forces referred to Ssurf, Cave about hinge axis thru LE
     CLsurf  =   0.78584     CDsurf  =   0.01448
     Deflect =

 Strip Forces referred to Strip Area, Chord
    j      Yle    Chord     Area     c cl      ai      cl_norm  cl       cd       cdv    cm_c/4    cm_LE  C.P.x/c
     1   0.0308   3.0000   0.3693   2.6308   0.0710   0.8778   0.8778   0.0088   0.0000  -0.1433  -0.3625    0.413
     2   0.2763   3.0000   1.0990   2.6307   0.0707   0.8778   0.8778   0.0088   0.0000  -0.1433  -0.3625    0.413
     3   0.7612   3.0000   1.8015   2.6302   0.0725   0.8777   0.8777   0.0088   0.0000  -0.1433  -0.3625    0.413
     4   1.4736   3.0000   2.4597   2.6287   0.0974   0.8771   0.8771   0.0089   0.0000  -0.1432  -0.3623    0.413
     5   2.3959   3.0000   3.0573   2.6253   0.0752   0.8760   0.8760   0.0090   0.0000  -0.1432  -0.3620    0.413
     6   3.5055   3.0000   3.5796   2.6189   0.0608   0.8739   0.8739   0.0092   0.0000  -0.1431  -0.3614    0.414
     7   4.7750   3.0000   4.0138   2.6085   0.2214   0.8704   0.8704   0.0096   0.0000  -0.1430  -0.3604    0.414
     8   6.1732   3.0000   4.3492   2.5926  -0.2091   0.8650   0.8650   0.0101   0.0000  -0.1428  -0.3589    0.415
     9   7.6655   3.0000   4.5775   2.5708  -0.0096   0.8577   0.8577   0.0109   0.0000  -0.1426  -0.3568    0.416
    10   9.2154   3.0000   4.6930   2.5410   0.0115   0.8477   0.8477   0.0119   0.0000  -0.1423  -0.3540    0.418
    11  10.7846   3.0000   4.6930   2.5006   0.0218   0.8341   0.8341   0.0132   0.0000  -0.1419  -0.3503    0.420
    12  12.3345   3.0000   4.5775   2.4459   0.0298   0.8158   0.8158   0.0149   0.0000  -0.1413  -0.3451    0.423
    13  13.8268   3.0000   4.3492   2.3712   0.0379   0.7907   0.7907   0.0169   0.0000  -0.1404  -0.3380    0.427
    14  15.2250   3.0000   4.0138   2.2689   0.0472   0.7564   0.7564   0.0194   0.0000  -0.1389  -0.3279    0.434
    15  16.4945   3.0000   3.5796   2.1281   0.0589   0.7093   0.7093   0.0221   0.0000  -0.1363  -0.3137    0.442
    16  17.6041   3.0000   3.0573   1.9352   0.0741   0.6447   0.6447   0.0246   0.0000  -0.1318  -0.2930    0.454
    17  18.5264   3.0000   2.4597   1.6736   0.0939   0.5573   0.5573   0.0261   0.0000  -0.1233  -0.2628    0.471
    18  19.2388   3.0000   1.8015   1.3253   0.1205   0.4411   0.4411   0.0249   0.0000  -0.1075  -0.2179    0.494
    19  19.7237   3.0000   1.0989   0.8740   0.1566   0.2907   0.2907   0.0194   0.0000  -0.0786  -0.1514    0.520
    20  19.9692   3.0000   0.3694   0.3124   0.1977   0.1038   0.1038   0.0078   0.0000  -0.0307  -0.0567    0.545

  Surface # 2     FrontWing (YDUP)                        
     # Chordwise = 12   # Spanwise = 20     First strip = 21
     Surface area =   60.000000       Ave. chord =    3.000000
     CLsurf  =   0.39292     Clsurf  =   0.09062
     CYsurf  =  -0.00000     Cmsurf  =   0.16031
     CDsurf  =   0.00724     Cnsurf  =   0.00294
     CDisurf =   0.00724     CDvsurf =   0.00000

  Forces referred to Ssurf, Cave about hinge axis thru LE
     CLsurf  =   0.78584     CDsurf  =   0.01448
     Deflect =

 Strip Forces referred to Strip Area, Chord
    j      Yle    Chord     Area     c cl      ai      cl_norm  cl       cd       cdv    cm_c/4    cm_LE  C.P.x/c
    21  -0.0308   3.0000   0.3693   2.6308   0.0710   0.8778   0.8778   0.0088   0.0000  -0.1433   0.3625    0.413
    22  -0.2763   3.0000   1.0990   2.6307   0.0707   0.8778   0.8778   0.0088   0.0000  -0.1433   0.3625    0.413
    23  -0.7612   3.0000   1.8015   2.6302   0.0725   0.8777   0.8777   0.0088   0.0000  -0.1433   0.3625    0.413
    24  -1.4736   3.0000   2.4597   2.6287   0.0974   0.8771   0.8771   0.0089   0.0000  -0.1432   0.3623    0.413
    25  -2.3959   3.0000   3.0573   2.6253   0.0752   0.8760   0.8760   0.0090   0.0000  -0.1432   0.3620    0.413
    26  -3.5055   3.0000   3.5796   2.6189   0.0608   0.8739   0.8739   0.0092   0.0000  -0.1431   0.3614    0.414
    27  -4.7750   3.0000   4.0138   2.6085   0.2214   0.8704   0.8704   0.0096   0.0000  -0.1430   0.3604    0.414
    28  -6.1732   3.0000   4.3492   2.5926  -0.2091   0.8650   0.8650   0.0101   0.0000  -0.1428   0.3589    0.415
    29  -7.6655   3.0000   4.5775   2.5708  -0.0096   0.8577   0.8577   0.0109   0.0000  -0.1426   0.3568    0.416
    30  -9.2154   3.0000   4.6930   2.5410   0.0115   0.8477   0.8477   0.0119   0.0000  -0.1423   0.3540    0.418
    31 -10.7846   3.0000   4.6930   2.5006   0.0218   0.8341   0.8341   0.0132   0.0000  -0.1419   0.3503    0.420
    32 -12.3345   3.0000   4.5775   2.4459   0.0298   0.8158   0.8158   0.0149   0.0000  -0.1413   0.3451    0.423
    33 -13.8268   3.0000   4.3492   2.3712   0.0379   0.7907   0.7907   0.0169   0.0000  -0.1404   0.3380    0.427
    34 -15.2250   3.0000   4.0138   2.2689   0.0472   0.7564   0.7564   0.0194   0.0000  -0.1389   0.3279    0.434
    35 -16.4945   3.0000   3.5796   2.1281   0.0589   0.7093   0.7093   0.0221   0.0000  -0.1363   0.3137    0.442
    36 -17.6041   3.0000   3.0573   1.9352   0.0741   0.6447   0.6447   0.0246   0.0000  -0.1318   0.2930    0.454
    37 -18.5264   3.0000   2.4597   1.6736   0.0939   0.5573   0.5573   0.0261   0.0000  -0.1233   0.2628    0.471
    38 -19.2388   3.0000   1.8015   1.3253   0.1205   0.4411   0.4411   0.0249   0.0000  -0.1075   0.2179    0.494
    39 -19.7237   3.0000   1.0989   0.8740   0.1566   0.2907   0.2907   0.0194   0.0000  -0.0786   0.1514    0.520
    40 -19.9692   3.0000   0.3694   0.3124   0.1977   0.1038   0.1038   0.0078   0.0000  -0.0307   0.0567    0.545

  Surface # 3     Second Wing2                            
     # Chordwise = 12   # Spanwise = 24     First strip = 41
     Surface area =   12.000000       Ave. chord =    2.000000
     CLsurf  =   0.05707     Clsurf  =  -0.00383
     CYsurf  =   0.00000     Cmsurf  =  -0.16029
     CDsurf  =   0.00397     Cnsurf  =   0.00007
     CDisurf =   0.00397     CDvsurf =   0.00000

  Forces referred to Ssurf, Cave about hinge axis thru LE
     CLsurf  =   0.57074     CDsurf  =   0.03970
     Deflect =

 Strip Forces referred to Strip Area, Chord
    j      Yle    Chord     Area     c cl      ai      cl_norm  cl       cd       cdv    cm_c/4    cm_LE  C.P.x/c
    41   0.0064   2.0000   0.0513   1.3386   0.0713   0.6680   0.6680   0.0412   0.0000  -0.1249  -0.2923    0.437
    42   0.0576   2.0000   0.1531   1.3386   0.0714   0.6680   0.6680   0.0412   0.0000  -0.1249  -0.2923    0.437
    43   0.1592   2.0000   0.2523   1.3384   0.0712   0.6679   0.6679   0.0412   0.0000  -0.1249  -0.2922    0.437
    44   0.3094   2.0000   0.3471   1.3379   0.0715   0.6677   0.6677   0.0412   0.0000  -0.1249  -0.2922    0.437
    45   0.5056   2.0000   0.4360   1.3367   0.0692   0.6671   0.6671   0.0413   0.0000  -0.1249  -0.2920    0.437
    46   0.7445   2.0000   0.5175   1.3345   0.0718   0.6660   0.6660   0.0413   0.0000  -0.1249  -0.2917    0.438
    47   1.0220   2.0000   0.5901   1.3308   0.0739   0.6641   0.6641   0.0413   0.0000  -0.1248  -0.2912    0.438
    48   1.3333   2.0000   0.6526   1.3251   0.0726   0.6613   0.6613   0.0414   0.0000  -0.1247  -0.2904    0.439
    49   1.6731   2.0000   0.7039   1.3170   0.0747   0.6572   0.6572   0.0415   0.0000  -0.1246  -0.2892    0.440
    50   2.0357   2.0000   0.7432   1.3057   0.0731   0.6515   0.6515   0.0416   0.0000  -0.1244  -0.2876    0.441
    51   2.4147   2.0000   0.7698   1.2905   0.0771   0.6439   0.6439   0.0418   0.0000  -0.1241  -0.2854    0.443
    52   2.8038   2.0000   0.7832   1.2703   0.0828   0.6338   0.6338   0.0420   0.0000  -0.1237  -0.2825    0.445
    53   3.1962   2.0000   0.7832   1.2432   0.0797   0.6202   0.6202   0.0421   0.0000  -0.1231  -0.2785    0.448
    54   3.5853   2.0000   0.7698   1.2046   0.0813   0.6009   0.6009   0.0422   0.0000  -0.1219  -0.2725    0.453
    55   3.9643   2.0000   0.7432   1.1481   0.0563   0.5726   0.5726   0.0419   0.0000  -0.1197  -0.2633    0.459
    56   4.3269   2.0000   0.7039   1.0807   0.1057   0.5389   0.5389   0.0412   0.0000  -0.1169  -0.2520    0.467
    57   4.6667   2.0000   0.6526   1.0109   0.1103   0.5040   0.5040   0.0404   0.0000  -0.1137  -0.2401    0.476
    58   4.9780   2.0000   0.5901   0.9320   0.1196   0.4646   0.4646   0.0391   0.0000  -0.1095  -0.2260    0.486
    59   5.2555   2.0000   0.5175   0.8391   0.1340   0.4181   0.4181   0.0370   0.0000  -0.1032  -0.2081    0.497
    60   5.4944   2.0000   0.4360   0.7289   0.1041   0.3631   0.3631   0.0337   0.0000  -0.0940  -0.1852    0.509
    61   5.6906   2.0000   0.3471   0.5989   0.1501   0.2983   0.2983   0.0291   0.0000  -0.0809  -0.1557    0.521
    62   5.8408   2.0000   0.2523   0.4479   0.1665   0.2230   0.2230   0.0227   0.0000  -0.0629  -0.1189    0.532
    63   5.9424   2.0000   0.1531   0.2779   0.1787   0.1383   0.1383   0.0146   0.0000  -0.0401  -0.0748    0.540
    64   5.9936   2.0000   0.0513   0.0943   0.1857   0.0469   0.0469   0.0051   0.0000  -0.0138  -0.0256    0.544

  Surface # 4     Second Wing2 (YDUP)                     
     # Chordwise = 12   # Spanwise = 24     First strip = 65
     Surface area =   12.000000       Ave. chord =    2.000000
     CLsurf  =   0.05707     Clsurf  =   0.00383
     CYsurf  =  -0.00000     Cmsurf  =  -0.16029
     CDsurf  =   0.00397     Cnsurf  =  -0.00007
     CDisurf =   0.00397     CDvsurf =   0.00000

  Forces referred to Ssurf, Cave about hinge axis thru LE
     CLsurf  =   0.57074     CDsurf  =   0.03970
     Deflect =

 Strip Forces referred to Strip Area, Chord
    j      Yle    Chord     Area     c cl      ai      cl_norm  cl       cd       cdv    cm_c/4    cm_LE  C.P.x/c
    65  -0.0064   2.0000   0.0513   1.3386   0.0713   0.6680   0.6680   0.0412   0.0000  -0.1249   0.2923    0.437
    66  -0.0576   2.0000   0.1531   1.3386   0.0714   0.6680   0.6680   0.0412   0.0000  -0.1249   0.2923    0.437
    67  -0.1592   2.0000   0.2523   1.3384   0.0712   0.6679   0.6679   0.0412   0.0000  -0.1249   0.2922    0.437
    68  -0.3094   2.0000   0.3471   1.3379   0.0715   0.6677   0.6677   0.0412   0.0000  -0.1249   0.2922    0.437
    69  -0.5056   2.0000   0.4360   1.3367   0.0692   0.6671   0.6671   0.0413   0.0000  -0.1249   0.2920    0.437
    70  -0.7445   2.0000   0.5175   1.3345   0.0718   0.6660   0.6660   0.0413   0.0000  -0.1249   0.2917    0.438
    71  -1.0220   2.0000   0.5901   1.3308   0.0739   0.6641   0.6641   0.0413   0.0000  -0.1248   0.2912    0.438
    72  -1.3333   2.0000   0.6526   1.3251   0.0726   0.6613   0.6613   0.0414   0.0000  -0.1247   0.2904    0.439
    73  -1.6731   2.0000   0.7039   1.3170   0.0747   0.6572   0.6572   0.0415   0.0000  -0.1246   0.2892    0.440
    74  -2.0357   2.0000   0.7432   1.3057   0.0731   0.6515   0.6515   0.0416   0.0000  -0.1244   0.2876    0.441
    75  -2.4147   2.0000   0.7698   1.2905   0.0771   0.6439   0.6439   0.0418   0.0000  -0.1241   0.2854    0.443
    76  -2.8038   2.0000   0.7832   1.2703   0.0828   0.6338   0.6338   0.0420   0.0000  -0.1237   0.2825    0.445
    77  -3.1962   2.0000   0.7832   1.2432   0.0797   0.6202   0.6202   0.0421   0.0000  -0.1231   0.2785    0.448
    78  -3.5853   2.0000   0.7698   1.2046   0.0813   0.6009   0.6009   0.0422   0.0000  -0.1219   0.2725    0.453
    79  -3.9643   2.0000   0.7432   1.1481   0.0563   0.5726   0.5726   0.0419   0.0000  -0.1197   0.2633    0.459
    80  -4.3269   2.0000   0.7039   1.0807   0.1057   0.5389   0.5389   0.0412   0.0000  -0.1169   0.2520    0.467
    81  -4.6667   2.0000   0.6526   1.0109   0.1103   0.5040   0.5040   0.0404   0.0000  -0.1137   0.2401    0.476
    82  -4.9780   2.0000   0.5901   0.9320   0.1196   0.4646   0.4646   0.0391   0.0000  -0.1095   0.2260    0.486
    83  -5.2555   2.0000   0.5175   0.8391   0.1340   0.4181   0.4181   0.0370   0.0000  -0.1032   0.2081    0.497
    84  -5.4944   2.0000   0.4360   0.7289   0.1041   0.3631   0.3631   0.0337   0.0000  -0.0940   0.1852    0.509
    85  -5.6906   2.0000   0.3471   0.5989   0.1501   0.2983   0.2983   0.0291   0.0000  -0.0809   0.1557    0.521
    86  -5.8408   2.0000   0.2523   0.4479   0.1665   0.2230   0.2230   0.0227   0.0000  -0.0629   0.1189    0.532
    87  -5.9424   2.0000   0.1531   0.2779   0.1787   0.1383   0.1383   0.0146   0.0000  -0.0401   0.0748    0.540
    88  -5.9936   2.0000   0.0513   0.0943   0.1857   0.0469   0.0469   0.0051   0.0000  -0.0138   0.0256    0.544

  Surface # 5     Fin                                     
     # Chordwise = 12   # Spanwise = 12     First strip = 89
     Surface area =    4.000000       Ave. chord =    1.600000
     CLsurf  =   0.00000     Clsurf  =  -0.00005
     CYsurf  =  -0.00177     Cmsurf  =  -0.00002
     CDsurf  =  -0.00001     Cnsurf  =   0.00037
     CDisurf =  -0.00001     CDvsurf =   0.00000

  Forces referred to Ssurf, Cave about hinge axis thru LE
     CLsurf  =   0.05319     CDsurf  =  -0.00040
     Deflect =

 Strip Forces referred to Strip Area, Chord
    j      Yle    Chord     Area     c cl      ai      cl_norm  cl       cd       cdv    cm_c/4    cm_LE  C.P.x/c
    89   4.0000   1.9966   0.0850   0.0092  -0.0067   0.0050   0.0046   0.0000   0.0000  -0.0004  -0.0015    0.337
    90   4.0000   1.9696   0.2459   0.0307  -0.0291   0.0170   0.0156  -0.0000   0.0000  -0.0013  -0.0051    0.332
    91   4.0000   1.9173   0.3809   0.0580  -0.0306   0.0330   0.0302  -0.0001   0.0000  -0.0022  -0.0096    0.322
    92   4.0000   1.8435   0.4773   0.0857  -0.0235   0.0507   0.0465  -0.0002   0.0000  -0.0028  -0.0142    0.310
    93   4.0000   1.7531   0.5285   0.1053  -0.0201   0.0655   0.0601  -0.0003   0.0000  -0.0028  -0.0176    0.296
    94   4.0000   1.6522   0.5345   0.1134  -0.0191   0.0748   0.0686  -0.0005   0.0000  -0.0023  -0.0193    0.284
    95   4.0000   1.5478   0.5007   0.1111  -0.0184   0.0783   0.0718  -0.0006   0.0000  -0.0015  -0.0194    0.271
    96   4.0000   1.4469   0.4362   0.1007  -0.0175   0.0759   0.0696  -0.0007   0.0000  -0.0006  -0.0180    0.259
    97   4.0000   1.3565   0.3512   0.0845  -0.0162   0.0679   0.0623  -0.0006   0.0000   0.0004  -0.0153    0.244
    98   4.0000   1.2827   0.2548   0.0638  -0.0149   0.0542   0.0497  -0.0005   0.0000   0.0012  -0.0114    0.227
    99   4.0000   1.2304   0.1537   0.0398  -0.0137   0.0353   0.0323  -0.0003   0.0000   0.0013  -0.0068    0.208
   100   4.0000   1.2034   0.0513   0.0135  -0.0128   0.0123   0.0113  -0.0001   0.0000   0.0006  -0.0022    0.195

  Surface # 6     Fin (YDUP)                              
     # Chordwise = 12   # Spanwise = 12     First strip =101
     Surface area =    4.000000       Ave. chord =    1.600000
     CLsurf  =   0.00000     Clsurf  =   0.00005
     CYsurf  =   0.00177     Cmsurf  =  -0.00002
     CDsurf  =  -0.00001     Cnsurf  =  -0.00037
     CDisurf =  -0.00001     CDvsurf =   0.00000

  Forces referred to Ssurf, Cave about hinge axis thru LE
     CLsurf  =   0.05319     CDsurf  =  -0.00040
     Deflect =

 Strip Forces referred to Strip Area, Chord
    j      Yle    Chord     Area     c cl      ai      cl_norm  cl       cd       cdv    cm_c/4    cm_LE  C.P.x/c
   101  -4.0000   1.9966   0.0850   0.0092  -0.0067   0.0050   0.0046   0.0000   0.0000  -0.0004   0.0015    0.337
   102  -4.0000   1.9696   0.2459   0.0307  -0.0291   0.0170   0.0156  -0.0000   0.0000  -0.0013   0.0051    0.332
   103  -4.0000   1.9173   0.3809   0.0580  -0.0306   0.0330   0.0302  -0.0001   0.0000  -0.0022   0.0096    0.322
   104  -4.0000   1.8435   0.4773   0.0857  -0.0235   0.0507   0.0465  -0.0002   0.0000  -0.0028   0.0142    0.310
   105  -4.0000   1.7531   0.5285   0.1053  -0.0201   0.0655   0.0601  -0.0003   0.0000  -0.0028   0.0176    0.296
   106  -4.0000   1.6522   0.5345   0.1134  -0.0191   0.0748   0.0686  -0.0005   0.0000  -0.0023   0.0193    0.284
   107  -4.0000   1.5478   0.5007   0.1111  -0.0184   0.0783   0.0718  -0.0006   0.0000  -0.0015   0.0194    0.271
   108  -4.0000   1.4469   0.4362   0.1007  -0.0175   0.0759   0.0696  -0.0007   0.0000  -0.0006   0.0180    0.259
   109  -4.0000   1.3565   0.3512   0.0845  -0.0162   0.0679   0.0623  -0.0006   0.0000   0.0004   0.0153    0.244
   110  -4.0000   1.2827   0.2548   0.0638  -0.0149   0.0542   0.0497  -0.0005   0.0000   0.0012   0.0114    0.227
   111  -4.0000   1.2304   0.1537   0.0398  -0.0137   0.0353   0.0323  -0.0003   0.0000   0.0013   0.0068    0.208
   112  -4.0000   1.2034   0.0513   0.0135  -0.0128   0.0123   0.0113  -0.0001   0.0000   0.0006   0.0022    0.195
 ---------------------------------------------------------------
