 ---------------------------------------------------------------
 Surface and Strip Forces by surface

  Forces referred to Sref, Cref, Bref about Xref, Yref, Zref
 Standard axis orientation,  X fwd, Z down         

  Surface # 1     FrontWing                               
     # Chordwise = 12   # Spanwise = 20     First strip =  1
     Surface area =   60.000000       Ave. chord =    3.000000
     CLsurf  =   0.43414     Clsurf  =  -0.09998
     CYsurf  =   0.00000     Cmsurf  =   0.18448
     CDsurf  =   0.00877     Cnsurf  =  -0.00461
     CDisurf =   0.00877     CDvsurf =   0.00000

  Forces referred to Ssurf, Cave about hinge axis thru LE
     CLsurf  =   0.86827     CDsurf  =   0.01755
     Deflect =

 Strip Forces referred to Strip Area, Chord
    j      Yle    Chord     Area     c cl      ai      cl_norm  cl       cd       cdv    cm_c/4    cm_LE  C.P.x/c
     1   0.0308   3.0000   0.3693   2.9086   0.0810   0.9713   0.9713   0.0107   0.0000  -0.1430  -0.3854    0.397
     2   0.2763   3.0000   1.0990   2.9085   0.0806   0.9713   0.9713   0.0107   0.0000  -0.1430  -0.3854    0.397
     3   0.7612   3.0000   1.8015   2.9080   0.0827   0.9711   0.9711   0.0107   0.0000  -0.1430  -0.3854    0.397
     4   1.4736   3.0000   2.4597   2.9063   0.1117   0.9705   0.9705   0.0108   0.0000  -0.1430  -0.3852    0.397
     5   2.3959   3.0000   3.0573   2.9024   0.0858   0.9692   0.9692   0.0109   0.0000  -0.1430  -0.3848    0.398
     6   3.5055   3.0000   3.5796   2.8953   0.0689   0.9668   0.9668   0.0112   0.0000  -0.1429  -0.3841    0.398
     7   4.7750   3.0000   4.0138   2.8835   0.2555   0.9629   0.9629   0.0116   0.0000  -0.1427  -0.3830    0.398
     8   6.1732   3.0000   4.3492   2.8656  -0.2418   0.9568   0.9568   0.0123   0.0000  -0.1425  -0.3813    0.399
     9   7.6655   3.0000   4.5775   2.8412  -0.0124   0.9486   0.9486   0.0132   0.0000  -0.1423  -0.3790    0.400
    10   9.2154   3.0000   4.6930   2.8078   0.0118   0.9374   0.9374   0.0144   0.0000  -0.1419  -0.3759    0.401
    11  10.7846   3.0000   4.6930   2.7627   0.0236   0.9221   0.9221   0.0160   0.0000  -0.1415  -0.3717    0.403
    12  12.3345   3.0000   4.5775   2.7015   0.0326   0.9016   0.9016   0.0181   0.0000  -0.1408  -0.3659    0.406
    13  13.8268   3.0000   4.3492   2.6181   0.0416   0.8735   0.8735   0.0206   0.0000  -0.1398  -0.3579    0.410
    14  15.2250   3.0000   4.0138   2.5038   0.0520   0.8351   0.8351   0.0236   0.0000  -0.1381  -0.3468    0.415
    15  16.4945   3.0000   3.5796   2.3465   0.0649   0.7823   0.7823   0.0269   0.0000  -0.1353  -0.3309    0.423
    16  17.6041   3.0000   3.0573   2.1308   0.0814   0.7100   0.7100   0.0298   0.0000  -0.1305  -0.3080    0.434
    17  18.5264   3.0000   2.4597   1.8387   0.1027   0.6122   0.6122   0.0314   0.0000  -0.1216  -0.2749    0.449
    18  19.2388   3.0000   1.8015   1.4515   0.1306   0.4829   0.4829   0.0299   0.0000  -0.1055  -0.2265    0.468
    19  19.7237   3.0000   1.0989   0.9534   0.1677   0.3169   0.3169   0.0231   0.0000  -0.0769  -0.1563    0.493
    20  19.9692   3.0000   0.3694   0.3395   0.2093   0.1128   0.1128   0.0092   0.0000  -0.0299  -0.0582    0.515

  Surface # 2     FrontWing (YDUP)                        
     # Chordwise = 12   # Spanwise = 20     First strip = 21
     Surface area =   60.000000       Ave. chord =    3.000000
     CLsurf  =   0.43414     Clsurf  =   0.09998
     CYsurf  =  -0.00000     Cmsurf  =   0.18448
     CDsurf  =   0.00877     Cnsurf  =   0.00461
     CDisurf =   0.00877     CDvsurf =   0.00000

  Forces referred to Ssurf, Cave about hinge axis thru LE
     CLsurf  =   0.86827     CDsurf  =   0.01755
     Deflect =

 Strip Forces referred to Strip Area, Chord
    j      Yle    Chord     Area     c cl      ai      cl_norm  cl       cd       cdv    cm_c/4    cm_LE  C.P.x/c
    21  -0.0308   3.0000   0.3693   2.9086   0.0810   0.9713   0.9713   0.0107   0.0000  -0.1430   0.3854    0.397
    22  -0.2763   3.0000   1.0990   2.9085   0.0806   0.9713   0.9713   0.0107   0.0000  -0.1430   0.3854    0.397
    23  -0.7612   3.0000   1.8015   2.9080   0.0827   0.9711   0.9711   0.0107   0.0000  -0.1430   0.3854    0.397
    24  -1.4736   3.0000   2.4597   2.9063   0.1117   0.9705   0.9705   0.0108   0.0000  -0.1430   0.3852    0.397
    25  -2.3959   3.0000   3.0573   2.9024   0.0858   0.9692   0.9692   0.0109   0.0000  -0.1430   0.3848    0.398
    26  -3.5055   3.0000   3.5796   2.8953   0.0689   0.9668   0.9668   0.0112   0.0000  -0.1429   0.3841    0.398
    27  -4.7750   3.0000   4.0138   2.8835   0.2555   0.9629   0.9629   0.0116   0.0000  -0.1427   0.3830    0.398
    28  -6.1732   3.0000   4.3492   2.8656  -0.2418   0.9568   0.9568   0.0123   0.0000  -0.1425   0.3813    0.399
    29  -7.6655   3.0000   4.5775   2.8412  -0.0124   0.9486   0.9486   0.0132   0.0000  -0.1423   0.3790    0.400
    30  -9.2154   3.0000   4.6930   2.8078   0.0118   0.9374   0.9374   0.0144   0.0000  -0.1419   0.3759    0.401
    31 -10.7846   3.0000   4.6930   2.7627   0.0236   0.9221   0.9221   0.0160   0.0000  -0.1415   0.3717    0.403
    32 -12.3345   3.0000   4.5775   2.7015   0.0326   0.9016   0.9016   0.0181   0.0000  -0.1408   0.3659    0.406
    33 -13.8268   3.0000   4.3492   2.6181   0.0416   0.8735   0.8735   0.0206   0.0000  -0.1398   0.3579    0.410
    34 -15.2250   3.0000   4.0138   2.5038   0.0520   0.8351   0.8351   0.0236   0.0000  -0.1381   0.3468    0.415
    35 -16.4945   3.0000   3.5796   2.3465   0.0649   0.7823   0.7823   0.0269   0.0000  -0.1353   0.3309    0.423
    36 -17.6041   3.0000   3.0573   2.1308   0.0814   0.7100   0.7100   0.0298   0.0000  -0.1305   0.3080    0.434
    37 -18.5264   3.0000   2.4597   1.8387   0.1027   0.6122   0.6122   0.0314   0.0000  -0.1216   0.2749    0.449
    38 -19.2388   3.0000   1.8015   1.4515   0.1306   0.4829   0.4829   0.0299   0.0000  -0.1055   0.2265    0.468
    39 -19.7237   3.0000   1.0989   0.9534   0.1677   0.3169   0.3169   0.0231   0.0000  -0.0769   0.1563    0.493
    40 -19.9692   3.0000   0.3694   0.3395   0.2093   0.1128   0.1128   0.0092   0.0000  -0.0299   0.0582    0.515

  Surface # 3     Second Wing2                            
     # Chordwise = 12   # Spanwise = 24     First strip = 41
     Surface area =   12.000000       Ave. chord =    2.000000
     CLsurf  =   0.06586     Clsurf  =  -0.00442
     CYsurf  =  -0.00000     Cmsurf  =  -0.18446
     CDsurf  =   0.00517     Cnsurf  =   0.00005
     CDisurf =   0.00517     CDvsurf =   0.00000

  Forces referred to Ssurf, Cave about hinge axis thru LE
     CLsurf  =   0.65856     CDsurf  =   0.05170
     Deflect =

 Strip Forces referred to Strip Area, Chord
    j      Yle    Chord     Area     c cl      ai      cl_norm  cl       cd       cdv    cm_c/4    cm_LE  C.P.x/c
    41   0.0064   2.0000   0.0513   1.5474   0.0814   0.7718   0.7718   0.0537   0.0000  -0.1344  -0.3278    0.424
    42   0.0576   2.0000   0.1531   1.5474   0.0814   0.7718   0.7718   0.0537   0.0000  -0.1344  -0.3278    0.424
    43   0.1592   2.0000   0.2523   1.5472   0.0812   0.7717   0.7717   0.0537   0.0000  -0.1344  -0.3278    0.424
    44   0.3094   2.0000   0.3471   1.5466   0.0816   0.7714   0.7714   0.0537   0.0000  -0.1344  -0.3277    0.424
    45   0.5056   2.0000   0.4360   1.5452   0.0790   0.7708   0.7708   0.0537   0.0000  -0.1344  -0.3275    0.424
    46   0.7445   2.0000   0.5175   1.5427   0.0819   0.7695   0.7695   0.0538   0.0000  -0.1343  -0.3272    0.425
    47   1.0220   2.0000   0.5901   1.5384   0.0843   0.7673   0.7673   0.0538   0.0000  -0.1343  -0.3266    0.425
    48   1.3333   2.0000   0.6526   1.5318   0.0829   0.7640   0.7640   0.0539   0.0000  -0.1342  -0.3256    0.426
    49   1.6731   2.0000   0.7039   1.5223   0.0853   0.7592   0.7592   0.0541   0.0000  -0.1340  -0.3243    0.427
    50   2.0357   2.0000   0.7432   1.5092   0.0835   0.7527   0.7527   0.0542   0.0000  -0.1338  -0.3224    0.428
    51   2.4147   2.0000   0.7698   1.4916   0.0880   0.7438   0.7438   0.0545   0.0000  -0.1335  -0.3199    0.429
    52   2.8038   2.0000   0.7832   1.4682   0.0946   0.7320   0.7320   0.0547   0.0000  -0.1330  -0.3165    0.432
    53   3.1962   2.0000   0.7832   1.4365   0.0911   0.7162   0.7162   0.0549   0.0000  -0.1323  -0.3118    0.435
    54   3.5853   2.0000   0.7698   1.3916   0.0929   0.6936   0.6936   0.0550   0.0000  -0.1309  -0.3049    0.439
    55   3.9643   2.0000   0.7432   1.3254   0.0635   0.6605   0.6605   0.0546   0.0000  -0.1284  -0.2941    0.444
    56   4.3269   2.0000   0.7039   1.2465   0.1211   0.6210   0.6210   0.0537   0.0000  -0.1252  -0.2810    0.452
    57   4.6667   2.0000   0.6526   1.1652   0.1262   0.5803   0.5803   0.0527   0.0000  -0.1216  -0.2673    0.460
    58   4.9780   2.0000   0.5901   1.0734   0.1365   0.5344   0.5344   0.0509   0.0000  -0.1169  -0.2511    0.469
    59   5.2555   2.0000   0.5175   0.9654   0.1527   0.4805   0.4805   0.0481   0.0000  -0.1101  -0.2308    0.479
    60   5.4944   2.0000   0.4360   0.8376   0.1188   0.4167   0.4167   0.0439   0.0000  -0.1001  -0.2048    0.490
    61   5.6906   2.0000   0.3471   0.6872   0.1702   0.3418   0.3418   0.0377   0.0000  -0.0860  -0.1719    0.502
    62   5.8408   2.0000   0.2523   0.5134   0.1883   0.2552   0.2552   0.0294   0.0000  -0.0668  -0.1309    0.512
    63   5.9424   2.0000   0.1531   0.3182   0.2017   0.1581   0.1581   0.0189   0.0000  -0.0425  -0.0823    0.519
    64   5.9936   2.0000   0.0513   0.1079   0.2094   0.0536   0.0536   0.0066   0.0000  -0.0146  -0.0281    0.523

  Surface # 4     Second Wing2 (YDUP)                     
     # Chordwise = 12   # Spanwise = 24     First strip = 65
     Surface area =   12.000000       Ave. chord =    2.000000
     CLsurf  =   0.06586     Clsurf  =   0.00442
     CYsurf  =  -0.00000     Cmsurf  =  -0.18446
     CDsurf  =   0.00517     Cnsurf  =  -0.00005
     CDisurf =   0.00517     CDvsurf =   0.00000

  Forces referred to Ssurf, Cave about hinge axis thru LE
     CLsurf  =   0.65856     CDsurf  =   0.05170
     Deflect =

 Strip Forces referred to Strip Area, Chord
    j      Yle    Chord     Area     c cl      ai      cl_norm  cl       cd       cdv    cm_c/4    cm_LE  C.P.x/c
    65  -0.0064   2.0000   0.0513   1.5474   0.0814   0.7718   0.7718   0.0537   0.0000  -0.1344   0.3278    0.424
    66  -0.0576   2.0000   0.1531   1.5474   0.0814   0.7718   0.7718   0.0537   0.0000  -0.1344   0.3278    0.424
    67  -0.1592   2.0000   0.2523   1.5472   0.0812   0.7717   0.7717   0.0537   0.0000  -0.1344   0.3278    0.424
    68  -0.3094   2.0000   0.3471   1.5466   0.0816   0.7714   0.7714   0.0537   0.0000  -0.1344   0.3277    0.424
    69  -0.5056   2.0000   0.4360   1.5452   0.0790   0.7708   0.7708   0.0537   0.0000  -0.1344   0.3275    0.424
    70  -0.7445   2.0000   0.5175   1.5427   0.0819   0.7695   0.7695   0.0538   0.0000  -0.1343   0.3272    0.425
    71  -1.0220   2.0000   0.5901   1.5384   0.0843   0.7673   0.7673   0.0538   0.0000  -0.1343   0.3266    0.425
    72  -1.3333   2.0000   0.6526   1.5318   0.0829   0.7640   0.7640   0.0539   0.0000  -0.1342   0.3256    0.426
    73  -1.6731   2.0000   0.7039   1.5223   0.0853   0.7592   0.7592   0.0541   0.0000  -0.1340   0.3243    0.427
    74  -2.0357   2.0000   0.7432   1.5092   0.0835   0.7527   0.7527   0.0542   0.0000  -0.1338   0.3224    0.428
    75  -2.4147   2.0000   0.7698   1.4916   0.0880   0.7438   0.7438   0.0545   0.0000  -0.1335   0.3199    0.429
    76  -2.8038   2.0000   0.7832   1.4682   0.0946   0.7320   0.7320   0.0547   0.0000  -0.1330   0.3165    0.432
    77  -3.1962   2.0000   0.7832   1.4365   0.0911   0.7162   0.7162   0.0549   0.0000  -0.1323   0.3118    0.435
    78  -3.5853   2.0000   0.7698   1.3916   0.0929   0.6936   0.6936   0.0550   0.0000  -0.1309   0.3049    0.439
    79  -3.9643   2.0000   0.7432   1.3254   0.0635   0.6605   0.6605   0.0546   0.0000  -0.1284   0.2941    0.444
    80  -4.3269   2.0000   0.7039   1.2465   0.1211   0.6210   0.6210   0.0537   0.0000  -0.1252   0.2810    0.452
    81  -4.6667   2.0000   0.6526   1.1652   0.1262   0.5803   0.5803   0.0527   0.0000  -0.1216   0.2673    0.460
    82  -4.9780   2.0000   0.5901   1.0734   0.1365   0.5344   0.5344   0.0509   0.0000  -0.1169   0.2511    0.469
    83  -5.2555   2.0000   0.5175   0.9654   0.1527   0.4805   0.4805   0.0481   0.0000  -0.1101   0.2308    0.479
    84  -5.4944   2.0000   0.4360   0.8376   0.1188   0.4167   0.4167   0.0439   0.0000  -0.1001   0.2048    0.490
    85  -5.6906   2.0000   0.3471   0.6872   0.1702   0.3418   0.3418   0.0377   0.0000  -0.0860   0.1719    0.502
    86  -5.8408   2.0000   0.2523   0.5134   0.1883   0.2552   0.2552   0.0294   0.0000  -0.0668   0.1309    0.512
    87  -5.9424   2.0000   0.1531   0.3182   0.2017   0.1581   0.1581   0.0189   0.0000  -0.0425   0.0823    0.519
    88  -5.9936   2.0000   0.0513   0.1079   0.2094   0.0536   0.0536   0.0066   0.0000  -0.0146   0.0281    0.523

  Surface # 5     Fin                                     
     # Chordwise = 12   # Spanwise = 12     First strip = 89
     Surface area =    4.000000       Ave. chord =    1.600000
     CLsurf  =   0.00001     Clsurf  =  -0.00006
     CYsurf  =  -0.00208     Cmsurf  =  -0.00002
     CDsurf  =  -0.00002     Cnsurf  =   0.00043
     CDisurf =  -0.00002     CDvsurf =   0.00000

  Forces referred to Ssurf, Cave about hinge axis thru LE
     CLsurf  =   0.06227     CDsurf  =  -0.00054
     Deflect =

 Strip Forces referred to Strip Area, Chord
    j      Yle    Chord     Area     c cl      ai      cl_norm  cl       cd       cdv    cm_c/4    cm_LE  C.P.x/c
    89   4.0000   1.9966   0.0850   0.0107  -0.0077   0.0059   0.0054   0.0000   0.0000  -0.0005  -0.0018    0.337
    90   4.0000   1.9696   0.2459   0.0358  -0.0337   0.0200   0.0182  -0.0000   0.0000  -0.0015  -0.0060    0.332
    91   4.0000   1.9173   0.3809   0.0679  -0.0355   0.0390   0.0354  -0.0001   0.0000  -0.0025  -0.0113    0.321
    92   4.0000   1.8435   0.4773   0.1006  -0.0272   0.0601   0.0546  -0.0002   0.0000  -0.0032  -0.0168    0.309
    93   4.0000   1.7531   0.5285   0.1235  -0.0232   0.0776   0.0705  -0.0005   0.0000  -0.0032  -0.0209    0.295
    94   4.0000   1.6522   0.5345   0.1329  -0.0220   0.0886   0.0804  -0.0007   0.0000  -0.0026  -0.0229    0.283
    95   4.0000   1.5478   0.5007   0.1300  -0.0212   0.0925   0.0840  -0.0009   0.0000  -0.0017  -0.0229    0.271
    96   4.0000   1.4469   0.4362   0.1178  -0.0201   0.0896   0.0814  -0.0009   0.0000  -0.0007  -0.0213    0.258
    97   4.0000   1.3565   0.3512   0.0986  -0.0187   0.0801   0.0727  -0.0009   0.0000   0.0005  -0.0180    0.244
    98   4.0000   1.2827   0.2548   0.0744  -0.0171   0.0639   0.0580  -0.0007   0.0000   0.0014  -0.0135    0.226
    99   4.0000   1.2304   0.1537   0.0464  -0.0157   0.0415   0.0377  -0.0004   0.0000   0.0016  -0.0081    0.208
   100   4.0000   1.2034   0.0513   0.0158  -0.0147   0.0144   0.0131  -0.0002   0.0000   0.0007  -0.0027    0.194

  Surface # 6     Fin (YDUP)                              
     # Chordwise = 12   # Spanwise = 12     First strip =101
     Surface area =    4.000000       Ave. chord =    1.600000
     CLsurf  =   0.00001     Clsurf  =   0.00006
     CYsurf  =   0.00208     Cmsurf  =  -0.00002
     CDsurf  =  -0.00002     Cnsurf  =  -0.00043
     CDisurf =  -0.00002     CDvsurf =   0.00000

  Forces referred to Ssurf, Cave about hinge axis thru LE
     CLsurf  =   0.06227     CDsurf  =  -0.00054
     Deflect =

 Strip Forces referred to Strip Area, Chord
    j      Yle    Chord     Area     c cl      ai      cl_norm  cl       cd       cdv    cm_c/4    cm_LE  C.P.x/c
   101  -4.0000   1.9966   0.0850   0.0107  -0.0077   0.0059   0.0054   0.0000   0.0000  -0.0005   0.0018    0.337
   102  -4.0000   1.9696   0.2459   0.0358  -0.0337   0.0200   0.0182  -0.0000   0.0000  -0.0015   0.0060    0.332
   103  -4.0000   1.9173   0.3809   0.0679  -0.0355   0.0390   0.0354  -0.0001   0.0000  -0.0025   0.0113    0.321
   104  -4.0000   1.8435   0.4773   0.1006  -0.0272   0.0601   0.0546  -0.0002   0.0000  -0.0032   0.0168    0.309
   105  -4.0000   1.7531   0.5285   0.1235  -0.0232   0.0776   0.0705  -0.0005   0.0000  -0.0032   0.0209    0.295
   106  -4.0000   1.6522   0.5345   0.1329  -0.0220   0.0886   0.0804  -0.0007   0.0000  -0.0026   0.0229    0.283
   107  -4.0000   1.5478   0.5007   0.1300  -0.0212   0.0925   0.0840  -0.0009   0.0000  -0.0017   0.0229    0.271
   108  -4.0000   1.4469   0.4362   0.1178  -0.0201   0.0896   0.0814  -0.0009   0.0000  -0.0007   0.0213    0.258
   109  -4.0000   1.3565   0.3512   0.0986  -0.0187   0.0801   0.0727  -0.0009   0.0000   0.0005   0.0180    0.244
   110  -4.0000   1.2827   0.2548   0.0744  -0.0171   0.0639   0.0580  -0.0007   0.0000   0.0014   0.0135    0.226
   111  -4.0000   1.2304   0.1537   0.0464  -0.0157   0.0415   0.0377  -0.0004   0.0000   0.0016   0.0081    0.208
   112  -4.0000   1.2034   0.0513   0.0158  -0.0147   0.0144   0.0131  -0.0002   0.0000   0.0007   0.0027    0.194
 ---------------------------------------------------------------
