 ---------------------------------------------------------------
 Surface and Strip Forces by surface

  Forces referred to Sref, Cref, Bref about Xref, Yref, Zref
 Standard axis orientation,  X fwd, Z down         

  Surface # 1     FrontWing                               
     # Chordwise = 12   # Spanwise = 20     First strip =  1
     Surface area =   60.000000       Ave. chord =    3.000000
     CLsurf  =   0.76529     Clsurf  =  -0.17337
     CYsurf  =  -0.00000     Cmsurf  =   0.37552
     CDsurf  =   0.02634     Cnsurf  =  -0.02780
     CDisurf =   0.02634     CDvsurf =   0.00000

  Forces referred to Ssurf, Cave about hinge axis thru LE
     CLsurf  =   1.53058     CDsurf  =   0.05267
     Deflect =

 Strip Forces referred to Strip Area, Chord
    j      Yle    Chord     Area     c cl      ai      cl_norm  cl       cd       cdv    cm_c/4    cm_LE  C.P.x/c
     1   0.0308   3.0000   0.3693   5.0890   0.1622   1.7256   1.7256   0.0321   0.0000  -0.1384  -0.5625    0.330
     2   0.2763   3.0000   1.0990   5.0889   0.1615   1.7255   1.7255   0.0321   0.0000  -0.1384  -0.5625    0.330
     3   0.7612   3.0000   1.8015   5.0879   0.1659   1.7252   1.7252   0.0322   0.0000  -0.1384  -0.5624    0.330
     4   1.4736   3.0000   2.4597   5.0847   0.2281   1.7241   1.7241   0.0324   0.0000  -0.1384  -0.5621    0.330
     5   2.3959   3.0000   3.0573   5.0774   0.1722   1.7215   1.7215   0.0328   0.0000  -0.1383  -0.5614    0.330
     6   3.5055   3.0000   3.5796   5.0638   0.1348   1.7167   1.7167   0.0337   0.0000  -0.1381  -0.5601    0.330
     7   4.7750   3.0000   4.0138   5.0417   0.5329   1.7089   1.7089   0.0351   0.0000  -0.1378  -0.5579    0.331
     8   6.1732   3.0000   4.3492   5.0081  -0.5073   1.6970   1.6970   0.0372   0.0000  -0.1374  -0.5547    0.331
     9   7.6655   3.0000   4.5775   4.9628  -0.0355   1.6810   1.6810   0.0400   0.0000  -0.1369  -0.5505    0.331
    10   9.2154   3.0000   4.6930   4.9014   0.0143   1.6593   1.6593   0.0439   0.0000  -0.1363  -0.5447    0.332
    11  10.7846   3.0000   4.6930   4.8187   0.0378   1.6301   1.6301   0.0488   0.0000  -0.1354  -0.5370    0.333
    12  12.3345   3.0000   4.5775   4.7071   0.0552   1.5908   1.5908   0.0551   0.0000  -0.1342  -0.5264    0.334
    13  13.8268   3.0000   4.3492   4.5551   0.0719   1.5375   1.5375   0.0627   0.0000  -0.1324  -0.5120    0.336
    14  15.2250   3.0000   4.0138   4.3464   0.0908   1.4647   1.4647   0.0715   0.0000  -0.1295  -0.4917    0.338
    15  16.4945   3.0000   3.5796   4.0588   0.1134   1.3648   1.3648   0.0808   0.0000  -0.1249  -0.4631    0.341
    16  17.6041   3.0000   3.0573   3.6644   0.1408   1.2289   1.2289   0.0888   0.0000  -0.1174  -0.4227    0.346
    17  18.5264   3.0000   2.4597   3.1328   0.1736   1.0473   1.0473   0.0919   0.0000  -0.1055  -0.3666    0.351
    18  19.2388   3.0000   1.8015   2.4393   0.2118   0.8126   0.8126   0.0857   0.0000  -0.0877  -0.2910    0.358
    19  19.7237   3.0000   1.0989   1.5741   0.2566   0.5223   0.5223   0.0650   0.0000  -0.0615  -0.1927    0.368
    20  19.9692   3.0000   0.3694   0.5513   0.3025   0.1823   0.1823   0.0257   0.0000  -0.0235  -0.0694    0.379

  Surface # 2     FrontWing (YDUP)                        
     # Chordwise = 12   # Spanwise = 20     First strip = 21
     Surface area =   60.000000       Ave. chord =    3.000000
     CLsurf  =   0.76529     Clsurf  =   0.17337
     CYsurf  =  -0.00000     Cmsurf  =   0.37552
     CDsurf  =   0.02634     Cnsurf  =   0.02780
     CDisurf =   0.02634     CDvsurf =   0.00000

  Forces referred to Ssurf, Cave about hinge axis thru LE
     CLsurf  =   1.53058     CDsurf  =   0.05267
     Deflect =

 Strip Forces referred to Strip Area, Chord
    j      Yle    Chord     Area     c cl      ai      cl_norm  cl       cd       cdv    cm_c/4    cm_LE  C.P.x/c
    21  -0.0308   3.0000   0.3693   5.0890   0.1622   1.7256   1.7256   0.0321   0.0000  -0.1384   0.5625    0.330
    22  -0.2763   3.0000   1.0990   5.0889   0.1615   1.7255   1.7255   0.0321   0.0000  -0.1384   0.5625    0.330
    23  -0.7612   3.0000   1.8015   5.0879   0.1659   1.7252   1.7252   0.0322   0.0000  -0.1384   0.5624    0.330
    24  -1.4736   3.0000   2.4597   5.0847   0.2281   1.7241   1.7241   0.0324   0.0000  -0.1384   0.5621    0.330
    25  -2.3959   3.0000   3.0573   5.0774   0.1722   1.7215   1.7215   0.0328   0.0000  -0.1383   0.5614    0.330
    26  -3.5055   3.0000   3.5796   5.0638   0.1348   1.7167   1.7167   0.0337   0.0000  -0.1381   0.5601    0.330
    27  -4.7750   3.0000   4.0138   5.0417   0.5329   1.7089   1.7089   0.0351   0.0000  -0.1378   0.5579    0.331
    28  -6.1732   3.0000   4.3492   5.0081  -0.5073   1.6970   1.6970   0.0372   0.0000  -0.1374   0.5547    0.331
    29  -7.6655   3.0000   4.5775   4.9628  -0.0355   1.6810   1.6810   0.0400   0.0000  -0.1369   0.5505    0.331
    30  -9.2154   3.0000   4.6930   4.9014   0.0143   1.6593   1.6593   0.0439   0.0000  -0.1363   0.5447    0.332
    31 -10.7846   3.0000   4.6930   4.8187   0.0378   1.6301   1.6301   0.0488   0.0000  -0.1354   0.5370    0.333
    32 -12.3345   3.0000   4.5775   4.7071   0.0552   1.5908   1.5908   0.0551   0.0000  -0.1342   0.5264    0.334
    33 -13.8268   3.0000   4.3492   4.5551   0.0719   1.5375   1.5375   0.0627   0.0000  -0.1324   0.5120    0.336
    34 -15.2250   3.0000   4.0138   4.3464   0.0908   1.4647   1.4647   0.0715   0.0000  -0.1295   0.4917    0.338
    35 -16.4945   3.0000   3.5796   4.0588   0.1134   1.3648   1.3648   0.0808   0.0000  -0.1249   0.4631    0.341
    36 -17.6041   3.0000   3.0573   3.6644   0.1408   1.2289   1.2289   0.0888   0.0000  -0.1174   0.4227    0.346
    37 -18.5264   3.0000   2.4597   3.1328   0.1736   1.0473   1.0473   0.0919   0.0000  -0.1055   0.3666    0.351
    38 -19.2388   3.0000   1.8015   2.4393   0.2118   0.8126   0.8126   0.0857   0.0000  -0.0877   0.2910    0.358
    39 -19.7237   3.0000   1.0989   1.5741   0.2566   0.5223   0.5223   0.0650   0.0000  -0.0615   0.1927    0.368
    40 -19.9692   3.0000   0.3694   0.5513   0.3025   0.1823   0.1823   0.0257   0.0000  -0.0235   0.0694    0.379

  Surface # 3     Second Wing2                            
     # Chordwise = 12   # Spanwise = 24     First strip = 41
     Surface area =   12.000000       Ave. chord =    2.000000
     CLsurf  =   0.13467     Clsurf  =  -0.00907
     CYsurf  =  -0.00000     Cmsurf  =  -0.37541
     CDsurf  =   0.02045     Cnsurf  =  -0.00037
     CDisurf =   0.02045     CDvsurf =   0.00000

  Forces referred to Ssurf, Cave about hinge axis thru LE
     CLsurf  =   1.34670     CDsurf  =   0.20445
     Deflect =

 Strip Forces referred to Strip Area, Chord
    j      Yle    Chord     Area     c cl      ai      cl_norm  cl       cd       cdv    cm_c/4    cm_LE  C.P.x/c
    41   0.0064   2.0000   0.0513   3.1988   0.1632   1.5895   1.5895   0.2116   0.0000  -0.2080  -0.6078    0.381
    42   0.0576   2.0000   0.1531   3.1988   0.1632   1.5895   1.5895   0.2116   0.0000  -0.2080  -0.6078    0.381
    43   0.1592   2.0000   0.2523   3.1984   0.1629   1.5893   1.5893   0.2116   0.0000  -0.2080  -0.6078    0.381
    44   0.3094   2.0000   0.3471   3.1972   0.1635   1.5886   1.5886   0.2117   0.0000  -0.2079  -0.6076    0.381
    45   0.5056   2.0000   0.4360   3.1944   0.1587   1.5872   1.5872   0.2118   0.0000  -0.2079  -0.6072    0.381
    46   0.7445   2.0000   0.5175   3.1891   0.1643   1.5844   1.5844   0.2120   0.0000  -0.2078  -0.6065    0.381
    47   1.0220   2.0000   0.5901   3.1802   0.1689   1.5798   1.5798   0.2124   0.0000  -0.2077  -0.6052    0.381
    48   1.3333   2.0000   0.6526   3.1667   0.1663   1.5728   1.5728   0.2129   0.0000  -0.2075  -0.6033    0.382
    49   1.6731   2.0000   0.7039   3.1471   0.1711   1.5627   1.5627   0.2137   0.0000  -0.2072  -0.6006    0.383
    50   2.0357   2.0000   0.7432   3.1201   0.1680   1.5487   1.5487   0.2147   0.0000  -0.2067  -0.5967    0.383
    51   2.4147   2.0000   0.7698   3.0836   0.1770   1.5298   1.5298   0.2159   0.0000  -0.2061  -0.5916    0.385
    52   2.8038   2.0000   0.7832   3.0349   0.1899   1.5046   1.5046   0.2173   0.0000  -0.2052  -0.5846    0.386
    53   3.1962   2.0000   0.7832   2.9686   0.1835   1.4705   1.4705   0.2186   0.0000  -0.2037  -0.5748    0.389
    54   3.5853   2.0000   0.7698   2.8723   0.1863   1.4212   1.4212   0.2190   0.0000  -0.2009  -0.5600    0.391
    55   3.9643   2.0000   0.7432   2.7265   0.1215   1.3473   1.3473   0.2166   0.0000  -0.1958  -0.5366    0.395
    56   4.3269   2.0000   0.7039   2.5535   0.2464   1.2599   1.2599   0.2122   0.0000  -0.1893  -0.5085    0.400
    57   4.6667   2.0000   0.6526   2.3799   0.2547   1.1722   1.1722   0.2078   0.0000  -0.1826  -0.4801    0.406
    58   4.9780   2.0000   0.5901   2.1863   0.2740   1.0747   1.0747   0.2008   0.0000  -0.1743  -0.4476    0.412
    59   5.2555   2.0000   0.5175   1.9597   0.3040   0.9614   0.9614   0.1895   0.0000  -0.1629  -0.4079    0.419
    60   5.4944   2.0000   0.4360   1.6934   0.2378   0.8290   0.8290   0.1723   0.0000  -0.1471  -0.3587    0.427
    61   5.6906   2.0000   0.3471   1.3833   0.3334   0.6757   0.6757   0.1479   0.0000  -0.1253  -0.2982    0.435
    62   5.8408   2.0000   0.2523   1.0291   0.3650   0.5016   0.5016   0.1154   0.0000  -0.0966  -0.2252    0.443
    63   5.9424   2.0000   0.1531   0.6358   0.3881   0.3092   0.3092   0.0745   0.0000  -0.0611  -0.1406    0.448
    64   5.9936   2.0000   0.0513   0.2153   0.4014   0.1045   0.1045   0.0262   0.0000  -0.0209  -0.0478    0.450

  Surface # 4     Second Wing2 (YDUP)                     
     # Chordwise = 12   # Spanwise = 24     First strip = 65
     Surface area =   12.000000       Ave. chord =    2.000000
     CLsurf  =   0.13467     Clsurf  =   0.00907
     CYsurf  =   0.00000     Cmsurf  =  -0.37541
     CDsurf  =   0.02045     Cnsurf  =   0.00037
     CDisurf =   0.02045     CDvsurf =   0.00000

  Forces referred to Ssurf, Cave about hinge axis thru LE
     CLsurf  =   1.34670     CDsurf  =   0.20445
     Deflect =

 Strip Forces referred to Strip Area, Chord
    j      Yle    Chord     Area     c cl      ai      cl_norm  cl       cd       cdv    cm_c/4    cm_LE  C.P.x/c
    65  -0.0064   2.0000   0.0513   3.1988   0.1632   1.5895   1.5895   0.2116   0.0000  -0.2080   0.6078    0.381
    66  -0.0576   2.0000   0.1531   3.1988   0.1632   1.5895   1.5895   0.2116   0.0000  -0.2080   0.6078    0.381
    67  -0.1592   2.0000   0.2523   3.1984   0.1629   1.5893   1.5893   0.2116   0.0000  -0.2080   0.6078    0.381
    68  -0.3094   2.0000   0.3471   3.1972   0.1635   1.5886   1.5886   0.2117   0.0000  -0.2079   0.6076    0.381
    69  -0.5056   2.0000   0.4360   3.1944   0.1586   1.5872   1.5872   0.2118   0.0000  -0.2079   0.6072    0.381
    70  -0.7445   2.0000   0.5175   3.1891   0.1643   1.5844   1.5844   0.2120   0.0000  -0.2078   0.6065    0.381
    71  -1.0220   2.0000   0.5901   3.1802   0.1689   1.5798   1.5798   0.2124   0.0000  -0.2077   0.6052    0.381
    72  -1.3333   2.0000   0.6526   3.1667   0.1663   1.5728   1.5728   0.2129   0.0000  -0.2075   0.6033    0.382
    73  -1.6731   2.0000   0.7039   3.1471   0.1711   1.5627   1.5627   0.2137   0.0000  -0.2072   0.6006    0.383
    74  -2.0357   2.0000   0.7432   3.1201   0.1680   1.5487   1.5487   0.2147   0.0000  -0.2067   0.5967    0.383
    75  -2.4147   2.0000   0.7698   3.0836   0.1770   1.5298   1.5298   0.2159   0.0000  -0.2061   0.5916    0.385
    76  -2.8038   2.0000   0.7832   3.0349   0.1899   1.5046   1.5046   0.2173   0.0000  -0.2052   0.5846    0.386
    77  -3.1962   2.0000   0.7832   2.9686   0.1835   1.4705   1.4705   0.2186   0.0000  -0.2037   0.5748    0.389
    78  -3.5853   2.0000   0.7698   2.8723   0.1863   1.4212   1.4212   0.2190   0.0000  -0.2009   0.5600    0.391
    79  -3.9643   2.0000   0.7432   2.7265   0.1215   1.3473   1.3473   0.2166   0.0000  -0.1958   0.5366    0.395
    80  -4.3269   2.0000   0.7039   2.5535   0.2464   1.2599   1.2599   0.2122   0.0000  -0.1893   0.5085    0.400
    81  -4.6667   2.0000   0.6526   2.3799   0.2547   1.1722   1.1722   0.2078   0.0000  -0.1826   0.4801    0.406
    82  -4.9780   2.0000   0.5901   2.1863   0.2740   1.0747   1.0747   0.2008   0.0000  -0.1743   0.4476    0.412
    83  -5.2555   2.0000   0.5175   1.9597   0.3040   0.9614   0.9614   0.1895   0.0000  -0.1629   0.4079    0.419
    84  -5.4944   2.0000   0.4360   1.6934   0.2378   0.8290   0.8290   0.1723   0.0000  -0.1471   0.3587    0.427
    85  -5.6906   2.0000   0.3471   1.3833   0.3334   0.6757   0.6757   0.1479   0.0000  -0.1253   0.2982    0.435
    86  -5.8408   2.0000   0.2523   1.0291   0.3650   0.5016   0.5016   0.1154   0.0000  -0.0966   0.2252    0.443
    87  -5.9424   2.0000   0.1531   0.6358   0.3881   0.3092   0.3092   0.0745   0.0000  -0.0611   0.1406    0.448
    88  -5.9936   2.0000   0.0513   0.2153   0.4014   0.1045   0.1045   0.0262   0.0000  -0.0209   0.0478    0.450

  Surface # 5     Fin                                     
     # Chordwise = 12   # Spanwise = 12     First strip = 89
     Surface area =    4.000000       Ave. chord =    1.600000
     CLsurf  =   0.00004     Clsurf  =  -0.00012
     CYsurf  =  -0.00464     Cmsurf  =  -0.00011
     CDsurf  =  -0.00008     Cnsurf  =   0.00096
     CDisurf =  -0.00008     CDvsurf =   0.00000

  Forces referred to Ssurf, Cave about hinge axis thru LE
     CLsurf  =   0.13931     CDsurf  =  -0.00232
     Deflect =

 Strip Forces referred to Strip Area, Chord
    j      Yle    Chord     Area     c cl      ai      cl_norm  cl       cd       cdv    cm_c/4    cm_LE  C.P.x/c
    89   4.0000   1.9966   0.0850   0.0230  -0.0164   0.0140   0.0115   0.0000   0.0000  -0.0010  -0.0041    0.335
    90   4.0000   1.9696   0.2459   0.0779  -0.0716   0.0483   0.0395  -0.0001   0.0000  -0.0031  -0.0140    0.329
    91   4.0000   1.9173   0.3809   0.1517  -0.0752   0.0967   0.0791  -0.0004   0.0000  -0.0053  -0.0270    0.317
    92   4.0000   1.8435   0.4773   0.2283  -0.0571   0.1513   0.1238  -0.0010   0.0000  -0.0067  -0.0405    0.304
    93   4.0000   1.7531   0.5285   0.2806  -0.0485   0.1955   0.1600  -0.0020   0.0000  -0.0066  -0.0505    0.291
    94   4.0000   1.6522   0.5345   0.2998  -0.0455   0.2216   0.1814  -0.0030   0.0000  -0.0053  -0.0554    0.279
    95   4.0000   1.5478   0.5007   0.2907  -0.0438   0.2294   0.1878  -0.0037   0.0000  -0.0033  -0.0555    0.267
    96   4.0000   1.4469   0.4362   0.2613  -0.0415   0.2205   0.1806  -0.0040   0.0000  -0.0010  -0.0515    0.255
    97   4.0000   1.3565   0.3512   0.2175  -0.0385   0.1958   0.1603  -0.0037   0.0000   0.0014  -0.0437    0.241
    98   4.0000   1.2827   0.2548   0.1634  -0.0352   0.1555   0.1274  -0.0030   0.0000   0.0033  -0.0329    0.224
    99   4.0000   1.2304   0.1537   0.1015  -0.0323   0.1008   0.0825  -0.0019   0.0000   0.0036  -0.0199    0.206
   100   4.0000   1.2034   0.0513   0.0345  -0.0303   0.0350   0.0287  -0.0007   0.0000   0.0017  -0.0066    0.192

  Surface # 6     Fin (YDUP)                              
     # Chordwise = 12   # Spanwise = 12     First strip =101
     Surface area =    4.000000       Ave. chord =    1.600000
     CLsurf  =   0.00004     Clsurf  =   0.00012
     CYsurf  =   0.00464     Cmsurf  =  -0.00011
     CDsurf  =  -0.00008     Cnsurf  =  -0.00096
     CDisurf =  -0.00008     CDvsurf =   0.00000

  Forces referred to Ssurf, Cave about hinge axis thru LE
     CLsurf  =   0.13931     CDsurf  =  -0.00232
     Deflect =

 Strip Forces referred to Strip Area, Chord
    j      Yle    Chord     Area     c cl      ai      cl_norm  cl       cd       cdv    cm_c/4    cm_LE  C.P.x/c
   101  -4.0000   1.9966   0.0850   0.0230  -0.0164   0.0140   0.0115   0.0000   0.0000  -0.0010   0.0041    0.335
   102  -4.0000   1.9696   0.2459   0.0779  -0.0716   0.0483   0.0395  -0.0001   0.0000  -0.0031   0.0140    0.329
   103  -4.0000   1.9173   0.3809   0.1517  -0.0752   0.0967   0.0791  -0.0004   0.0000  -0.0053   0.0270    0.317
   104  -4.0000   1.8435   0.4773   0.2283  -0.0571   0.1513   0.1238  -0.0010   0.0000  -0.0067   0.0405    0.304
   105  -4.0000   1.7531   0.5285   0.2806  -0.0485   0.1955   0.1600  -0.0020   0.0000  -0.0066   0.0505    0.291
   106  -4.0000   1.6522   0.5345   0.2998  -0.0455   0.2216   0.1814  -0.0030   0.0000  -0.0053   0.0554    0.279
   107  -4.0000   1.5478   0.5007   0.2907  -0.0438   0.2294   0.1878  -0.0037   0.0000  -0.0033   0.0555    0.267
   108  -4.0000   1.4469   0.4362   0.2613  -0.0415   0.2205   0.1806  -0.0040   0.0000  -0.0010   0.0515    0.255
   109  -4.0000   1.3565   0.3512   0.2175  -0.0385   0.1958   0.1603  -0.0037   0.0000   0.0014   0.0437    0.241
   110  -4.0000   1.2827   0.2548   0.1634  -0.0352   0.1555   0.1274  -0.0030   0.0000   0.0033   0.0329    0.224
   111  -4.0000   1.2304   0.1537   0.1015  -0.0323   0.1008   0.0825  -0.0019   0.0000   0.0036   0.0199    0.206
   112  -4.0000   1.2034   0.0513   0.0345  -0.0303   0.0350   0.0287  -0.0007   0.0000   0.0017   0.0066    0.192
 ---------------------------------------------------------------
