 ---------------------------------------------------------------
 Surface and Strip Forces by surface

  Forces referred to Sref, Cref, Bref about Xref, Yref, Zref
 Standard axis orientation,  X fwd, Z down         

  Surface # 1     FrontWing                               
     # Chordwise = 12   # Spanwise = 20     First strip =  1
     Surface area =   60.000000       Ave. chord =    3.000000
     CLsurf  =   0.59932     Clsurf  =  -0.13707
     CYsurf  =   0.00000     Cmsurf  =   0.28070
     CDsurf  =   0.01639     Cnsurf  =  -0.01397
     CDisurf =   0.01639     CDvsurf =   0.00000

  Forces referred to Ssurf, Cave about hinge axis thru LE
     CLsurf  =   1.19864     CDsurf  =   0.03278
     Deflect =

 Strip Forces referred to Strip Area, Chord
    j      Yle    Chord     Area     c cl      ai      cl_norm  cl       cd       cdv    cm_c/4    cm_LE  C.P.x/c
     1   0.0308   3.0000   0.3693   4.0104   0.1213   1.3467   1.3467   0.0200   0.0000  -0.1414  -0.4756    0.355
     2   0.2763   3.0000   1.0990   4.0103   0.1207   1.3467   1.3467   0.0200   0.0000  -0.1414  -0.4756    0.355
     3   0.7612   3.0000   1.8015   4.0095   0.1240   1.3464   1.3464   0.0200   0.0000  -0.1414  -0.4755    0.355
     4   1.4736   3.0000   2.4597   4.0071   0.1694   1.3456   1.3456   0.0201   0.0000  -0.1413  -0.4752    0.355
     5   2.3959   3.0000   3.0573   4.0015   0.1287   1.3437   1.3437   0.0204   0.0000  -0.1412  -0.4747    0.355
     6   3.5055   3.0000   3.5796   3.9911   0.1016   1.3401   1.3401   0.0209   0.0000  -0.1411  -0.4737    0.355
     7   4.7750   3.0000   4.0138   3.9741   0.3931   1.3343   1.3343   0.0218   0.0000  -0.1409  -0.4721    0.356
     8   6.1732   3.0000   4.3492   3.9483  -0.3735   1.3254   1.3254   0.0231   0.0000  -0.1406  -0.4696    0.356
     9   7.6655   3.0000   4.5775   3.9133  -0.0238   1.3134   1.3134   0.0248   0.0000  -0.1402  -0.4663    0.357
    10   9.2154   3.0000   4.6930   3.8658   0.0131   1.2971   1.2971   0.0272   0.0000  -0.1397  -0.4619    0.358
    11  10.7846   3.0000   4.6930   3.8017   0.0307   1.2751   1.2751   0.0302   0.0000  -0.1391  -0.4559    0.359
    12  12.3345   3.0000   4.5775   3.7151   0.0438   1.2454   1.2454   0.0341   0.0000  -0.1381  -0.4477    0.361
    13  13.8268   3.0000   4.3492   3.5971   0.0567   1.2050   1.2050   0.0388   0.0000  -0.1367  -0.4364    0.363
    14  15.2250   3.0000   4.0138   3.4351   0.0713   1.1498   1.1498   0.0444   0.0000  -0.1344  -0.4207    0.367
    15  16.4945   3.0000   3.5796   3.2120   0.0890   1.0739   1.0739   0.0503   0.0000  -0.1307  -0.3984    0.372
    16  17.6041   3.0000   3.0573   2.9061   0.1109   0.9702   0.9702   0.0555   0.0000  -0.1245  -0.3667    0.378
    17  18.5264   3.0000   2.4597   2.4931   0.1379   0.8310   0.8310   0.0578   0.0000  -0.1141  -0.3219    0.387
    18  19.2388   3.0000   1.8015   1.9512   0.1710   0.6491   0.6491   0.0542   0.0000  -0.0971  -0.2597    0.400
    19  19.7237   3.0000   1.0989   1.2676   0.2120   0.4208   0.4208   0.0413   0.0000  -0.0696  -0.1752    0.415
    20  19.9692   3.0000   0.3694   0.4468   0.2558   0.1481   0.1481   0.0162   0.0000  -0.0268  -0.0641    0.431

  Surface # 2     FrontWing (YDUP)                        
     # Chordwise = 12   # Spanwise = 20     First strip = 21
     Surface area =   60.000000       Ave. chord =    3.000000
     CLsurf  =   0.59932     Clsurf  =   0.13707
     CYsurf  =   0.00000     Cmsurf  =   0.28070
     CDsurf  =   0.01639     Cnsurf  =   0.01397
     CDisurf =   0.01639     CDvsurf =   0.00000

  Forces referred to Ssurf, Cave about hinge axis thru LE
     CLsurf  =   1.19864     CDsurf  =   0.03278
     Deflect =

 Strip Forces referred to Strip Area, Chord
    j      Yle    Chord     Area     c cl      ai      cl_norm  cl       cd       cdv    cm_c/4    cm_LE  C.P.x/c
    21  -0.0308   3.0000   0.3693   4.0104   0.1213   1.3467   1.3467   0.0200   0.0000  -0.1414   0.4756    0.355
    22  -0.2763   3.0000   1.0990   4.0103   0.1207   1.3467   1.3467   0.0200   0.0000  -0.1414   0.4756    0.355
    23  -0.7612   3.0000   1.8015   4.0095   0.1240   1.3464   1.3464   0.0200   0.0000  -0.1414   0.4755    0.355
    24  -1.4736   3.0000   2.4597   4.0071   0.1694   1.3456   1.3456   0.0201   0.0000  -0.1413   0.4752    0.355
    25  -2.3959   3.0000   3.0573   4.0015   0.1287   1.3437   1.3437   0.0204   0.0000  -0.1412   0.4747    0.355
    26  -3.5055   3.0000   3.5796   3.9911   0.1016   1.3401   1.3401   0.0209   0.0000  -0.1411   0.4737    0.355
    27  -4.7750   3.0000   4.0138   3.9741   0.3931   1.3343   1.3343   0.0218   0.0000  -0.1409   0.4721    0.356
    28  -6.1732   3.0000   4.3492   3.9483  -0.3735   1.3254   1.3254   0.0231   0.0000  -0.1406   0.4696    0.356
    29  -7.6655   3.0000   4.5775   3.9133  -0.0238   1.3134   1.3134   0.0248   0.0000  -0.1402   0.4663    0.357
    30  -9.2154   3.0000   4.6930   3.8658   0.0131   1.2971   1.2971   0.0272   0.0000  -0.1397   0.4619    0.358
    31 -10.7846   3.0000   4.6930   3.8017   0.0307   1.2751   1.2751   0.0302   0.0000  -0.1391   0.4559    0.359
    32 -12.3345   3.0000   4.5775   3.7151   0.0438   1.2454   1.2454   0.0341   0.0000  -0.1381   0.4477    0.361
    33 -13.8268   3.0000   4.3492   3.5971   0.0567   1.2050   1.2050   0.0388   0.0000  -0.1367   0.4364    0.363
    34 -15.2250   3.0000   4.0138   3.4351   0.0713   1.1498   1.1498   0.0444   0.0000  -0.1344   0.4207    0.367
    35 -16.4945   3.0000   3.5796   3.2120   0.0890   1.0739   1.0739   0.0503   0.0000  -0.1307   0.3984    0.372
    36 -17.6041   3.0000   3.0573   2.9061   0.1109   0.9702   0.9702   0.0555   0.0000  -0.1245   0.3667    0.378
    37 -18.5264   3.0000   2.4597   2.4931   0.1379   0.8310   0.8310   0.0578   0.0000  -0.1141   0.3219    0.387
    38 -19.2388   3.0000   1.8015   1.9512   0.1710   0.6491   0.6491   0.0542   0.0000  -0.0971   0.2597    0.400
    39 -19.7237   3.0000   1.0989   1.2676   0.2120   0.4208   0.4208   0.0413   0.0000  -0.0696   0.1752    0.415
    40 -19.9692   3.0000   0.3694   0.4468   0.2558   0.1481   0.1481   0.0162   0.0000  -0.0268   0.0641    0.431

  Surface # 3     Second Wing2                            
     # Chordwise = 12   # Spanwise = 24     First strip = 41
     Surface area =   12.000000       Ave. chord =    2.000000
     CLsurf  =   0.10066     Clsurf  =  -0.00676
     CYsurf  =  -0.00000     Cmsurf  =  -0.28064
     CDsurf  =   0.01155     Cnsurf  =  -0.00010
     CDisurf =   0.01155     CDvsurf =   0.00000

  Forces referred to Ssurf, Cave about hinge axis thru LE
     CLsurf  =   1.00659     CDsurf  =   0.11549
     Deflect =

 Strip Forces referred to Strip Area, Chord
    j      Yle    Chord     Area     c cl      ai      cl_norm  cl       cd       cdv    cm_c/4    cm_LE  C.P.x/c
    41   0.0064   2.0000   0.0513   2.3789   0.1220   1.1842   1.1842   0.1197   0.0000  -0.1718  -0.4691    0.395
    42   0.0576   2.0000   0.1531   2.3789   0.1220   1.1842   1.1842   0.1197   0.0000  -0.1718  -0.4691    0.395
    43   0.1592   2.0000   0.2523   2.3786   0.1217   1.1841   1.1841   0.1197   0.0000  -0.1718  -0.4691    0.395
    44   0.3094   2.0000   0.3471   2.3777   0.1222   1.1836   1.1836   0.1197   0.0000  -0.1717  -0.4690    0.395
    45   0.5056   2.0000   0.4360   2.3756   0.1185   1.1825   1.1825   0.1198   0.0000  -0.1717  -0.4687    0.395
    46   0.7445   2.0000   0.5175   2.3716   0.1228   1.1805   1.1805   0.1199   0.0000  -0.1717  -0.4681    0.395
    47   1.0220   2.0000   0.5901   2.3650   0.1262   1.1772   1.1772   0.1201   0.0000  -0.1715  -0.4672    0.396
    48   1.3333   2.0000   0.6526   2.3549   0.1242   1.1720   1.1720   0.1203   0.0000  -0.1714  -0.4658    0.396
    49   1.6731   2.0000   0.7039   2.3403   0.1278   1.1646   1.1646   0.1207   0.0000  -0.1712  -0.4637    0.397
    50   2.0357   2.0000   0.7432   2.3201   0.1254   1.1543   1.1543   0.1212   0.0000  -0.1708  -0.4608    0.398
    51   2.4147   2.0000   0.7698   2.2928   0.1322   1.1405   1.1405   0.1218   0.0000  -0.1704  -0.4570    0.399
    52   2.8038   2.0000   0.7832   2.2565   0.1419   1.1221   1.1221   0.1225   0.0000  -0.1697  -0.4517    0.401
    53   3.1962   2.0000   0.7832   2.2074   0.1369   1.0971   1.0971   0.1231   0.0000  -0.1685  -0.4444    0.404
    54   3.5853   2.0000   0.7698   2.1367   0.1392   1.0614   1.0614   0.1234   0.0000  -0.1665  -0.4335    0.407
    55   3.9643   2.0000   0.7432   2.0312   0.0923   1.0084   1.0084   0.1222   0.0000  -0.1627  -0.4166    0.411
    56   4.3269   2.0000   0.7039   1.9057   0.1833   0.9453   0.9453   0.1200   0.0000  -0.1578  -0.3960    0.417
    57   4.6667   2.0000   0.6526   1.7781   0.1899   0.8812   0.8812   0.1176   0.0000  -0.1527  -0.3749    0.423
    58   4.9780   2.0000   0.5901   1.6349   0.2047   0.8095   0.8095   0.1136   0.0000  -0.1462  -0.3505    0.431
    59   5.2555   2.0000   0.5175   1.4670   0.2277   0.7257   0.7257   0.1072   0.0000  -0.1370  -0.3204    0.439
    60   5.4944   2.0000   0.4360   1.2693   0.1779   0.6272   0.6272   0.0976   0.0000  -0.1241  -0.2827    0.448
    61   5.6906   2.0000   0.3471   1.0384   0.2512   0.5126   0.5126   0.0838   0.0000  -0.1060  -0.2358    0.457
    62   5.8408   2.0000   0.2523   0.7735   0.2760   0.3814   0.3814   0.0653   0.0000  -0.0820  -0.1787    0.465
    63   5.9424   2.0000   0.1531   0.4784   0.2942   0.2357   0.2357   0.0421   0.0000  -0.0520  -0.1118    0.471
    64   5.9936   2.0000   0.0513   0.1621   0.3047   0.0798   0.0798   0.0148   0.0000  -0.0178  -0.0381    0.474

  Surface # 4     Second Wing2 (YDUP)                     
     # Chordwise = 12   # Spanwise = 24     First strip = 65
     Surface area =   12.000000       Ave. chord =    2.000000
     CLsurf  =   0.10066     Clsurf  =   0.00676
     CYsurf  =  -0.00000     Cmsurf  =  -0.28064
     CDsurf  =   0.01155     Cnsurf  =   0.00010
     CDisurf =   0.01155     CDvsurf =   0.00000

  Forces referred to Ssurf, Cave about hinge axis thru LE
     CLsurf  =   1.00659     CDsurf  =   0.11549
     Deflect =

 Strip Forces referred to Strip Area, Chord
    j      Yle    Chord     Area     c cl      ai      cl_norm  cl       cd       cdv    cm_c/4    cm_LE  C.P.x/c
    65  -0.0064   2.0000   0.0513   2.3789   0.1219   1.1842   1.1842   0.1197   0.0000  -0.1718   0.4691    0.395
    66  -0.0576   2.0000   0.1531   2.3789   0.1220   1.1842   1.1842   0.1197   0.0000  -0.1718   0.4691    0.395
    67  -0.1592   2.0000   0.2523   2.3786   0.1217   1.1841   1.1841   0.1197   0.0000  -0.1718   0.4691    0.395
    68  -0.3094   2.0000   0.3471   2.3777   0.1222   1.1836   1.1836   0.1197   0.0000  -0.1717   0.4690    0.395
    69  -0.5056   2.0000   0.4360   2.3756   0.1185   1.1825   1.1825   0.1198   0.0000  -0.1717   0.4687    0.395
    70  -0.7445   2.0000   0.5175   2.3716   0.1228   1.1805   1.1805   0.1199   0.0000  -0.1717   0.4681    0.395
    71  -1.0220   2.0000   0.5901   2.3650   0.1262   1.1772   1.1772   0.1201   0.0000  -0.1715   0.4672    0.396
    72  -1.3333   2.0000   0.6526   2.3549   0.1242   1.1720   1.1720   0.1203   0.0000  -0.1714   0.4658    0.396
    73  -1.6731   2.0000   0.7039   2.3403   0.1278   1.1646   1.1646   0.1207   0.0000  -0.1712   0.4637    0.397
    74  -2.0357   2.0000   0.7432   2.3201   0.1254   1.1543   1.1543   0.1212   0.0000  -0.1708   0.4608    0.398
    75  -2.4147   2.0000   0.7698   2.2928   0.1322   1.1405   1.1405   0.1218   0.0000  -0.1704   0.4570    0.399
    76  -2.8038   2.0000   0.7832   2.2565   0.1419   1.1221   1.1221   0.1225   0.0000  -0.1697   0.4517    0.401
    77  -3.1962   2.0000   0.7832   2.2074   0.1369   1.0971   1.0971   0.1231   0.0000  -0.1685   0.4444    0.404
    78  -3.5853   2.0000   0.7698   2.1367   0.1392   1.0614   1.0614   0.1234   0.0000  -0.1665   0.4335    0.407
    79  -3.9643   2.0000   0.7432   2.0312   0.0923   1.0084   1.0084   0.1222   0.0000  -0.1627   0.4166    0.411
    80  -4.3269   2.0000   0.7039   1.9057   0.1833   0.9453   0.9453   0.1200   0.0000  -0.1578   0.3960    0.417
    81  -4.6667   2.0000   0.6526   1.7781   0.1899   0.8812   0.8812   0.1176   0.0000  -0.1527   0.3749    0.423
    82  -4.9780   2.0000   0.5901   1.6349   0.2047   0.8095   0.8095   0.1136   0.0000  -0.1462   0.3505    0.431
    83  -5.2555   2.0000   0.5175   1.4670   0.2277   0.7257   0.7257   0.1072   0.0000  -0.1370   0.3204    0.439
    84  -5.4944   2.0000   0.4360   1.2693   0.1779   0.6272   0.6272   0.0976   0.0000  -0.1241   0.2827    0.448
    85  -5.6906   2.0000   0.3471   1.0384   0.2512   0.5126   0.5126   0.0838   0.0000  -0.1060   0.2358    0.457
    86  -5.8408   2.0000   0.2523   0.7735   0.2760   0.3814   0.3814   0.0653   0.0000  -0.0820   0.1787    0.465
    87  -5.9424   2.0000   0.1531   0.4784   0.2942   0.2357   0.2357   0.0421   0.0000  -0.0520   0.1118    0.471
    88  -5.9936   2.0000   0.0513   0.1621   0.3047   0.0798   0.0798   0.0148   0.0000  -0.0178   0.0381    0.474

  Surface # 5     Fin                                     
     # Chordwise = 12   # Spanwise = 12     First strip = 89
     Surface area =    4.000000       Ave. chord =    1.600000
     CLsurf  =   0.00002     Clsurf  =  -0.00009
     CYsurf  =  -0.00333     Cmsurf  =  -0.00006
     CDsurf  =  -0.00004     Cnsurf  =   0.00069
     CDisurf =  -0.00004     CDvsurf =   0.00000

  Forces referred to Ssurf, Cave about hinge axis thru LE
     CLsurf  =   0.09984     CDsurf  =  -0.00128
     Deflect =

 Strip Forces referred to Strip Area, Chord
    j      Yle    Chord     Area     c cl      ai      cl_norm  cl       cd       cdv    cm_c/4    cm_LE  C.P.x/c
    89   4.0000   1.9966   0.0850   0.0169  -0.0120   0.0097   0.0084   0.0000   0.0000  -0.0007  -0.0029    0.336
    90   4.0000   1.9696   0.2459   0.0566  -0.0525   0.0332   0.0288  -0.0000   0.0000  -0.0023  -0.0098    0.330
    91   4.0000   1.9173   0.3809   0.1089  -0.0552   0.0655   0.0568  -0.0002   0.0000  -0.0039  -0.0187    0.319
    92   4.0000   1.8435   0.4773   0.1626  -0.0420   0.1017   0.0882  -0.0006   0.0000  -0.0049  -0.0280    0.306
    93   4.0000   1.7531   0.5285   0.1997  -0.0358   0.1314   0.1139  -0.0011   0.0000  -0.0049  -0.0348    0.293
    94   4.0000   1.6522   0.5345   0.2140  -0.0337   0.1494   0.1295  -0.0017   0.0000  -0.0040  -0.0381    0.281
    95   4.0000   1.5478   0.5007   0.2084  -0.0324   0.1553   0.1347  -0.0021   0.0000  -0.0025  -0.0382    0.269
    96   4.0000   1.4469   0.4362   0.1880  -0.0307   0.1498   0.1299  -0.0022   0.0000  -0.0008  -0.0355    0.257
    97   4.0000   1.3565   0.3512   0.1569  -0.0285   0.1334   0.1157  -0.0020   0.0000   0.0009  -0.0301    0.242
    98   4.0000   1.2827   0.2548   0.1181  -0.0261   0.1062   0.0921  -0.0016   0.0000   0.0023  -0.0225    0.225
    99   4.0000   1.2304   0.1537   0.0735  -0.0239   0.0689   0.0597  -0.0011   0.0000   0.0026  -0.0136    0.207
   100   4.0000   1.2034   0.0513   0.0250  -0.0224   0.0239   0.0208  -0.0004   0.0000   0.0012  -0.0045    0.193

  Surface # 6     Fin (YDUP)                              
     # Chordwise = 12   # Spanwise = 12     First strip =101
     Surface area =    4.000000       Ave. chord =    1.600000
     CLsurf  =   0.00002     Clsurf  =   0.00009
     CYsurf  =   0.00333     Cmsurf  =  -0.00006
     CDsurf  =  -0.00004     Cnsurf  =  -0.00069
     CDisurf =  -0.00004     CDvsurf =   0.00000

  Forces referred to Ssurf, Cave about hinge axis thru LE
     CLsurf  =   0.09984     CDsurf  =  -0.00128
     Deflect =

 Strip Forces referred to Strip Area, Chord
    j      Yle    Chord     Area     c cl      ai      cl_norm  cl       cd       cdv    cm_c/4    cm_LE  C.P.x/c
   101  -4.0000   1.9966   0.0850   0.0169  -0.0120   0.0097   0.0084   0.0000   0.0000  -0.0007   0.0029    0.336
   102  -4.0000   1.9696   0.2459   0.0566  -0.0525   0.0332   0.0288  -0.0000   0.0000  -0.0023   0.0098    0.330
   103  -4.0000   1.9173   0.3809   0.1089  -0.0552   0.0655   0.0568  -0.0002   0.0000  -0.0039   0.0187    0.319
   104  -4.0000   1.8435   0.4773   0.1626  -0.0420   0.1017   0.0882  -0.0006   0.0000  -0.0049   0.0280    0.306
   105  -4.0000   1.7531   0.5285   0.1997  -0.0358   0.1314   0.1139  -0.0011   0.0000  -0.0049   0.0348    0.293
   106  -4.0000   1.6522   0.5345   0.2140  -0.0337   0.1494   0.1295  -0.0017   0.0000  -0.0040   0.0381    0.281
   107  -4.0000   1.5478   0.5007   0.2084  -0.0324   0.1553   0.1347  -0.0021   0.0000  -0.0025   0.0382    0.269
   108  -4.0000   1.4469   0.4362   0.1880  -0.0307   0.1498   0.1299  -0.0022   0.0000  -0.0008   0.0355    0.257
   109  -4.0000   1.3565   0.3512   0.1569  -0.0285   0.1334   0.1157  -0.0020   0.0000   0.0009   0.0301    0.242
   110  -4.0000   1.2827   0.2548   0.1181  -0.0261   0.1062   0.0921  -0.0016   0.0000   0.0023   0.0225    0.225
   111  -4.0000   1.2304   0.1537   0.0735  -0.0239   0.0689   0.0597  -0.0011   0.0000   0.0026   0.0136    0.207
   112  -4.0000   1.2034   0.0513   0.0250  -0.0224   0.0239   0.0208  -0.0004   0.0000   0.0012   0.0045    0.193
 ---------------------------------------------------------------
