 ---------------------------------------------------------------
 Surface and Strip Forces by surface

  Forces referred to Sref, Cref, Bref about Xref, Yref, Zref
 Standard axis orientation,  X fwd, Z down         

  Surface # 1     FrontWing                               
     # Chordwise = 12   # Spanwise = 20     First strip =  1
     Surface area =   60.000000       Ave. chord =    3.000000
     CLsurf  =   0.64072     Clsurf  =  -0.14624
     CYsurf  =   0.00000     Cmsurf  =   0.30458
     CDsurf  =   0.01866     Cnsurf  =  -0.01699
     CDisurf =   0.01866     CDvsurf =   0.00000

  Forces referred to Ssurf, Cave about hinge axis thru LE
     CLsurf  =   1.28145     CDsurf  =   0.03732
     Deflect =

 Strip Forces referred to Strip Area, Chord
    j      Yle    Chord     Area     c cl      ai      cl_norm  cl       cd       cdv    cm_c/4    cm_LE  C.P.x/c
     1   0.0308   3.0000   0.3693   4.2826   0.1315   1.4411   1.4411   0.0227   0.0000  -0.1407  -0.4976    0.348
     2   0.2763   3.0000   1.0990   4.2825   0.1309   1.4410   1.4410   0.0227   0.0000  -0.1407  -0.4976    0.348
     3   0.7612   3.0000   1.8015   4.2817   0.1344   1.4407   1.4407   0.0228   0.0000  -0.1407  -0.4975    0.348
     4   1.4736   3.0000   2.4597   4.2791   0.1840   1.4398   1.4398   0.0229   0.0000  -0.1407  -0.4973    0.348
     5   2.3959   3.0000   3.0573   4.2730   0.1395   1.4377   1.4377   0.0233   0.0000  -0.1406  -0.4967    0.348
     6   3.5055   3.0000   3.5796   4.2619   0.1099   1.4339   1.4339   0.0238   0.0000  -0.1405  -0.4956    0.348
     7   4.7750   3.0000   4.0138   4.2436   0.4278   1.4276   1.4276   0.0248   0.0000  -0.1402  -0.4939    0.348
     8   6.1732   3.0000   4.3492   4.2159  -0.4067   1.4180   1.4180   0.0263   0.0000  -0.1399  -0.4912    0.349
     9   7.6655   3.0000   4.5775   4.1783  -0.0267   1.4050   1.4050   0.0283   0.0000  -0.1395  -0.4877    0.349
    10   9.2154   3.0000   4.6930   4.1272   0.0134   1.3874   1.3874   0.0310   0.0000  -0.1390  -0.4829    0.350
    11  10.7846   3.0000   4.6930   4.0584   0.0324   1.3636   1.3636   0.0345   0.0000  -0.1383  -0.4765    0.351
    12  12.3345   3.0000   4.5775   3.9655   0.0466   1.3316   1.3316   0.0389   0.0000  -0.1373  -0.4677    0.353
    13  13.8268   3.0000   4.3492   3.8389   0.0605   1.2881   1.2881   0.0443   0.0000  -0.1357  -0.4556    0.355
    14  15.2250   3.0000   4.0138   3.6652   0.0761   1.2285   1.2285   0.0506   0.0000  -0.1333  -0.4387    0.359
    15  16.4945   3.0000   3.5796   3.4258   0.0950   1.1467   1.1467   0.0573   0.0000  -0.1294  -0.4148    0.363
    16  17.6041   3.0000   3.0573   3.0976   0.1184   1.0351   1.0351   0.0631   0.0000  -0.1228  -0.3810    0.369
    17  18.5264   3.0000   2.4597   2.6547   0.1468   0.8853   0.8853   0.0656   0.0000  -0.1121  -0.3333    0.377
    18  19.2388   3.0000   1.8015   2.0746   0.1811   0.6903   0.6903   0.0614   0.0000  -0.0948  -0.2677    0.387
    19  19.7237   3.0000   1.0989   1.3450   0.2231   0.4465   0.4465   0.0467   0.0000  -0.0676  -0.1797    0.401
    20  19.9692   3.0000   0.3694   0.4732   0.2674   0.1568   0.1568   0.0184   0.0000  -0.0260  -0.0655    0.416

  Surface # 2     FrontWing (YDUP)                        
     # Chordwise = 12   # Spanwise = 20     First strip = 21
     Surface area =   60.000000       Ave. chord =    3.000000
     CLsurf  =   0.64072     Clsurf  =   0.14624
     CYsurf  =  -0.00000     Cmsurf  =   0.30458
     CDsurf  =   0.01866     Cnsurf  =   0.01699
     CDisurf =   0.01866     CDvsurf =   0.00000

  Forces referred to Ssurf, Cave about hinge axis thru LE
     CLsurf  =   1.28145     CDsurf  =   0.03732
     Deflect =

 Strip Forces referred to Strip Area, Chord
    j      Yle    Chord     Area     c cl      ai      cl_norm  cl       cd       cdv    cm_c/4    cm_LE  C.P.x/c
    21  -0.0308   3.0000   0.3693   4.2826   0.1315   1.4411   1.4411   0.0227   0.0000  -0.1407   0.4976    0.348
    22  -0.2763   3.0000   1.0990   4.2825   0.1309   1.4410   1.4410   0.0227   0.0000  -0.1407   0.4976    0.348
    23  -0.7612   3.0000   1.8015   4.2817   0.1344   1.4407   1.4407   0.0228   0.0000  -0.1407   0.4975    0.348
    24  -1.4736   3.0000   2.4597   4.2791   0.1840   1.4398   1.4398   0.0229   0.0000  -0.1407   0.4973    0.348
    25  -2.3959   3.0000   3.0573   4.2730   0.1395   1.4377   1.4377   0.0233   0.0000  -0.1406   0.4967    0.348
    26  -3.5055   3.0000   3.5796   4.2619   0.1099   1.4339   1.4339   0.0238   0.0000  -0.1405   0.4956    0.348
    27  -4.7750   3.0000   4.0138   4.2436   0.4278   1.4276   1.4276   0.0248   0.0000  -0.1402   0.4939    0.348
    28  -6.1732   3.0000   4.3492   4.2159  -0.4067   1.4180   1.4180   0.0263   0.0000  -0.1399   0.4912    0.349
    29  -7.6655   3.0000   4.5775   4.1783  -0.0267   1.4050   1.4050   0.0283   0.0000  -0.1395   0.4877    0.349
    30  -9.2154   3.0000   4.6930   4.1272   0.0134   1.3874   1.3874   0.0310   0.0000  -0.1390   0.4829    0.350
    31 -10.7846   3.0000   4.6930   4.0584   0.0324   1.3636   1.3636   0.0345   0.0000  -0.1383   0.4765    0.351
    32 -12.3345   3.0000   4.5775   3.9655   0.0466   1.3316   1.3316   0.0389   0.0000  -0.1373   0.4677    0.353
    33 -13.8268   3.0000   4.3492   3.8389   0.0605   1.2881   1.2881   0.0443   0.0000  -0.1357   0.4556    0.355
    34 -15.2250   3.0000   4.0138   3.6652   0.0761   1.2285   1.2285   0.0506   0.0000  -0.1333   0.4387    0.359
    35 -16.4945   3.0000   3.5796   3.4258   0.0950   1.1467   1.1467   0.0573   0.0000  -0.1294   0.4148    0.363
    36 -17.6041   3.0000   3.0573   3.0976   0.1184   1.0351   1.0351   0.0631   0.0000  -0.1228   0.3810    0.369
    37 -18.5264   3.0000   2.4597   2.6547   0.1468   0.8853   0.8853   0.0656   0.0000  -0.1121   0.3333    0.377
    38 -19.2388   3.0000   1.8015   2.0746   0.1811   0.6903   0.6903   0.0614   0.0000  -0.0948   0.2677    0.387
    39 -19.7237   3.0000   1.0989   1.3450   0.2231   0.4465   0.4465   0.0467   0.0000  -0.0676   0.1797    0.401
    40 -19.9692   3.0000   0.3694   0.4732   0.2674   0.1568   0.1568   0.0184   0.0000  -0.0260   0.0655    0.416

  Surface # 3     Second Wing2                            
     # Chordwise = 12   # Spanwise = 24     First strip = 41
     Surface area =   12.000000       Ave. chord =    2.000000
     CLsurf  =   0.10925     Clsurf  =  -0.00734
     CYsurf  =   0.00000     Cmsurf  =  -0.30451
     CDsurf  =   0.01354     Cnsurf  =  -0.00015
     CDisurf =   0.01354     CDvsurf =   0.00000

  Forces referred to Ssurf, Cave about hinge axis thru LE
     CLsurf  =   1.09251     CDsurf  =   0.13538
     Deflect =

 Strip Forces referred to Strip Area, Chord
    j      Yle    Chord     Area     c cl      ai      cl_norm  cl       cd       cdv    cm_c/4    cm_LE  C.P.x/c
    41   0.0064   2.0000   0.0513   2.5853   0.1322   1.2864   1.2864   0.1402   0.0000  -0.1809  -0.5041    0.391
    42   0.0576   2.0000   0.1531   2.5853   0.1322   1.2863   1.2863   0.1402   0.0000  -0.1809  -0.5041    0.391
    43   0.1592   2.0000   0.2523   2.5850   0.1319   1.2862   1.2862   0.1402   0.0000  -0.1809  -0.5041    0.391
    44   0.3094   2.0000   0.3471   2.5840   0.1324   1.2857   1.2857   0.1403   0.0000  -0.1809  -0.5039    0.391
    45   0.5056   2.0000   0.4360   2.5817   0.1285   1.2845   1.2845   0.1403   0.0000  -0.1809  -0.5036    0.391
    46   0.7445   2.0000   0.5175   2.5774   0.1331   1.2823   1.2823   0.1405   0.0000  -0.1808  -0.5030    0.391
    47   1.0220   2.0000   0.5901   2.5702   0.1368   1.2786   1.2786   0.1407   0.0000  -0.1807  -0.5020    0.391
    48   1.3333   2.0000   0.6526   2.5592   0.1347   1.2730   1.2730   0.1410   0.0000  -0.1805  -0.5004    0.392
    49   1.6731   2.0000   0.7039   2.5433   0.1386   1.2649   1.2649   0.1415   0.0000  -0.1803  -0.4982    0.393
    50   2.0357   2.0000   0.7432   2.5214   0.1360   1.2537   1.2537   0.1421   0.0000  -0.1799  -0.4951    0.394
    51   2.4147   2.0000   0.7698   2.4918   0.1433   1.2386   1.2386   0.1428   0.0000  -0.1794  -0.4909    0.395
    52   2.8038   2.0000   0.7832   2.4524   0.1538   1.2186   1.2186   0.1437   0.0000  -0.1787  -0.4852    0.397
    53   3.1962   2.0000   0.7832   2.3989   0.1485   1.1914   1.1914   0.1444   0.0000  -0.1774  -0.4773    0.399
    54   3.5853   2.0000   0.7698   2.3217   0.1509   1.1523   1.1523   0.1447   0.0000  -0.1752  -0.4654    0.402
    55   3.9643   2.0000   0.7432   2.2063   0.0995   1.0941   1.0941   0.1433   0.0000  -0.1711  -0.4469    0.406
    56   4.3269   2.0000   0.7039   2.0690   0.1990   1.0251   1.0251   0.1407   0.0000  -0.1658  -0.4244    0.412
    57   4.6667   2.0000   0.6526   1.9298   0.2060   0.9551   0.9551   0.1378   0.0000  -0.1603  -0.4015    0.418
    58   4.9780   2.0000   0.5901   1.7739   0.2219   0.8769   0.8769   0.1332   0.0000  -0.1533  -0.3750    0.425
    59   5.2555   2.0000   0.5175   1.5912   0.2467   0.7856   0.7856   0.1256   0.0000  -0.1436  -0.3425    0.433
    60   5.4944   2.0000   0.4360   1.3762   0.1927   0.6786   0.6786   0.1143   0.0000  -0.1299  -0.3019    0.441
    61   5.6906   2.0000   0.3471   1.1254   0.2716   0.5542   0.5542   0.0982   0.0000  -0.1109  -0.2516    0.450
    62   5.8408   2.0000   0.2523   0.8380   0.2981   0.4121   0.4121   0.0765   0.0000  -0.0857  -0.1904    0.458
    63   5.9424   2.0000   0.1531   0.5181   0.3175   0.2545   0.2545   0.0493   0.0000  -0.0543  -0.1191    0.463
    64   5.9936   2.0000   0.0513   0.1755   0.3287   0.0861   0.0861   0.0173   0.0000  -0.0186  -0.0406    0.466

  Surface # 4     Second Wing2 (YDUP)                     
     # Chordwise = 12   # Spanwise = 24     First strip = 65
     Surface area =   12.000000       Ave. chord =    2.000000
     CLsurf  =   0.10925     Clsurf  =   0.00734
     CYsurf  =  -0.00000     Cmsurf  =  -0.30451
     CDsurf  =   0.01354     Cnsurf  =   0.00015
     CDisurf =   0.01354     CDvsurf =   0.00000

  Forces referred to Ssurf, Cave about hinge axis thru LE
     CLsurf  =   1.09251     CDsurf  =   0.13538
     Deflect =

 Strip Forces referred to Strip Area, Chord
    j      Yle    Chord     Area     c cl      ai      cl_norm  cl       cd       cdv    cm_c/4    cm_LE  C.P.x/c
    65  -0.0064   2.0000   0.0513   2.5853   0.1322   1.2863   1.2863   0.1402   0.0000  -0.1809   0.5041    0.391
    66  -0.0576   2.0000   0.1531   2.5853   0.1322   1.2863   1.2863   0.1402   0.0000  -0.1809   0.5041    0.391
    67  -0.1592   2.0000   0.2523   2.5850   0.1319   1.2862   1.2862   0.1402   0.0000  -0.1809   0.5041    0.391
    68  -0.3094   2.0000   0.3471   2.5840   0.1324   1.2857   1.2857   0.1403   0.0000  -0.1809   0.5039    0.391
    69  -0.5056   2.0000   0.4360   2.5817   0.1285   1.2845   1.2845   0.1403   0.0000  -0.1809   0.5036    0.391
    70  -0.7445   2.0000   0.5175   2.5774   0.1331   1.2823   1.2823   0.1405   0.0000  -0.1808   0.5030    0.391
    71  -1.0220   2.0000   0.5901   2.5702   0.1368   1.2786   1.2786   0.1407   0.0000  -0.1807   0.5020    0.391
    72  -1.3333   2.0000   0.6526   2.5592   0.1347   1.2730   1.2730   0.1410   0.0000  -0.1805   0.5004    0.392
    73  -1.6731   2.0000   0.7039   2.5433   0.1386   1.2649   1.2649   0.1415   0.0000  -0.1803   0.4982    0.393
    74  -2.0357   2.0000   0.7432   2.5214   0.1360   1.2537   1.2537   0.1421   0.0000  -0.1799   0.4951    0.394
    75  -2.4147   2.0000   0.7698   2.4918   0.1433   1.2386   1.2386   0.1428   0.0000  -0.1794   0.4909    0.395
    76  -2.8038   2.0000   0.7832   2.4524   0.1538   1.2186   1.2186   0.1437   0.0000  -0.1787   0.4852    0.397
    77  -3.1962   2.0000   0.7832   2.3989   0.1485   1.1914   1.1914   0.1444   0.0000  -0.1774   0.4773    0.399
    78  -3.5853   2.0000   0.7698   2.3217   0.1509   1.1523   1.1523   0.1447   0.0000  -0.1752   0.4654    0.402
    79  -3.9643   2.0000   0.7432   2.2063   0.0995   1.0941   1.0941   0.1433   0.0000  -0.1711   0.4469    0.406
    80  -4.3269   2.0000   0.7039   2.0690   0.1990   1.0251   1.0251   0.1407   0.0000  -0.1658   0.4244    0.412
    81  -4.6667   2.0000   0.6526   1.9298   0.2060   0.9551   0.9551   0.1378   0.0000  -0.1603   0.4015    0.418
    82  -4.9780   2.0000   0.5901   1.7739   0.2219   0.8769   0.8769   0.1332   0.0000  -0.1533   0.3750    0.425
    83  -5.2555   2.0000   0.5175   1.5912   0.2467   0.7856   0.7856   0.1256   0.0000  -0.1436   0.3425    0.433
    84  -5.4944   2.0000   0.4360   1.3762   0.1927   0.6786   0.6786   0.1143   0.0000  -0.1299   0.3019    0.441
    85  -5.6906   2.0000   0.3471   1.1254   0.2716   0.5542   0.5542   0.0982   0.0000  -0.1109   0.2516    0.450
    86  -5.8408   2.0000   0.2523   0.8380   0.2981   0.4121   0.4121   0.0765   0.0000  -0.0857   0.1904    0.458
    87  -5.9424   2.0000   0.1531   0.5181   0.3175   0.2545   0.2545   0.0493   0.0000  -0.0543   0.1191    0.463
    88  -5.9936   2.0000   0.0513   0.1755   0.3287   0.0861   0.0861   0.0173   0.0000  -0.0186   0.0406    0.466

  Surface # 5     Fin                                     
     # Chordwise = 12   # Spanwise = 12     First strip = 89
     Surface area =    4.000000       Ave. chord =    1.600000
     CLsurf  =   0.00002     Clsurf  =  -0.00010
     CYsurf  =  -0.00365     Cmsurf  =  -0.00007
     CDsurf  =  -0.00005     Cnsurf  =   0.00076
     CDisurf =  -0.00005     CDvsurf =   0.00000

  Forces referred to Ssurf, Cave about hinge axis thru LE
     CLsurf  =   0.10954     CDsurf  =  -0.00152
     Deflect =

 Strip Forces referred to Strip Area, Chord
    j      Yle    Chord     Area     c cl      ai      cl_norm  cl       cd       cdv    cm_c/4    cm_LE  C.P.x/c
    89   4.0000   1.9966   0.0850   0.0184  -0.0131   0.0108   0.0092   0.0000   0.0000  -0.0008  -0.0032    0.336
    90   4.0000   1.9696   0.2459   0.0619  -0.0572   0.0367   0.0314  -0.0000   0.0000  -0.0025  -0.0108    0.330
    91   4.0000   1.9173   0.3809   0.1194  -0.0602   0.0728   0.0623  -0.0002   0.0000  -0.0043  -0.0207    0.318
    92   4.0000   1.8435   0.4773   0.1787  -0.0458   0.1132   0.0969  -0.0007   0.0000  -0.0054  -0.0310    0.305
    93   4.0000   1.7531   0.5285   0.2195  -0.0389   0.1463   0.1252  -0.0013   0.0000  -0.0053  -0.0386    0.292
    94   4.0000   1.6522   0.5345   0.2350  -0.0366   0.1662   0.1423  -0.0020   0.0000  -0.0043  -0.0423    0.280
    95   4.0000   1.5478   0.5007   0.2286  -0.0352   0.1726   0.1477  -0.0024   0.0000  -0.0027  -0.0424    0.268
    96   4.0000   1.4469   0.4362   0.2060  -0.0334   0.1664   0.1424  -0.0026   0.0000  -0.0009  -0.0393    0.256
    97   4.0000   1.3565   0.3512   0.1718  -0.0310   0.1480   0.1267  -0.0024   0.0000   0.0010  -0.0334    0.242
    98   4.0000   1.2827   0.2548   0.1293  -0.0284   0.1178   0.1008  -0.0019   0.0000   0.0025  -0.0250    0.225
    99   4.0000   1.2304   0.1537   0.0804  -0.0260   0.0764   0.0654  -0.0012   0.0000   0.0028  -0.0151    0.207
   100   4.0000   1.2034   0.0513   0.0273  -0.0244   0.0265   0.0227  -0.0004   0.0000   0.0013  -0.0050    0.193

  Surface # 6     Fin (YDUP)                              
     # Chordwise = 12   # Spanwise = 12     First strip =101
     Surface area =    4.000000       Ave. chord =    1.600000
     CLsurf  =   0.00002     Clsurf  =   0.00010
     CYsurf  =   0.00365     Cmsurf  =  -0.00007
     CDsurf  =  -0.00005     Cnsurf  =  -0.00076
     CDisurf =  -0.00005     CDvsurf =   0.00000

  Forces referred to Ssurf, Cave about hinge axis thru LE
     CLsurf  =   0.10954     CDsurf  =  -0.00152
     Deflect =

 Strip Forces referred to Strip Area, Chord
    j      Yle    Chord     Area     c cl      ai      cl_norm  cl       cd       cdv    cm_c/4    cm_LE  C.P.x/c
   101  -4.0000   1.9966   0.0850   0.0184  -0.0131   0.0108   0.0092   0.0000   0.0000  -0.0008   0.0032    0.336
   102  -4.0000   1.9696   0.2459   0.0619  -0.0572   0.0367   0.0314  -0.0000   0.0000  -0.0025   0.0108    0.330
   103  -4.0000   1.9173   0.3809   0.1194  -0.0602   0.0728   0.0623  -0.0002   0.0000  -0.0043   0.0207    0.318
   104  -4.0000   1.8435   0.4773   0.1787  -0.0458   0.1132   0.0969  -0.0007   0.0000  -0.0054   0.0310    0.305
   105  -4.0000   1.7531   0.5285   0.2195  -0.0389   0.1463   0.1252  -0.0013   0.0000  -0.0053   0.0386    0.292
   106  -4.0000   1.6522   0.5345   0.2350  -0.0366   0.1662   0.1423  -0.0020   0.0000  -0.0043   0.0423    0.280
   107  -4.0000   1.5478   0.5007   0.2286  -0.0352   0.1726   0.1477  -0.0024   0.0000  -0.0027   0.0424    0.268
   108  -4.0000   1.4469   0.4362   0.2060  -0.0334   0.1664   0.1424  -0.0026   0.0000  -0.0009   0.0393    0.256
   109  -4.0000   1.3565   0.3512   0.1718  -0.0310   0.1480   0.1267  -0.0024   0.0000   0.0010   0.0334    0.242
   110  -4.0000   1.2827   0.2548   0.1293  -0.0284   0.1178   0.1008  -0.0019   0.0000   0.0025   0.0250    0.225
   111  -4.0000   1.2304   0.1537   0.0804  -0.0260   0.0764   0.0654  -0.0012   0.0000   0.0028   0.0151    0.207
   112  -4.0000   1.2034   0.0513   0.0273  -0.0244   0.0265   0.0227  -0.0004   0.0000   0.0013   0.0050    0.193
 ---------------------------------------------------------------
