 ---------------------------------------------------------------
 Surface and Strip Forces by surface

  Forces referred to Sref, Cref, Bref about Xref, Yref, Zref
 Standard axis orientation,  X fwd, Z down         

  Surface # 1     FrontWing                               
     # Chordwise = 12   # Spanwise = 20     First strip =  1
     Surface area =   59.987980       Ave. chord =    2.999398
     CLsurf  =   0.44313     Clsurf  =  -0.09811
     CYsurf  =   0.00116     Cmsurf  =  -0.27760
     CDsurf  =   0.00952     Cnsurf  =  -0.00405
     CDisurf =   0.00952     CDvsurf =   0.00000

  Forces referred to Ssurf, Cave about hinge axis thru LE
     CLsurf  =   0.88349     CDsurf  =   0.01899
     Deflect =

 Strip Forces referred to Strip Area, Chord
    j      Yle    Chord     Area     c cl      ai      cl_norm  cl       cd       cdv    cm_c/4    cm_LE  C.P.x/c
     1   0.0299   3.7500   0.4480   3.2102   0.0420   0.8567   0.8567   0.0171   0.0000  -0.1416  -0.3556    0.415
     2   0.2681   3.7500   1.3330   3.2100   0.0421   0.8567   0.8567   0.0171   0.0000  -0.1416  -0.3556    0.415
     3   0.7386   3.7500   2.1851   3.2086   0.0421   0.8563   0.8563   0.0172   0.0000  -0.1416  -0.3555    0.415
     4   1.4299   3.7500   2.9835   3.2037   0.0418   0.8550   0.8550   0.0173   0.0000  -0.1416  -0.3552    0.416
     5   2.3249   3.7500   3.7084   3.1922   0.0448   0.8519   0.8519   0.0177   0.0000  -0.1417  -0.3546    0.416
     6   3.4016   3.7500   4.3420   3.1699   0.0305   0.8459   0.8459   0.0188   0.0000  -0.1422  -0.3535    0.418
     7   4.6579   3.6729   4.9520   3.1290   0.0510   0.8591   0.8525   0.0185   0.0000  -0.1423  -0.3528    0.417
     8   6.0668   3.5078   5.1245   3.0647  -0.0110   0.8811   0.8744   0.0172   0.0000  -0.1419  -0.3578    0.412
     9   7.5707   3.3316   5.1225   2.9800   0.0312   0.9022   0.8953   0.0161   0.0000  -0.1418  -0.3630    0.408
    10   9.1324   3.1485   4.9633   2.8778   0.0330   0.9219   0.9149   0.0159   0.0000  -0.1418  -0.3678    0.405
    11  10.7137   2.9632   4.6712   2.7610   0.0341   0.9398   0.9327   0.0159   0.0000  -0.1418  -0.3722    0.402
    12  12.2755   2.7802   4.2748   2.6316   0.0359   0.9548   0.9475   0.0164   0.0000  -0.1416  -0.3757    0.399
    13  13.7793   2.6040   3.8041   2.4904   0.0392   0.9646   0.9572   0.0177   0.0000  -0.1411  -0.3776    0.397
    14  15.1883   2.4389   3.2882   2.3352   0.0450   0.9656   0.9582   0.0200   0.0000  -0.1402  -0.3770    0.396
    15  16.4675   2.2890   2.7522   2.1601   0.0544   0.9514   0.9441   0.0235   0.0000  -0.1384  -0.3718    0.397
    16  17.5856   2.1579   2.2161   1.9526   0.0691   0.9119   0.9049   0.0283   0.0000  -0.1347  -0.3585    0.399
    17  18.5151   2.0490   1.6929   1.6925   0.0912   0.8319   0.8256   0.0335   0.0000  -0.1275  -0.3317    0.404
    18  19.2329   1.9649   1.1890   1.3516   0.1227   0.6922   0.6869   0.0365   0.0000  -0.1131  -0.2831    0.415
    19  19.7216   1.9076   0.7042   0.9016   0.1665   0.4752   0.4715   0.0322   0.0000  -0.0856  -0.2024    0.432
    20  19.9689   1.8786   0.2331   0.3269   0.2222   0.1748   0.1735   0.0141   0.0000  -0.0355  -0.0784    0.454

  Surface # 2     FrontWing (YDUP)                        
     # Chordwise = 12   # Spanwise = 20     First strip = 21
     Surface area =   59.987980       Ave. chord =    2.999398
     CLsurf  =   0.44313     Clsurf  =   0.09811
     CYsurf  =  -0.00116     Cmsurf  =  -0.27760
     CDsurf  =   0.00952     Cnsurf  =   0.00405
     CDisurf =   0.00952     CDvsurf =   0.00000

  Forces referred to Ssurf, Cave about hinge axis thru LE
     CLsurf  =   0.88349     CDsurf  =   0.01899
     Deflect =

 Strip Forces referred to Strip Area, Chord
    j      Yle    Chord     Area     c cl      ai      cl_norm  cl       cd       cdv    cm_c/4    cm_LE  C.P.x/c
    21  -0.0299   3.7500   0.4480   3.2102   0.0420   0.8567   0.8567   0.0171   0.0000  -0.1416   0.3556    0.415
    22  -0.2681   3.7500   1.3330   3.2100   0.0421   0.8567   0.8567   0.0171   0.0000  -0.1416   0.3556    0.415
    23  -0.7386   3.7500   2.1851   3.2086   0.0421   0.8563   0.8563   0.0172   0.0000  -0.1416   0.3555    0.415
    24  -1.4299   3.7500   2.9835   3.2037   0.0418   0.8550   0.8550   0.0173   0.0000  -0.1416   0.3552    0.416
    25  -2.3249   3.7500   3.7084   3.1922   0.0448   0.8519   0.8519   0.0177   0.0000  -0.1417   0.3546    0.416
    26  -3.4016   3.7500   4.3420   3.1699   0.0305   0.8459   0.8459   0.0188   0.0000  -0.1422   0.3535    0.418
    27  -4.6579   3.6729   4.9520   3.1290   0.0510   0.8591   0.8525   0.0185   0.0000  -0.1423   0.3528    0.417
    28  -6.0668   3.5078   5.1245   3.0647  -0.0110   0.8811   0.8744   0.0172   0.0000  -0.1419   0.3578    0.412
    29  -7.5707   3.3316   5.1225   2.9800   0.0312   0.9022   0.8953   0.0161   0.0000  -0.1418   0.3630    0.408
    30  -9.1324   3.1485   4.9633   2.8778   0.0330   0.9219   0.9149   0.0159   0.0000  -0.1418   0.3678    0.405
    31 -10.7137   2.9632   4.6712   2.7610   0.0341   0.9398   0.9327   0.0159   0.0000  -0.1418   0.3722    0.402
    32 -12.2755   2.7802   4.2748   2.6316   0.0359   0.9548   0.9475   0.0164   0.0000  -0.1416   0.3757    0.399
    33 -13.7793   2.6040   3.8041   2.4904   0.0392   0.9646   0.9572   0.0177   0.0000  -0.1411   0.3776    0.397
    34 -15.1883   2.4389   3.2882   2.3352   0.0450   0.9656   0.9582   0.0200   0.0000  -0.1402   0.3770    0.396
    35 -16.4675   2.2890   2.7522   2.1601   0.0544   0.9514   0.9441   0.0235   0.0000  -0.1384   0.3718    0.397
    36 -17.5856   2.1579   2.2161   1.9526   0.0691   0.9119   0.9049   0.0283   0.0000  -0.1347   0.3585    0.399
    37 -18.5151   2.0490   1.6929   1.6925   0.0912   0.8319   0.8256   0.0335   0.0000  -0.1275   0.3317    0.404
    38 -19.2329   1.9649   1.1890   1.3516   0.1227   0.6922   0.6869   0.0365   0.0000  -0.1131   0.2831    0.415
    39 -19.7216   1.9076   0.7042   0.9016   0.1665   0.4752   0.4715   0.0322   0.0000  -0.0856   0.2024    0.432
    40 -19.9689   1.8786   0.2331   0.3269   0.2222   0.1748   0.1735   0.0141   0.0000  -0.0355   0.0784    0.454

  Surface # 3     Second Wing2                            
     # Chordwise = 12   # Spanwise = 24     First strip = 41
     Surface area =   12.000000       Ave. chord =    2.000000
     CLsurf  =   0.00687     Clsurf  =  -0.00047
     CYsurf  =  -0.00000     Cmsurf  =  -0.02384
     CDsurf  =   0.00037     Cnsurf  =  -0.00000
     CDisurf =   0.00037     CDvsurf =   0.00000

  Forces referred to Ssurf, Cave about hinge axis thru LE
     CLsurf  =   0.06844     CDsurf  =   0.00373
     Deflect =

 Strip Forces referred to Strip Area, Chord
    j      Yle    Chord     Area     c cl      ai      cl_norm  cl       cd       cdv    cm_c/4    cm_LE  C.P.x/c
    41   0.0064   2.0000   0.0513   0.1499   0.0419   0.0748   0.0748   0.0041   0.0000  -0.0018  -0.0205    0.274
    42   0.0576   2.0000   0.1531   0.1499   0.0420   0.0748   0.0748   0.0041   0.0000  -0.0018  -0.0205    0.274
    43   0.1592   2.0000   0.2523   0.1499   0.0415   0.0748   0.0748   0.0041   0.0000  -0.0018  -0.0205    0.274
    44   0.3094   2.0000   0.3471   0.1499   0.0422   0.0748   0.0748   0.0041   0.0000  -0.0018  -0.0205    0.274
    45   0.5056   2.0000   0.4360   0.1500   0.0379   0.0749   0.0749   0.0041   0.0000  -0.0018  -0.0205    0.274
    46   0.7445   2.0000   0.5175   0.1502   0.0421   0.0750   0.0750   0.0041   0.0000  -0.0018  -0.0206    0.274
    47   1.0220   2.0000   0.5901   0.1505   0.0526   0.0752   0.0752   0.0041   0.0000  -0.0018  -0.0206    0.274
    48   1.3333   2.0000   0.6526   0.1511   0.0415   0.0754   0.0754   0.0041   0.0000  -0.0018  -0.0206    0.273
    49   1.6731   2.0000   0.7039   0.1519   0.0465   0.0758   0.0758   0.0042   0.0000  -0.0017  -0.0207    0.273
    50   2.0357   2.0000   0.7432   0.1530   0.0384   0.0764   0.0764   0.0042   0.0000  -0.0017  -0.0208    0.272
    51   2.4147   2.0000   0.7698   0.1546   0.0453   0.0772   0.0772   0.0042   0.0000  -0.0016  -0.0209    0.270
    52   2.8038   2.0000   0.7832   0.1564   0.0907   0.0781   0.0781   0.0042   0.0000  -0.0014  -0.0209    0.268
    53   3.1962   2.0000   0.7832   0.1575   0.0437   0.0787   0.0787   0.0042   0.0000  -0.0011  -0.0208    0.264
    54   3.5853   2.0000   0.7698   0.1554   0.0524   0.0776   0.0776   0.0041   0.0000  -0.0009  -0.0203    0.261
    55   3.9643   2.0000   0.7432   0.1473   0.1331   0.0736   0.0736   0.0040   0.0000  -0.0007  -0.0191    0.260
    56   4.3269   2.0000   0.7039   0.1375   0.0409   0.0687   0.0687   0.0037   0.0000  -0.0005  -0.0177    0.257
    57   4.6667   2.0000   0.6526   0.1296   0.0518   0.0647   0.0647   0.0035   0.0000  -0.0001  -0.0163    0.251
    58   4.9780   2.0000   0.5901   0.1188   0.0629   0.0593   0.0593   0.0032   0.0000   0.0003  -0.0146    0.245
    59   5.2555   2.0000   0.5175   0.1020   0.1043   0.0509   0.0509   0.0028   0.0000   0.0002  -0.0126    0.246
    60   5.4944   2.0000   0.4360   0.0827   0.0122   0.0413   0.0413   0.0024   0.0000   0.0000  -0.0103    0.249
    61   5.6906   2.0000   0.3471   0.0644   0.0331   0.0322   0.0322   0.0019   0.0000   0.0000  -0.0080    0.249
    62   5.8408   2.0000   0.2523   0.0468   0.0404   0.0234   0.0234   0.0014   0.0000   0.0001  -0.0057    0.244
    63   5.9424   2.0000   0.1531   0.0287   0.0449   0.0143   0.0143   0.0009   0.0000   0.0002  -0.0034    0.238
    64   5.9936   2.0000   0.0513   0.0097   0.0473   0.0048   0.0048   0.0003   0.0000   0.0001  -0.0011    0.234

  Surface # 4     Second Wing2 (YDUP)                     
     # Chordwise = 12   # Spanwise = 24     First strip = 65
     Surface area =   12.000000       Ave. chord =    2.000000
     CLsurf  =   0.00687     Clsurf  =   0.00047
     CYsurf  =  -0.00000     Cmsurf  =  -0.02384
     CDsurf  =   0.00037     Cnsurf  =   0.00000
     CDisurf =   0.00037     CDvsurf =   0.00000

  Forces referred to Ssurf, Cave about hinge axis thru LE
     CLsurf  =   0.06844     CDsurf  =   0.00373
     Deflect =

 Strip Forces referred to Strip Area, Chord
    j      Yle    Chord     Area     c cl      ai      cl_norm  cl       cd       cdv    cm_c/4    cm_LE  C.P.x/c
    65  -0.0064   2.0000   0.0513   0.1499   0.0419   0.0748   0.0748   0.0041   0.0000  -0.0018   0.0205    0.274
    66  -0.0576   2.0000   0.1531   0.1499   0.0420   0.0748   0.0748   0.0041   0.0000  -0.0018   0.0205    0.274
    67  -0.1592   2.0000   0.2523   0.1499   0.0415   0.0748   0.0748   0.0041   0.0000  -0.0018   0.0205    0.274
    68  -0.3094   2.0000   0.3471   0.1499   0.0422   0.0748   0.0748   0.0041   0.0000  -0.0018   0.0205    0.274
    69  -0.5056   2.0000   0.4360   0.1500   0.0379   0.0749   0.0749   0.0041   0.0000  -0.0018   0.0205    0.274
    70  -0.7445   2.0000   0.5175   0.1502   0.0421   0.0750   0.0750   0.0041   0.0000  -0.0018   0.0206    0.274
    71  -1.0220   2.0000   0.5901   0.1505   0.0526   0.0752   0.0752   0.0041   0.0000  -0.0018   0.0206    0.274
    72  -1.3333   2.0000   0.6526   0.1511   0.0415   0.0754   0.0754   0.0041   0.0000  -0.0018   0.0206    0.273
    73  -1.6731   2.0000   0.7039   0.1519   0.0465   0.0758   0.0758   0.0042   0.0000  -0.0017   0.0207    0.273
    74  -2.0357   2.0000   0.7432   0.1530   0.0384   0.0764   0.0764   0.0042   0.0000  -0.0017   0.0208    0.272
    75  -2.4147   2.0000   0.7698   0.1546   0.0453   0.0772   0.0772   0.0042   0.0000  -0.0016   0.0209    0.270
    76  -2.8038   2.0000   0.7832   0.1564   0.0907   0.0781   0.0781   0.0042   0.0000  -0.0014   0.0209    0.268
    77  -3.1962   2.0000   0.7832   0.1575   0.0437   0.0787   0.0787   0.0042   0.0000  -0.0011   0.0208    0.264
    78  -3.5853   2.0000   0.7698   0.1554   0.0524   0.0776   0.0776   0.0041   0.0000  -0.0009   0.0203    0.261
    79  -3.9643   2.0000   0.7432   0.1473   0.1331   0.0736   0.0736   0.0040   0.0000  -0.0007   0.0191    0.260
    80  -4.3269   2.0000   0.7039   0.1375   0.0409   0.0687   0.0687   0.0037   0.0000  -0.0005   0.0177    0.257
    81  -4.6667   2.0000   0.6526   0.1296   0.0518   0.0647   0.0647   0.0035   0.0000  -0.0001   0.0163    0.251
    82  -4.9780   2.0000   0.5901   0.1188   0.0629   0.0593   0.0593   0.0032   0.0000   0.0003   0.0146    0.245
    83  -5.2555   2.0000   0.5175   0.1020   0.1043   0.0509   0.0509   0.0028   0.0000   0.0002   0.0126    0.246
    84  -5.4944   2.0000   0.4360   0.0827   0.0122   0.0413   0.0413   0.0024   0.0000   0.0000   0.0103    0.249
    85  -5.6906   2.0000   0.3471   0.0644   0.0331   0.0322   0.0322   0.0019   0.0000   0.0000   0.0080    0.249
    86  -5.8408   2.0000   0.2523   0.0468   0.0404   0.0234   0.0234   0.0014   0.0000   0.0001   0.0057    0.244
    87  -5.9424   2.0000   0.1531   0.0287   0.0449   0.0143   0.0143   0.0009   0.0000   0.0002   0.0034    0.238
    88  -5.9936   2.0000   0.0513   0.0097   0.0473   0.0048   0.0048   0.0003   0.0000   0.0001   0.0011    0.234

  Surface # 5     Fin                                     
     # Chordwise = 12   # Spanwise = 12     First strip = 89
     Surface area =    4.000000       Ave. chord =    1.600000
     CLsurf  =   0.00000     Clsurf  =  -0.00001
     CYsurf  =  -0.00036     Cmsurf  =  -0.00000
     CDsurf  =  -0.00000     Cnsurf  =   0.00010
     CDisurf =  -0.00000     CDvsurf =   0.00000

  Forces referred to Ssurf, Cave about hinge axis thru LE
     CLsurf  =   0.01068     CDsurf  =  -0.00003
     Deflect =

 Strip Forces referred to Strip Area, Chord
    j      Yle    Chord     Area     c cl      ai      cl_norm  cl       cd       cdv    cm_c/4    cm_LE  C.P.x/c
    89   4.0000   1.9966   0.0850   0.0013  -0.3061   0.0007   0.0006   0.0000   0.0000  -0.0001  -0.0002    0.370
    90   4.0000   1.9696   0.2459   0.0040  -0.0393   0.0022   0.0020  -0.0000   0.0000  -0.0002  -0.0007    0.374
    91   4.0000   1.9173   0.3809   0.0073  -0.0195   0.0042   0.0038  -0.0000   0.0000  -0.0004  -0.0014    0.366
    92   4.0000   1.8435   0.4773   0.0115  -0.0137   0.0068   0.0062  -0.0000   0.0000  -0.0005  -0.0021    0.336
    93   4.0000   1.7531   0.5285   0.0164  -0.0107   0.0103   0.0094  -0.0000   0.0000  -0.0004  -0.0028    0.295
    94   4.0000   1.6522   0.5345   0.0211  -0.0085   0.0140   0.0128  -0.0000   0.0000  -0.0002  -0.0034    0.262
    95   4.0000   1.5478   0.5007   0.0240  -0.0069   0.0170   0.0155  -0.0000   0.0000   0.0001  -0.0038    0.241
    96   4.0000   1.4469   0.4362   0.0244  -0.0058   0.0185   0.0168  -0.0001   0.0000   0.0004  -0.0038    0.224
    97   4.0000   1.3565   0.3512   0.0222  -0.0049   0.0179   0.0164  -0.0001   0.0000   0.0007  -0.0035    0.207
    98   4.0000   1.2827   0.2548   0.0178  -0.0043   0.0152   0.0138  -0.0001   0.0000   0.0009  -0.0027    0.187
    99   4.0000   1.2304   0.1537   0.0115  -0.0039   0.0102   0.0093  -0.0000   0.0000   0.0008  -0.0016    0.165
   100   4.0000   1.2034   0.0513   0.0040  -0.0036   0.0036   0.0033  -0.0000   0.0000   0.0003  -0.0005    0.147

  Surface # 6     Fin (YDUP)                              
     # Chordwise = 12   # Spanwise = 12     First strip =101
     Surface area =    4.000000       Ave. chord =    1.600000
     CLsurf  =   0.00000     Clsurf  =   0.00001
     CYsurf  =   0.00036     Cmsurf  =  -0.00000
     CDsurf  =  -0.00000     Cnsurf  =  -0.00010
     CDisurf =  -0.00000     CDvsurf =   0.00000

  Forces referred to Ssurf, Cave about hinge axis thru LE
     CLsurf  =   0.01068     CDsurf  =  -0.00003
     Deflect =

 Strip Forces referred to Strip Area, Chord
    j      Yle    Chord     Area     c cl      ai      cl_norm  cl       cd       cdv    cm_c/4    cm_LE  C.P.x/c
   101  -4.0000   1.9966   0.0850   0.0013  -0.3061   0.0007   0.0006   0.0000   0.0000  -0.0001   0.0002    0.370
   102  -4.0000   1.9696   0.2459   0.0040  -0.0393   0.0022   0.0020  -0.0000   0.0000  -0.0002   0.0007    0.374
   103  -4.0000   1.9173   0.3809   0.0073  -0.0195   0.0042   0.0038  -0.0000   0.0000  -0.0004   0.0014    0.366
   104  -4.0000   1.8435   0.4773   0.0115  -0.0137   0.0068   0.0062  -0.0000   0.0000  -0.0005   0.0021    0.336
   105  -4.0000   1.7531   0.5285   0.0164  -0.0107   0.0103   0.0094  -0.0000   0.0000  -0.0004   0.0028    0.295
   106  -4.0000   1.6522   0.5345   0.0211  -0.0085   0.0140   0.0128  -0.0000   0.0000  -0.0002   0.0034    0.262
   107  -4.0000   1.5478   0.5007   0.0240  -0.0069   0.0170   0.0155  -0.0000   0.0000   0.0001   0.0038    0.241
   108  -4.0000   1.4469   0.4362   0.0244  -0.0058   0.0185   0.0168  -0.0001   0.0000   0.0004   0.0038    0.224
   109  -4.0000   1.3565   0.3512   0.0222  -0.0049   0.0179   0.0164  -0.0001   0.0000   0.0007   0.0035    0.207
   110  -4.0000   1.2827   0.2548   0.0178  -0.0043   0.0152   0.0138  -0.0001   0.0000   0.0009   0.0027    0.187
   111  -4.0000   1.2304   0.1537   0.0115  -0.0039   0.0102   0.0093  -0.0000   0.0000   0.0008   0.0016    0.165
   112  -4.0000   1.2034   0.0513   0.0040  -0.0036   0.0036   0.0033  -0.0000   0.0000   0.0003   0.0005    0.147
 ---------------------------------------------------------------
