 ---------------------------------------------------------------
 Surface and Strip Forces by surface

  Forces referred to Sref, Cref, Bref about Xref, Yref, Zref
 Standard axis orientation,  X fwd, Z down         

  Surface # 1     FrontWing                               
     # Chordwise = 12   # Spanwise = 20     First strip =  1
     Surface area =   59.987980       Ave. chord =    2.999398
     CLsurf  =   0.26292     Clsurf  =  -0.05938
     CYsurf  =   0.00051     Cmsurf  =  -0.19605
     CDsurf  =   0.00362     Cnsurf  =   0.00111
     CDisurf =   0.00362     CDvsurf =   0.00000

  Forces referred to Ssurf, Cave about hinge axis thru LE
     CLsurf  =   0.52419     CDsurf  =   0.00722
     Deflect =

 Strip Forces referred to Strip Area, Chord
    j      Yle    Chord     Area     c cl      ai      cl_norm  cl       cd       cdv    cm_c/4    cm_LE  C.P.x/c
     1   0.0299   3.7500   0.4480   1.8435   0.0089   0.4916   0.4916   0.0057   0.0000  -0.1425  -0.2654    0.540
     2   0.2681   3.7500   1.3330   1.8434   0.0091   0.4916   0.4916   0.0057   0.0000  -0.1425  -0.2654    0.540
     3   0.7386   3.7500   2.1851   1.8428   0.0087   0.4914   0.4914   0.0057   0.0000  -0.1425  -0.2653    0.540
     4   1.4299   3.7500   2.9835   1.8409   0.0058   0.4909   0.4909   0.0057   0.0000  -0.1425  -0.2652    0.540
     5   2.3249   3.7500   3.7084   1.8363   0.0120   0.4897   0.4897   0.0058   0.0000  -0.1425  -0.2649    0.541
     6   3.4016   3.7500   4.3420   1.8273   0.0989   0.4873   0.4873   0.0060   0.0000  -0.1424  -0.2642    0.542
     7   4.6579   3.6729   4.9520   1.8092   0.0053   0.4964   0.4926   0.0060   0.0000  -0.1425  -0.2639    0.539
     8   6.0668   3.5078   5.1245   1.7801   0.1119   0.5114   0.5075   0.0059   0.0000  -0.1427  -0.2677    0.531
     9   7.5707   3.3316   5.1225   1.7417   0.0293   0.5268   0.5228   0.0057   0.0000  -0.1428  -0.2716    0.523
    10   9.1324   3.1485   4.9633   1.6951   0.0250   0.5426   0.5384   0.0059   0.0000  -0.1428  -0.2755    0.515
    11  10.7137   2.9632   4.6712   1.6412   0.0240   0.5582   0.5539   0.0061   0.0000  -0.1428  -0.2794    0.508
    12  12.2755   2.7802   4.2748   1.5803   0.0246   0.5728   0.5684   0.0066   0.0000  -0.1427  -0.2829    0.501
    13  13.7793   2.6040   3.8041   1.5118   0.0266   0.5851   0.5806   0.0073   0.0000  -0.1425  -0.2857    0.495
    14  15.1883   2.4389   3.2882   1.4339   0.0304   0.5925   0.5880   0.0085   0.0000  -0.1419  -0.2869    0.491
    15  16.4675   2.2890   2.7522   1.3421   0.0368   0.5909   0.5864   0.0103   0.0000  -0.1408  -0.2854    0.490
    16  17.5856   2.1579   2.2161   1.2286   0.0468   0.5738   0.5694   0.0126   0.0000  -0.1384  -0.2788    0.493
    17  18.5151   2.0490   1.6929   1.0805   0.0624   0.5314   0.5274   0.0153   0.0000  -0.1333  -0.2633    0.503
    18  19.2329   1.9649   1.1890   0.8788   0.0865   0.4508   0.4473   0.0172   0.0000  -0.1216  -0.2318    0.522
    19  19.7216   1.9076   0.7042   0.6003   0.1238   0.3172   0.3147   0.0158   0.0000  -0.0949  -0.1724    0.552
    20  19.9689   1.8786   0.2331   0.2231   0.1755   0.1197   0.1188   0.0071   0.0000  -0.0400  -0.0693    0.587

  Surface # 2     FrontWing (YDUP)                        
     # Chordwise = 12   # Spanwise = 20     First strip = 21
     Surface area =   59.987980       Ave. chord =    2.999398
     CLsurf  =   0.26292     Clsurf  =   0.05938
     CYsurf  =  -0.00051     Cmsurf  =  -0.19605
     CDsurf  =   0.00362     Cnsurf  =  -0.00111
     CDisurf =   0.00362     CDvsurf =   0.00000

  Forces referred to Ssurf, Cave about hinge axis thru LE
     CLsurf  =   0.52419     CDsurf  =   0.00722
     Deflect =

 Strip Forces referred to Strip Area, Chord
    j      Yle    Chord     Area     c cl      ai      cl_norm  cl       cd       cdv    cm_c/4    cm_LE  C.P.x/c
    21  -0.0299   3.7500   0.4480   1.8435   0.0089   0.4916   0.4916   0.0057   0.0000  -0.1425   0.2654    0.540
    22  -0.2681   3.7500   1.3330   1.8434   0.0091   0.4916   0.4916   0.0057   0.0000  -0.1425   0.2654    0.540
    23  -0.7386   3.7500   2.1851   1.8428   0.0087   0.4914   0.4914   0.0057   0.0000  -0.1425   0.2653    0.540
    24  -1.4299   3.7500   2.9835   1.8409   0.0058   0.4909   0.4909   0.0057   0.0000  -0.1425   0.2652    0.540
    25  -2.3249   3.7500   3.7084   1.8363   0.0120   0.4897   0.4897   0.0058   0.0000  -0.1425   0.2649    0.541
    26  -3.4016   3.7500   4.3420   1.8273   0.0989   0.4873   0.4873   0.0060   0.0000  -0.1424   0.2642    0.542
    27  -4.6579   3.6729   4.9520   1.8092   0.0053   0.4964   0.4926   0.0060   0.0000  -0.1425   0.2639    0.539
    28  -6.0668   3.5078   5.1245   1.7801   0.1119   0.5114   0.5075   0.0059   0.0000  -0.1427   0.2677    0.531
    29  -7.5707   3.3316   5.1225   1.7417   0.0293   0.5268   0.5228   0.0057   0.0000  -0.1428   0.2716    0.523
    30  -9.1324   3.1485   4.9633   1.6951   0.0250   0.5426   0.5384   0.0059   0.0000  -0.1428   0.2755    0.515
    31 -10.7137   2.9632   4.6712   1.6412   0.0240   0.5582   0.5539   0.0061   0.0000  -0.1428   0.2794    0.508
    32 -12.2755   2.7802   4.2748   1.5803   0.0246   0.5728   0.5684   0.0066   0.0000  -0.1427   0.2829    0.501
    33 -13.7793   2.6040   3.8041   1.5118   0.0266   0.5851   0.5806   0.0073   0.0000  -0.1425   0.2857    0.495
    34 -15.1883   2.4389   3.2882   1.4339   0.0304   0.5925   0.5880   0.0085   0.0000  -0.1419   0.2869    0.491
    35 -16.4675   2.2890   2.7522   1.3421   0.0368   0.5909   0.5864   0.0103   0.0000  -0.1408   0.2854    0.490
    36 -17.5856   2.1579   2.2161   1.2286   0.0468   0.5738   0.5694   0.0126   0.0000  -0.1384   0.2788    0.493
    37 -18.5151   2.0490   1.6929   1.0805   0.0624   0.5314   0.5274   0.0153   0.0000  -0.1333   0.2633    0.503
    38 -19.2329   1.9649   1.1890   0.8788   0.0865   0.4508   0.4473   0.0172   0.0000  -0.1216   0.2318    0.522
    39 -19.7216   1.9076   0.7042   0.6003   0.1238   0.3172   0.3147   0.0158   0.0000  -0.0949   0.1724    0.552
    40 -19.9689   1.8786   0.2331   0.2231   0.1755   0.1197   0.1188   0.0071   0.0000  -0.0400   0.0693    0.587

  Surface # 3     Second Wing2                            
     # Chordwise = 12   # Spanwise = 24     First strip = 41
     Surface area =   12.000000       Ave. chord =    2.000000
     CLsurf  =  -0.01292     Clsurf  =   0.00085
     CYsurf  =  -0.00000     Cmsurf  =   0.04449
     CDsurf  =  -0.00029     Cnsurf  =  -0.00002
     CDisurf =  -0.00029     CDvsurf =   0.00000

  Forces referred to Ssurf, Cave about hinge axis thru LE
     CLsurf  =  -0.12874     CDsurf  =  -0.00287
     Deflect =

 Strip Forces referred to Strip Area, Chord
    j      Yle    Chord     Area     c cl      ai      cl_norm  cl       cd       cdv    cm_c/4    cm_LE  C.P.x/c
    41   0.0064   2.0000   0.0513  -0.3122   0.0087  -0.1561  -0.1561  -0.0038   0.0000  -0.0018   0.0372    0.238
    42   0.0576   2.0000   0.1531  -0.3122   0.0088  -0.1561  -0.1561  -0.0038   0.0000  -0.0018   0.0372    0.238
    43   0.1592   2.0000   0.2523  -0.3122   0.0085  -0.1561  -0.1561  -0.0038   0.0000  -0.0018   0.0372    0.238
    44   0.3094   2.0000   0.3471  -0.3120   0.0088  -0.1560  -0.1560  -0.0038   0.0000  -0.0018   0.0372    0.238
    45   0.5056   2.0000   0.4360  -0.3116   0.0071  -0.1558  -0.1558  -0.0038   0.0000  -0.0019   0.0371    0.238
    46   0.7445   2.0000   0.5175  -0.3108   0.0087  -0.1554  -0.1554  -0.0038   0.0000  -0.0019   0.0370    0.238
    47   1.0220   2.0000   0.5901  -0.3094   0.0127  -0.1547  -0.1547  -0.0037   0.0000  -0.0019   0.0368    0.238
    48   1.3333   2.0000   0.6526  -0.3074   0.0082  -0.1537  -0.1537  -0.0037   0.0000  -0.0019   0.0365    0.238
    49   1.6731   2.0000   0.7039  -0.3043   0.0100  -0.1522  -0.1522  -0.0036   0.0000  -0.0019   0.0361    0.237
    50   2.0357   2.0000   0.7432  -0.3001   0.0064  -0.1501  -0.1501  -0.0035   0.0000  -0.0020   0.0355    0.237
    51   2.4147   2.0000   0.7698  -0.2944   0.0089  -0.1472  -0.1472  -0.0034   0.0000  -0.0020   0.0348    0.236
    52   2.8038   2.0000   0.7832  -0.2868   0.0270  -0.1434  -0.1434  -0.0032   0.0000  -0.0020   0.0338    0.236
    53   3.1962   2.0000   0.7832  -0.2773   0.0077  -0.1387  -0.1387  -0.0030   0.0000  -0.0020   0.0326    0.235
    54   3.5853   2.0000   0.7698  -0.2661   0.0120  -0.1330  -0.1330  -0.0028   0.0000  -0.0022   0.0311    0.234
    55   3.9643   2.0000   0.7432  -0.2527   0.0570  -0.1263  -0.1263  -0.0026   0.0000  -0.0026   0.0289    0.229
    56   4.3269   2.0000   0.7039  -0.2365  -0.0014  -0.1183  -0.1183  -0.0024   0.0000  -0.0031   0.0264    0.223
    57   4.6667   2.0000   0.6526  -0.2179   0.0042  -0.1090  -0.1090  -0.0021   0.0000  -0.0034   0.0238    0.219
    58   4.9780   2.0000   0.5901  -0.1980   0.0083  -0.0990  -0.0990  -0.0018   0.0000  -0.0037   0.0211    0.213
    59   5.2555   2.0000   0.5175  -0.1774   0.0253  -0.0887  -0.0887  -0.0016   0.0000  -0.0042   0.0180    0.203
    60   5.4944   2.0000   0.4360  -0.1537  -0.0184  -0.0769  -0.0769  -0.0014   0.0000  -0.0045   0.0147    0.192
    61   5.6906   2.0000   0.3471  -0.1250  -0.0103  -0.0625  -0.0625  -0.0011   0.0000  -0.0044   0.0113    0.180
    62   5.8408   2.0000   0.2523  -0.0919  -0.0079  -0.0460  -0.0460  -0.0007   0.0000  -0.0037   0.0078    0.169
    63   5.9424   2.0000   0.1531  -0.0561  -0.0064  -0.0281  -0.0281  -0.0004   0.0000  -0.0025   0.0045    0.160
    64   5.9936   2.0000   0.0513  -0.0189  -0.0057  -0.0094  -0.0094  -0.0001   0.0000  -0.0009   0.0015    0.155

  Surface # 4     Second Wing2 (YDUP)                     
     # Chordwise = 12   # Spanwise = 24     First strip = 65
     Surface area =   12.000000       Ave. chord =    2.000000
     CLsurf  =  -0.01292     Clsurf  =  -0.00085
     CYsurf  =  -0.00000     Cmsurf  =   0.04449
     CDsurf  =  -0.00029     Cnsurf  =   0.00002
     CDisurf =  -0.00029     CDvsurf =   0.00000

  Forces referred to Ssurf, Cave about hinge axis thru LE
     CLsurf  =  -0.12874     CDsurf  =  -0.00287
     Deflect =

 Strip Forces referred to Strip Area, Chord
    j      Yle    Chord     Area     c cl      ai      cl_norm  cl       cd       cdv    cm_c/4    cm_LE  C.P.x/c
    65  -0.0064   2.0000   0.0513  -0.3122   0.0087  -0.1561  -0.1561  -0.0038   0.0000  -0.0018  -0.0372    0.238
    66  -0.0576   2.0000   0.1531  -0.3122   0.0088  -0.1561  -0.1561  -0.0038   0.0000  -0.0018  -0.0372    0.238
    67  -0.1592   2.0000   0.2523  -0.3122   0.0085  -0.1561  -0.1561  -0.0038   0.0000  -0.0018  -0.0372    0.238
    68  -0.3094   2.0000   0.3471  -0.3120   0.0088  -0.1560  -0.1560  -0.0038   0.0000  -0.0018  -0.0372    0.238
    69  -0.5056   2.0000   0.4360  -0.3116   0.0071  -0.1558  -0.1558  -0.0038   0.0000  -0.0019  -0.0371    0.238
    70  -0.7445   2.0000   0.5175  -0.3108   0.0087  -0.1554  -0.1554  -0.0038   0.0000  -0.0019  -0.0370    0.238
    71  -1.0220   2.0000   0.5901  -0.3094   0.0127  -0.1547  -0.1547  -0.0037   0.0000  -0.0019  -0.0368    0.238
    72  -1.3333   2.0000   0.6526  -0.3074   0.0082  -0.1537  -0.1537  -0.0037   0.0000  -0.0019  -0.0365    0.238
    73  -1.6731   2.0000   0.7039  -0.3043   0.0100  -0.1522  -0.1522  -0.0036   0.0000  -0.0019  -0.0361    0.237
    74  -2.0357   2.0000   0.7432  -0.3001   0.0064  -0.1501  -0.1501  -0.0035   0.0000  -0.0020  -0.0355    0.237
    75  -2.4147   2.0000   0.7698  -0.2944   0.0089  -0.1472  -0.1472  -0.0034   0.0000  -0.0020  -0.0348    0.236
    76  -2.8038   2.0000   0.7832  -0.2868   0.0270  -0.1434  -0.1434  -0.0032   0.0000  -0.0020  -0.0338    0.236
    77  -3.1962   2.0000   0.7832  -0.2773   0.0077  -0.1387  -0.1387  -0.0030   0.0000  -0.0020  -0.0326    0.235
    78  -3.5853   2.0000   0.7698  -0.2661   0.0120  -0.1330  -0.1330  -0.0028   0.0000  -0.0022  -0.0311    0.234
    79  -3.9643   2.0000   0.7432  -0.2527   0.0570  -0.1263  -0.1263  -0.0026   0.0000  -0.0026  -0.0289    0.229
    80  -4.3269   2.0000   0.7039  -0.2365  -0.0014  -0.1183  -0.1183  -0.0024   0.0000  -0.0031  -0.0264    0.223
    81  -4.6667   2.0000   0.6526  -0.2179   0.0042  -0.1090  -0.1090  -0.0021   0.0000  -0.0034  -0.0238    0.219
    82  -4.9780   2.0000   0.5901  -0.1980   0.0083  -0.0990  -0.0990  -0.0018   0.0000  -0.0037  -0.0211    0.213
    83  -5.2555   2.0000   0.5175  -0.1774   0.0253  -0.0887  -0.0887  -0.0016   0.0000  -0.0042  -0.0180    0.203
    84  -5.4944   2.0000   0.4360  -0.1537  -0.0184  -0.0769  -0.0769  -0.0014   0.0000  -0.0045  -0.0147    0.192
    85  -5.6906   2.0000   0.3471  -0.1250  -0.0103  -0.0625  -0.0625  -0.0011   0.0000  -0.0044  -0.0113    0.180
    86  -5.8408   2.0000   0.2523  -0.0919  -0.0079  -0.0460  -0.0460  -0.0007   0.0000  -0.0037  -0.0078    0.169
    87  -5.9424   2.0000   0.1531  -0.0561  -0.0064  -0.0281  -0.0281  -0.0004   0.0000  -0.0025  -0.0045    0.160
    88  -5.9936   2.0000   0.0513  -0.0189  -0.0057  -0.0094  -0.0094  -0.0001   0.0000  -0.0009  -0.0015    0.155

  Surface # 5     Fin                                     
     # Chordwise = 12   # Spanwise = 12     First strip = 89
     Surface area =    4.000000       Ave. chord =    1.600000
     CLsurf  =   0.00000     Clsurf  =   0.00001
     CYsurf  =   0.00036     Cmsurf  =  -0.00000
     CDsurf  =  -0.00000     Cnsurf  =  -0.00010
     CDisurf =  -0.00000     CDvsurf =   0.00000

  Forces referred to Ssurf, Cave about hinge axis thru LE
     CLsurf  =  -0.01070     CDsurf  =  -0.00002
     Deflect =

 Strip Forces referred to Strip Area, Chord
    j      Yle    Chord     Area     c cl      ai      cl_norm  cl       cd       cdv    cm_c/4    cm_LE  C.P.x/c
    89   4.0000   1.9966   0.0850  -0.0024  -0.1329  -0.0012  -0.0012   0.0000   0.0000   0.0001   0.0004    0.312
    90   4.0000   1.9696   0.2459  -0.0078  -0.0096  -0.0042  -0.0040  -0.0000   0.0000   0.0002   0.0011    0.303
    91   4.0000   1.9173   0.3809  -0.0144  -0.0006  -0.0079  -0.0075  -0.0000   0.0000   0.0003   0.0021    0.292
    92   4.0000   1.8435   0.4773  -0.0205  -0.0003  -0.0117  -0.0111  -0.0000   0.0000   0.0004   0.0030    0.283
    93   4.0000   1.7531   0.5285  -0.0237  -0.0000  -0.0143  -0.0135  -0.0000   0.0000   0.0004   0.0036    0.280
    94   4.0000   1.6522   0.5345  -0.0237   0.0007  -0.0151  -0.0143  -0.0000   0.0000   0.0004   0.0038    0.278
    95   4.0000   1.5478   0.5007  -0.0214   0.0013  -0.0146  -0.0138  -0.0000   0.0000   0.0004   0.0036    0.276
    96   4.0000   1.4469   0.4362  -0.0179   0.0016  -0.0131  -0.0124  -0.0000   0.0000   0.0003   0.0032    0.272
    97   4.0000   1.3565   0.3512  -0.0140   0.0017  -0.0109  -0.0103  -0.0000   0.0000   0.0002   0.0026    0.266
    98   4.0000   1.2827   0.2548  -0.0100   0.0016  -0.0082  -0.0078  -0.0000   0.0000   0.0000   0.0019    0.256
    99   4.0000   1.2304   0.1537  -0.0060   0.0015  -0.0051  -0.0049  -0.0000   0.0000  -0.0000   0.0011    0.244
   100   4.0000   1.2034   0.0513  -0.0020   0.0014  -0.0018  -0.0017  -0.0000   0.0000  -0.0000   0.0004    0.236

  Surface # 6     Fin (YDUP)                              
     # Chordwise = 12   # Spanwise = 12     First strip =101
     Surface area =    4.000000       Ave. chord =    1.600000
     CLsurf  =   0.00000     Clsurf  =  -0.00001
     CYsurf  =  -0.00036     Cmsurf  =  -0.00000
     CDsurf  =  -0.00000     Cnsurf  =   0.00010
     CDisurf =  -0.00000     CDvsurf =   0.00000

  Forces referred to Ssurf, Cave about hinge axis thru LE
     CLsurf  =  -0.01070     CDsurf  =  -0.00002
     Deflect =

 Strip Forces referred to Strip Area, Chord
    j      Yle    Chord     Area     c cl      ai      cl_norm  cl       cd       cdv    cm_c/4    cm_LE  C.P.x/c
   101  -4.0000   1.9966   0.0850  -0.0024  -0.1329  -0.0012  -0.0012   0.0000   0.0000   0.0001  -0.0004    0.312
   102  -4.0000   1.9696   0.2459  -0.0078  -0.0096  -0.0042  -0.0040  -0.0000   0.0000   0.0002  -0.0011    0.303
   103  -4.0000   1.9173   0.3809  -0.0144  -0.0006  -0.0079  -0.0075  -0.0000   0.0000   0.0003  -0.0021    0.292
   104  -4.0000   1.8435   0.4773  -0.0205  -0.0003  -0.0117  -0.0111  -0.0000   0.0000   0.0004  -0.0030    0.283
   105  -4.0000   1.7531   0.5285  -0.0237  -0.0000  -0.0143  -0.0135  -0.0000   0.0000   0.0004  -0.0036    0.280
   106  -4.0000   1.6522   0.5345  -0.0237   0.0007  -0.0151  -0.0143  -0.0000   0.0000   0.0004  -0.0038    0.278
   107  -4.0000   1.5478   0.5007  -0.0214   0.0013  -0.0146  -0.0138  -0.0000   0.0000   0.0004  -0.0036    0.276
   108  -4.0000   1.4469   0.4362  -0.0179   0.0016  -0.0131  -0.0124  -0.0000   0.0000   0.0003  -0.0032    0.272
   109  -4.0000   1.3565   0.3512  -0.0140   0.0017  -0.0109  -0.0103  -0.0000   0.0000   0.0002  -0.0026    0.266
   110  -4.0000   1.2827   0.2548  -0.0100   0.0016  -0.0082  -0.0078  -0.0000   0.0000   0.0000  -0.0019    0.256
   111  -4.0000   1.2304   0.1537  -0.0060   0.0015  -0.0051  -0.0049  -0.0000   0.0000  -0.0000  -0.0011    0.244
   112  -4.0000   1.2034   0.0513  -0.0020   0.0014  -0.0018  -0.0017  -0.0000   0.0000  -0.0000  -0.0004    0.236
 ---------------------------------------------------------------
