 ---------------------------------------------------------------
 Surface and Strip Forces by surface

  Forces referred to Sref, Cref, Bref about Xref, Yref, Zref
 Standard axis orientation,  X fwd, Z down         

  Surface # 1     FrontWing                               
     # Chordwise = 12   # Spanwise = 20     First strip =  1
     Surface area =   59.987980       Ave. chord =    2.999398
     CLsurf  =   0.30799     Clsurf  =  -0.06910
     CYsurf  =   0.00065     Cmsurf  =  -0.21657
     CDsurf  =   0.00483     Cnsurf  =   0.00026
     CDisurf =   0.00483     CDvsurf =   0.00000

  Forces referred to Ssurf, Cave about hinge axis thru LE
     CLsurf  =   0.61404     CDsurf  =   0.00963
     Deflect =

 Strip Forces referred to Strip Area, Chord
    j      Yle    Chord     Area     c cl      ai      cl_norm  cl       cd       cdv    cm_c/4    cm_LE  C.P.x/c
     1   0.0299   3.7500   0.4480   2.1861   0.0171   0.5829   0.5829   0.0080   0.0000  -0.1424  -0.2881    0.494
     2   0.2681   3.7500   1.3330   2.1860   0.0173   0.5829   0.5829   0.0080   0.0000  -0.1424  -0.2881    0.494
     3   0.7386   3.7500   2.1851   2.1852   0.0171   0.5827   0.5827   0.0080   0.0000  -0.1424  -0.2881    0.494
     4   1.4299   3.7500   2.9835   2.1825   0.0147   0.5819   0.5819   0.0080   0.0000  -0.1424  -0.2879    0.495
     5   2.3249   3.7500   3.7084   2.1762   0.0202   0.5803   0.5803   0.0082   0.0000  -0.1424  -0.2875    0.495
     6   3.4016   3.7500   4.3420   2.1638   0.0819   0.5770   0.5770   0.0085   0.0000  -0.1425  -0.2867    0.497
     7   4.6579   3.6729   4.9520   2.1401   0.0167   0.5871   0.5826   0.0084   0.0000  -0.1426  -0.2863    0.495
     8   6.0668   3.5078   5.1245   2.1021   0.0813   0.6039   0.5992   0.0082   0.0000  -0.1426  -0.2904    0.488
     9   7.5707   3.3316   5.1225   2.0521   0.0298   0.6207   0.6159   0.0078   0.0000  -0.1427  -0.2946    0.482
    10   9.1324   3.1485   4.9633   1.9917   0.0270   0.6374   0.6325   0.0079   0.0000  -0.1427  -0.2988    0.476
    11  10.7137   2.9632   4.6712   1.9220   0.0265   0.6536   0.6486   0.0081   0.0000  -0.1427  -0.3028    0.470
    12  12.2755   2.7802   4.2748   1.8440   0.0274   0.6683   0.6632   0.0086   0.0000  -0.1426  -0.3063    0.465
    13  13.7793   2.6040   3.8041   1.7573   0.0298   0.6800   0.6748   0.0095   0.0000  -0.1423  -0.3089    0.461
    14  15.1883   2.4389   3.2882   1.6600   0.0341   0.6858   0.6806   0.0109   0.0000  -0.1416  -0.3097    0.458
    15  16.4675   2.2890   2.7522   1.5474   0.0412   0.6811   0.6759   0.0131   0.0000  -0.1403  -0.3072    0.458
    16  17.5856   2.1579   2.2161   1.4103   0.0524   0.6585   0.6534   0.0160   0.0000  -0.1376  -0.2990    0.461
    17  18.5151   2.0490   1.6929   1.2341   0.0696   0.6067   0.6021   0.0192   0.0000  -0.1319  -0.2806    0.469
    18  19.2329   1.9649   1.1890   0.9976   0.0955   0.5114   0.5074   0.0214   0.0000  -0.1195  -0.2448    0.486
    19  19.7216   1.9076   0.7042   0.6760   0.1345   0.3569   0.3541   0.0193   0.0000  -0.0927  -0.1800    0.512
    20  19.9689   1.8786   0.2331   0.2492   0.1872   0.1336   0.1325   0.0086   0.0000  -0.0389  -0.0716    0.544

  Surface # 2     FrontWing (YDUP)                        
     # Chordwise = 12   # Spanwise = 20     First strip = 21
     Surface area =   59.987980       Ave. chord =    2.999398
     CLsurf  =   0.30799     Clsurf  =   0.06910
     CYsurf  =  -0.00065     Cmsurf  =  -0.21657
     CDsurf  =   0.00483     Cnsurf  =  -0.00026
     CDisurf =   0.00483     CDvsurf =   0.00000

  Forces referred to Ssurf, Cave about hinge axis thru LE
     CLsurf  =   0.61404     CDsurf  =   0.00963
     Deflect =

 Strip Forces referred to Strip Area, Chord
    j      Yle    Chord     Area     c cl      ai      cl_norm  cl       cd       cdv    cm_c/4    cm_LE  C.P.x/c
    21  -0.0299   3.7500   0.4480   2.1861   0.0171   0.5829   0.5829   0.0080   0.0000  -0.1424   0.2881    0.494
    22  -0.2681   3.7500   1.3330   2.1860   0.0173   0.5829   0.5829   0.0080   0.0000  -0.1424   0.2881    0.494
    23  -0.7386   3.7500   2.1851   2.1852   0.0171   0.5827   0.5827   0.0080   0.0000  -0.1424   0.2881    0.494
    24  -1.4299   3.7500   2.9835   2.1825   0.0147   0.5819   0.5819   0.0080   0.0000  -0.1424   0.2879    0.495
    25  -2.3249   3.7500   3.7084   2.1762   0.0202   0.5803   0.5803   0.0082   0.0000  -0.1424   0.2875    0.495
    26  -3.4016   3.7500   4.3420   2.1638   0.0819   0.5770   0.5770   0.0085   0.0000  -0.1425   0.2867    0.497
    27  -4.6579   3.6729   4.9520   2.1401   0.0167   0.5871   0.5826   0.0084   0.0000  -0.1426   0.2863    0.495
    28  -6.0668   3.5078   5.1245   2.1021   0.0813   0.6039   0.5992   0.0082   0.0000  -0.1426   0.2904    0.488
    29  -7.5707   3.3316   5.1225   2.0521   0.0298   0.6207   0.6159   0.0078   0.0000  -0.1427   0.2946    0.482
    30  -9.1324   3.1485   4.9633   1.9917   0.0270   0.6374   0.6325   0.0079   0.0000  -0.1427   0.2988    0.476
    31 -10.7137   2.9632   4.6712   1.9220   0.0265   0.6536   0.6486   0.0081   0.0000  -0.1427   0.3028    0.470
    32 -12.2755   2.7802   4.2748   1.8440   0.0274   0.6683   0.6632   0.0086   0.0000  -0.1426   0.3063    0.465
    33 -13.7793   2.6040   3.8041   1.7573   0.0298   0.6800   0.6748   0.0095   0.0000  -0.1423   0.3089    0.461
    34 -15.1883   2.4389   3.2882   1.6600   0.0341   0.6858   0.6806   0.0109   0.0000  -0.1416   0.3097    0.458
    35 -16.4675   2.2890   2.7522   1.5474   0.0412   0.6811   0.6759   0.0131   0.0000  -0.1403   0.3072    0.458
    36 -17.5856   2.1579   2.2161   1.4103   0.0524   0.6585   0.6534   0.0160   0.0000  -0.1376   0.2990    0.461
    37 -18.5151   2.0490   1.6929   1.2341   0.0696   0.6067   0.6021   0.0192   0.0000  -0.1319   0.2806    0.469
    38 -19.2329   1.9649   1.1890   0.9976   0.0955   0.5114   0.5074   0.0214   0.0000  -0.1195   0.2448    0.486
    39 -19.7216   1.9076   0.7042   0.6760   0.1345   0.3569   0.3541   0.0193   0.0000  -0.0927   0.1800    0.512
    40 -19.9689   1.8786   0.2331   0.2492   0.1872   0.1336   0.1325   0.0086   0.0000  -0.0389   0.0716    0.544

  Surface # 3     Second Wing2                            
     # Chordwise = 12   # Spanwise = 24     First strip = 41
     Surface area =   12.000000       Ave. chord =    2.000000
     CLsurf  =  -0.00799     Clsurf  =   0.00052
     CYsurf  =   0.00000     Cmsurf  =   0.02748
     CDsurf  =  -0.00024     Cnsurf  =  -0.00001
     CDisurf =  -0.00024     CDvsurf =   0.00000

  Forces referred to Ssurf, Cave about hinge axis thru LE
     CLsurf  =  -0.07960     CDsurf  =  -0.00242
     Deflect =

 Strip Forces referred to Strip Area, Chord
    j      Yle    Chord     Area     c cl      ai      cl_norm  cl       cd       cdv    cm_c/4    cm_LE  C.P.x/c
    41   0.0064   2.0000   0.0513  -0.1972   0.0170  -0.0986  -0.0986  -0.0032   0.0000  -0.0018   0.0228    0.231
    42   0.0576   2.0000   0.1531  -0.1972   0.0171  -0.0986  -0.0986  -0.0032   0.0000  -0.0018   0.0228    0.231
    43   0.1592   2.0000   0.2523  -0.1972   0.0167  -0.0986  -0.0986  -0.0032   0.0000  -0.0018   0.0228    0.231
    44   0.3094   2.0000   0.3471  -0.1970   0.0171  -0.0985  -0.0985  -0.0032   0.0000  -0.0018   0.0228    0.231
    45   0.5056   2.0000   0.4360  -0.1967   0.0148  -0.0983  -0.0983  -0.0031   0.0000  -0.0018   0.0227    0.231
    46   0.7445   2.0000   0.5175  -0.1961   0.0170  -0.0980  -0.0980  -0.0031   0.0000  -0.0018   0.0227    0.231
    47   1.0220   2.0000   0.5901  -0.1950   0.0226  -0.0974  -0.0974  -0.0031   0.0000  -0.0019   0.0225    0.231
    48   1.3333   2.0000   0.6526  -0.1933   0.0165  -0.0966  -0.0966  -0.0031   0.0000  -0.0019   0.0223    0.231
    49   1.6731   2.0000   0.7039  -0.1908   0.0191  -0.0954  -0.0954  -0.0030   0.0000  -0.0019   0.0220    0.230
    50   2.0357   2.0000   0.7432  -0.1873   0.0144  -0.0936  -0.0936  -0.0029   0.0000  -0.0019   0.0215    0.230
    51   2.4147   2.0000   0.7698  -0.1826   0.0180  -0.0913  -0.0913  -0.0028   0.0000  -0.0019   0.0209    0.229
    52   2.8038   2.0000   0.7832  -0.1765   0.0429  -0.0882  -0.0882  -0.0027   0.0000  -0.0019   0.0202    0.229
    53   3.1962   2.0000   0.7832  -0.1691   0.0167  -0.0845  -0.0845  -0.0025   0.0000  -0.0018   0.0193    0.229
    54   3.5853   2.0000   0.7698  -0.1612   0.0220  -0.0806  -0.0806  -0.0023   0.0000  -0.0019   0.0183    0.227
    55   3.9643   2.0000   0.7432  -0.1531   0.0760  -0.0765  -0.0765  -0.0022   0.0000  -0.0022   0.0170    0.222
    56   4.3269   2.0000   0.7039  -0.1433   0.0091  -0.0716  -0.0716  -0.0021   0.0000  -0.0025   0.0154    0.215
    57   4.6667   2.0000   0.6526  -0.1313   0.0160  -0.0657  -0.0657  -0.0018   0.0000  -0.0026   0.0138    0.211
    58   4.9780   2.0000   0.5901  -0.1191   0.0219  -0.0595  -0.0595  -0.0016   0.0000  -0.0027   0.0122    0.204
    59   5.2555   2.0000   0.5175  -0.1078   0.0450  -0.0539  -0.0539  -0.0015   0.0000  -0.0031   0.0104    0.193
    60   5.4944   2.0000   0.4360  -0.0948  -0.0108  -0.0474  -0.0474  -0.0013   0.0000  -0.0034   0.0085    0.179
    61   5.6906   2.0000   0.3471  -0.0778   0.0005  -0.0389  -0.0389  -0.0011   0.0000  -0.0033   0.0065    0.166
    62   5.8408   2.0000   0.2523  -0.0574   0.0041  -0.0287  -0.0287  -0.0008   0.0000  -0.0027   0.0044    0.154
    63   5.9424   2.0000   0.1531  -0.0350   0.0064  -0.0175  -0.0175  -0.0004   0.0000  -0.0018   0.0025    0.144
    64   5.9936   2.0000   0.0513  -0.0118   0.0075  -0.0059  -0.0059  -0.0001   0.0000  -0.0007   0.0008    0.138

  Surface # 4     Second Wing2 (YDUP)                     
     # Chordwise = 12   # Spanwise = 24     First strip = 65
     Surface area =   12.000000       Ave. chord =    2.000000
     CLsurf  =  -0.00799     Clsurf  =  -0.00052
     CYsurf  =   0.00000     Cmsurf  =   0.02748
     CDsurf  =  -0.00024     Cnsurf  =   0.00001
     CDisurf =  -0.00024     CDvsurf =   0.00000

  Forces referred to Ssurf, Cave about hinge axis thru LE
     CLsurf  =  -0.07960     CDsurf  =  -0.00242
     Deflect =

 Strip Forces referred to Strip Area, Chord
    j      Yle    Chord     Area     c cl      ai      cl_norm  cl       cd       cdv    cm_c/4    cm_LE  C.P.x/c
    65  -0.0064   2.0000   0.0513  -0.1972   0.0170  -0.0986  -0.0986  -0.0032   0.0000  -0.0018  -0.0228    0.231
    66  -0.0576   2.0000   0.1531  -0.1972   0.0171  -0.0986  -0.0986  -0.0032   0.0000  -0.0018  -0.0228    0.231
    67  -0.1592   2.0000   0.2523  -0.1972   0.0167  -0.0986  -0.0986  -0.0032   0.0000  -0.0018  -0.0228    0.231
    68  -0.3094   2.0000   0.3471  -0.1970   0.0171  -0.0985  -0.0985  -0.0032   0.0000  -0.0018  -0.0228    0.231
    69  -0.5056   2.0000   0.4360  -0.1967   0.0148  -0.0983  -0.0983  -0.0031   0.0000  -0.0018  -0.0227    0.231
    70  -0.7445   2.0000   0.5175  -0.1961   0.0170  -0.0980  -0.0980  -0.0031   0.0000  -0.0018  -0.0227    0.231
    71  -1.0220   2.0000   0.5901  -0.1950   0.0226  -0.0974  -0.0974  -0.0031   0.0000  -0.0019  -0.0225    0.231
    72  -1.3333   2.0000   0.6526  -0.1933   0.0165  -0.0966  -0.0966  -0.0031   0.0000  -0.0019  -0.0223    0.231
    73  -1.6731   2.0000   0.7039  -0.1908   0.0191  -0.0954  -0.0954  -0.0030   0.0000  -0.0019  -0.0220    0.230
    74  -2.0357   2.0000   0.7432  -0.1873   0.0144  -0.0936  -0.0936  -0.0029   0.0000  -0.0019  -0.0215    0.230
    75  -2.4147   2.0000   0.7698  -0.1826   0.0180  -0.0913  -0.0913  -0.0028   0.0000  -0.0019  -0.0209    0.229
    76  -2.8038   2.0000   0.7832  -0.1765   0.0429  -0.0882  -0.0882  -0.0027   0.0000  -0.0019  -0.0202    0.229
    77  -3.1962   2.0000   0.7832  -0.1691   0.0167  -0.0845  -0.0845  -0.0025   0.0000  -0.0018  -0.0193    0.229
    78  -3.5853   2.0000   0.7698  -0.1612   0.0220  -0.0806  -0.0806  -0.0023   0.0000  -0.0019  -0.0183    0.227
    79  -3.9643   2.0000   0.7432  -0.1531   0.0760  -0.0765  -0.0765  -0.0022   0.0000  -0.0022  -0.0170    0.222
    80  -4.3269   2.0000   0.7039  -0.1433   0.0091  -0.0716  -0.0716  -0.0021   0.0000  -0.0025  -0.0154    0.215
    81  -4.6667   2.0000   0.6526  -0.1313   0.0160  -0.0657  -0.0657  -0.0018   0.0000  -0.0026  -0.0138    0.211
    82  -4.9780   2.0000   0.5901  -0.1191   0.0219  -0.0595  -0.0595  -0.0016   0.0000  -0.0027  -0.0122    0.204
    83  -5.2555   2.0000   0.5175  -0.1078   0.0450  -0.0539  -0.0539  -0.0015   0.0000  -0.0031  -0.0104    0.193
    84  -5.4944   2.0000   0.4360  -0.0948  -0.0108  -0.0474  -0.0474  -0.0013   0.0000  -0.0034  -0.0085    0.179
    85  -5.6906   2.0000   0.3471  -0.0778   0.0005  -0.0389  -0.0389  -0.0011   0.0000  -0.0033  -0.0065    0.166
    86  -5.8408   2.0000   0.2523  -0.0574   0.0041  -0.0287  -0.0287  -0.0008   0.0000  -0.0027  -0.0044    0.154
    87  -5.9424   2.0000   0.1531  -0.0350   0.0064  -0.0175  -0.0175  -0.0004   0.0000  -0.0018  -0.0025    0.144
    88  -5.9936   2.0000   0.0513  -0.0118   0.0075  -0.0059  -0.0059  -0.0001   0.0000  -0.0007  -0.0008    0.138

  Surface # 5     Fin                                     
     # Chordwise = 12   # Spanwise = 12     First strip = 89
     Surface area =    4.000000       Ave. chord =    1.600000
     CLsurf  =   0.00000     Clsurf  =   0.00000
     CYsurf  =   0.00018     Cmsurf  =  -0.00000
     CDsurf  =  -0.00000     Cnsurf  =  -0.00005
     CDisurf =  -0.00000     CDvsurf =   0.00000

  Forces referred to Ssurf, Cave about hinge axis thru LE
     CLsurf  =  -0.00547     CDsurf  =  -0.00000
     Deflect =

 Strip Forces referred to Strip Area, Chord
    j      Yle    Chord     Area     c cl      ai      cl_norm  cl       cd       cdv    cm_c/4    cm_LE  C.P.x/c
    89   4.0000   1.9966   0.0850  -0.0015  -0.1761  -0.0008  -0.0007   0.0000   0.0000   0.0000   0.0002    0.299
    90   4.0000   1.9696   0.2459  -0.0049  -0.0170  -0.0026  -0.0025  -0.0000   0.0000   0.0001   0.0007    0.289
    91   4.0000   1.9173   0.3809  -0.0091  -0.0053  -0.0051  -0.0047  -0.0000   0.0000   0.0001   0.0013    0.276
    92   4.0000   1.8435   0.4773  -0.0127  -0.0036  -0.0073  -0.0069  -0.0000   0.0000   0.0001   0.0018    0.271
    93   4.0000   1.7531   0.5285  -0.0139  -0.0027  -0.0084  -0.0079  -0.0000   0.0000   0.0002   0.0021    0.274
    94   4.0000   1.6522   0.5345  -0.0127  -0.0016  -0.0082  -0.0077  -0.0000   0.0000   0.0003   0.0021    0.284
    95   4.0000   1.5478   0.5007  -0.0103  -0.0008  -0.0071  -0.0067  -0.0000   0.0000   0.0003   0.0019    0.296
    96   4.0000   1.4469   0.4362  -0.0076  -0.0002  -0.0056  -0.0052  -0.0000   0.0000   0.0003   0.0016    0.310
    97   4.0000   1.3565   0.3512  -0.0051   0.0000  -0.0040  -0.0038  -0.0000   0.0000   0.0003   0.0012    0.328
    98   4.0000   1.2827   0.2548  -0.0032   0.0001  -0.0026  -0.0025  -0.0000   0.0000   0.0002   0.0008    0.351
    99   4.0000   1.2304   0.1537  -0.0017   0.0002  -0.0015  -0.0014  -0.0000   0.0000   0.0002   0.0005    0.376
   100   4.0000   1.2034   0.0513  -0.0005   0.0001  -0.0005  -0.0004  -0.0000   0.0000   0.0001   0.0002    0.397

  Surface # 6     Fin (YDUP)                              
     # Chordwise = 12   # Spanwise = 12     First strip =101
     Surface area =    4.000000       Ave. chord =    1.600000
     CLsurf  =   0.00000     Clsurf  =  -0.00000
     CYsurf  =  -0.00018     Cmsurf  =  -0.00000
     CDsurf  =  -0.00000     Cnsurf  =   0.00005
     CDisurf =  -0.00000     CDvsurf =   0.00000

  Forces referred to Ssurf, Cave about hinge axis thru LE
     CLsurf  =  -0.00547     CDsurf  =  -0.00000
     Deflect =

 Strip Forces referred to Strip Area, Chord
    j      Yle    Chord     Area     c cl      ai      cl_norm  cl       cd       cdv    cm_c/4    cm_LE  C.P.x/c
   101  -4.0000   1.9966   0.0850  -0.0015  -0.1761  -0.0008  -0.0007   0.0000   0.0000   0.0000  -0.0002    0.299
   102  -4.0000   1.9696   0.2459  -0.0049  -0.0170  -0.0026  -0.0025  -0.0000   0.0000   0.0001  -0.0007    0.289
   103  -4.0000   1.9173   0.3809  -0.0091  -0.0053  -0.0051  -0.0047  -0.0000   0.0000   0.0001  -0.0013    0.276
   104  -4.0000   1.8435   0.4773  -0.0127  -0.0036  -0.0073  -0.0069  -0.0000   0.0000   0.0001  -0.0018    0.271
   105  -4.0000   1.7531   0.5285  -0.0139  -0.0027  -0.0084  -0.0079  -0.0000   0.0000   0.0002  -0.0021    0.274
   106  -4.0000   1.6522   0.5345  -0.0127  -0.0016  -0.0082  -0.0077  -0.0000   0.0000   0.0003  -0.0021    0.284
   107  -4.0000   1.5478   0.5007  -0.0103  -0.0008  -0.0071  -0.0067  -0.0000   0.0000   0.0003  -0.0019    0.296
   108  -4.0000   1.4469   0.4362  -0.0076  -0.0002  -0.0056  -0.0052  -0.0000   0.0000   0.0003  -0.0016    0.310
   109  -4.0000   1.3565   0.3512  -0.0051   0.0000  -0.0040  -0.0038  -0.0000   0.0000   0.0003  -0.0012    0.328
   110  -4.0000   1.2827   0.2548  -0.0032   0.0001  -0.0026  -0.0025  -0.0000   0.0000   0.0002  -0.0008    0.351
   111  -4.0000   1.2304   0.1537  -0.0017   0.0002  -0.0015  -0.0014  -0.0000   0.0000   0.0002  -0.0005    0.376
   112  -4.0000   1.2034   0.0513  -0.0005   0.0001  -0.0005  -0.0004  -0.0000   0.0000   0.0001  -0.0002    0.397
 ---------------------------------------------------------------
