 ---------------------------------------------------------------
 Surface and Strip Forces by surface

  Forces referred to Sref, Cref, Bref about Xref, Yref, Zref
 Standard axis orientation,  X fwd, Z down         

  Surface # 1     FrontWing                               
     # Chordwise = 12   # Spanwise = 20     First strip =  1
     Surface area =   59.987980       Ave. chord =    2.999398
     CLsurf  =   0.35304     Clsurf  =  -0.07880
     CYsurf  =   0.00081     Cmsurf  =  -0.23701
     CDsurf  =   0.00622     Cnsurf  =  -0.00088
     CDisurf =   0.00622     CDvsurf =   0.00000

  Forces referred to Ssurf, Cave about hinge axis thru LE
     CLsurf  =   0.70388     CDsurf  =   0.01240
     Deflect =

 Strip Forces referred to Strip Area, Chord
    j      Yle    Chord     Area     c cl      ai      cl_norm  cl       cd       cdv    cm_c/4    cm_LE  C.P.x/c
     1   0.0299   3.7500   0.4480   2.5282   0.0254   0.6742   0.6742   0.0106   0.0000  -0.1422  -0.3108    0.461
     2   0.2681   3.7500   1.3330   2.5281   0.0255   0.6741   0.6741   0.0106   0.0000  -0.1422  -0.3107    0.461
     3   0.7386   3.7500   2.1851   2.5271   0.0254   0.6739   0.6739   0.0106   0.0000  -0.1422  -0.3107    0.461
     4   1.4299   3.7500   2.9835   2.5236   0.0237   0.6730   0.6730   0.0107   0.0000  -0.1422  -0.3105    0.461
     5   2.3249   3.7500   3.7084   2.5157   0.0284   0.6708   0.6708   0.0109   0.0000  -0.1423  -0.3100    0.462
     6   3.4016   3.7500   4.3420   2.5000   0.0648   0.6666   0.6666   0.0114   0.0000  -0.1425  -0.3091    0.464
     7   4.6579   3.6729   4.9520   2.4705   0.0281   0.6778   0.6726   0.0113   0.0000  -0.1426  -0.3086    0.462
     8   6.0668   3.5078   5.1245   2.4237   0.0507   0.6963   0.6909   0.0108   0.0000  -0.1424  -0.3130    0.456
     9   7.5707   3.3316   5.1225   2.3622   0.0303   0.7145   0.7090   0.0103   0.0000  -0.1425  -0.3175    0.451
    10   9.1324   3.1485   4.9633   2.2878   0.0290   0.7323   0.7266   0.0103   0.0000  -0.1425  -0.3220    0.446
    11  10.7137   2.9632   4.6712   2.2024   0.0290   0.7490   0.7433   0.0104   0.0000  -0.1425  -0.3261    0.442
    12  12.2755   2.7802   4.2748   2.1072   0.0302   0.7638   0.7580   0.0109   0.0000  -0.1423  -0.3296    0.438
    13  13.7793   2.6040   3.8041   2.0023   0.0329   0.7749   0.7689   0.0119   0.0000  -0.1420  -0.3319    0.435
    14  15.1883   2.4389   3.2882   1.8857   0.0377   0.7791   0.7731   0.0136   0.0000  -0.1412  -0.3323    0.433
    15  16.4675   2.2890   2.7522   1.7522   0.0456   0.7713   0.7654   0.0162   0.0000  -0.1397  -0.3289    0.433
    16  17.5856   2.1579   2.2161   1.5916   0.0580   0.7430   0.7373   0.0197   0.0000  -0.1367  -0.3189    0.435
    17  18.5151   2.0490   1.6929   1.3874   0.0768   0.6819   0.6767   0.0236   0.0000  -0.1305  -0.2978    0.443
    18  19.2329   1.9649   1.1890   1.1160   0.1046   0.5718   0.5674   0.0260   0.0000  -0.1175  -0.2577    0.457
    19  19.7216   1.9076   0.7042   0.7515   0.1452   0.3964   0.3934   0.0233   0.0000  -0.0904  -0.1876    0.480
    20  19.9689   1.8786   0.2331   0.2752   0.1989   0.1474   0.1462   0.0103   0.0000  -0.0378  -0.0739    0.508

  Surface # 2     FrontWing (YDUP)                        
     # Chordwise = 12   # Spanwise = 20     First strip = 21
     Surface area =   59.987980       Ave. chord =    2.999398
     CLsurf  =   0.35304     Clsurf  =   0.07880
     CYsurf  =  -0.00081     Cmsurf  =  -0.23701
     CDsurf  =   0.00622     Cnsurf  =   0.00088
     CDisurf =   0.00622     CDvsurf =   0.00000

  Forces referred to Ssurf, Cave about hinge axis thru LE
     CLsurf  =   0.70388     CDsurf  =   0.01240
     Deflect =

 Strip Forces referred to Strip Area, Chord
    j      Yle    Chord     Area     c cl      ai      cl_norm  cl       cd       cdv    cm_c/4    cm_LE  C.P.x/c
    21  -0.0299   3.7500   0.4480   2.5282   0.0254   0.6742   0.6742   0.0106   0.0000  -0.1422   0.3108    0.461
    22  -0.2681   3.7500   1.3330   2.5281   0.0255   0.6741   0.6741   0.0106   0.0000  -0.1422   0.3107    0.461
    23  -0.7386   3.7500   2.1851   2.5271   0.0254   0.6739   0.6739   0.0106   0.0000  -0.1422   0.3107    0.461
    24  -1.4299   3.7500   2.9835   2.5236   0.0237   0.6730   0.6730   0.0107   0.0000  -0.1422   0.3105    0.461
    25  -2.3249   3.7500   3.7084   2.5157   0.0284   0.6708   0.6708   0.0109   0.0000  -0.1423   0.3100    0.462
    26  -3.4016   3.7500   4.3420   2.5000   0.0648   0.6666   0.6666   0.0114   0.0000  -0.1425   0.3091    0.464
    27  -4.6579   3.6729   4.9520   2.4705   0.0281   0.6778   0.6726   0.0113   0.0000  -0.1426   0.3086    0.462
    28  -6.0668   3.5078   5.1245   2.4237   0.0507   0.6963   0.6909   0.0108   0.0000  -0.1424   0.3130    0.456
    29  -7.5707   3.3316   5.1225   2.3622   0.0303   0.7145   0.7090   0.0103   0.0000  -0.1425   0.3175    0.451
    30  -9.1324   3.1485   4.9633   2.2878   0.0290   0.7323   0.7266   0.0103   0.0000  -0.1425   0.3220    0.446
    31 -10.7137   2.9632   4.6712   2.2024   0.0290   0.7490   0.7433   0.0104   0.0000  -0.1425   0.3261    0.442
    32 -12.2755   2.7802   4.2748   2.1072   0.0302   0.7638   0.7580   0.0109   0.0000  -0.1423   0.3296    0.438
    33 -13.7793   2.6040   3.8041   2.0023   0.0329   0.7749   0.7689   0.0119   0.0000  -0.1420   0.3319    0.435
    34 -15.1883   2.4389   3.2882   1.8857   0.0377   0.7791   0.7731   0.0137   0.0000  -0.1412   0.3323    0.433
    35 -16.4675   2.2890   2.7522   1.7522   0.0456   0.7713   0.7654   0.0162   0.0000  -0.1397   0.3289    0.433
    36 -17.5856   2.1579   2.2161   1.5916   0.0580   0.7430   0.7373   0.0197   0.0000  -0.1367   0.3189    0.435
    37 -18.5151   2.0490   1.6929   1.3874   0.0768   0.6819   0.6767   0.0236   0.0000  -0.1305   0.2978    0.443
    38 -19.2329   1.9649   1.1890   1.1160   0.1046   0.5718   0.5674   0.0260   0.0000  -0.1175   0.2577    0.457
    39 -19.7216   1.9076   0.7042   0.7515   0.1452   0.3964   0.3934   0.0233   0.0000  -0.0904   0.1876    0.480
    40 -19.9689   1.8786   0.2331   0.2752   0.1989   0.1474   0.1462   0.0103   0.0000  -0.0378   0.0739    0.508

  Surface # 3     Second Wing2                            
     # Chordwise = 12   # Spanwise = 24     First strip = 41
     Surface area =   12.000000       Ave. chord =    2.000000
     CLsurf  =  -0.00304     Clsurf  =   0.00019
     CYsurf  =  -0.00000     Cmsurf  =   0.01041
     CDsurf  =  -0.00012     Cnsurf  =  -0.00000
     CDisurf =  -0.00012     CDvsurf =   0.00000

  Forces referred to Ssurf, Cave about hinge axis thru LE
     CLsurf  =  -0.03034     CDsurf  =  -0.00118
     Deflect =

 Strip Forces referred to Strip Area, Chord
    j      Yle    Chord     Area     c cl      ai      cl_norm  cl       cd       cdv    cm_c/4    cm_LE  C.P.x/c
    41   0.0064   2.0000   0.0513  -0.0818   0.0253  -0.0409  -0.0409  -0.0016   0.0000  -0.0018   0.0084    0.206
    42   0.0576   2.0000   0.1531  -0.0818   0.0254  -0.0409  -0.0409  -0.0016   0.0000  -0.0018   0.0084    0.206
    43   0.1592   2.0000   0.2523  -0.0818   0.0250  -0.0409  -0.0409  -0.0016   0.0000  -0.0018   0.0084    0.205
    44   0.3094   2.0000   0.3471  -0.0817   0.0254  -0.0408  -0.0408  -0.0016   0.0000  -0.0018   0.0084    0.205
    45   0.5056   2.0000   0.4360  -0.0814   0.0225  -0.0407  -0.0407  -0.0016   0.0000  -0.0018   0.0084    0.205
    46   0.7445   2.0000   0.5175  -0.0809   0.0254  -0.0404  -0.0404  -0.0016   0.0000  -0.0018   0.0083    0.205
    47   1.0220   2.0000   0.5901  -0.0801   0.0326  -0.0400  -0.0400  -0.0016   0.0000  -0.0018   0.0082    0.204
    48   1.3333   2.0000   0.6526  -0.0788   0.0248  -0.0394  -0.0394  -0.0016   0.0000  -0.0018   0.0080    0.203
    49   1.6731   2.0000   0.7039  -0.0769   0.0282  -0.0384  -0.0384  -0.0015   0.0000  -0.0018   0.0078    0.202
    50   2.0357   2.0000   0.7432  -0.0742   0.0224  -0.0371  -0.0371  -0.0015   0.0000  -0.0018   0.0075    0.201
    51   2.4147   2.0000   0.7698  -0.0705   0.0271  -0.0352  -0.0352  -0.0014   0.0000  -0.0018   0.0070    0.199
    52   2.8038   2.0000   0.7832  -0.0659   0.0588  -0.0329  -0.0329  -0.0013   0.0000  -0.0017   0.0065    0.198
    53   3.1962   2.0000   0.7832  -0.0605   0.0257  -0.0302  -0.0302  -0.0011   0.0000  -0.0016   0.0060    0.198
    54   3.5853   2.0000   0.7698  -0.0560   0.0321  -0.0280  -0.0280  -0.0010   0.0000  -0.0015   0.0055    0.195
    55   3.9643   2.0000   0.7432  -0.0532   0.0950  -0.0266  -0.0266  -0.0010   0.0000  -0.0017   0.0050    0.186
    56   4.3269   2.0000   0.7039  -0.0499   0.0197  -0.0249  -0.0249  -0.0009   0.0000  -0.0018   0.0044    0.177
    57   4.6667   2.0000   0.6526  -0.0445   0.0279  -0.0222  -0.0222  -0.0008   0.0000  -0.0017   0.0038    0.172
    58   4.9780   2.0000   0.5901  -0.0400   0.0355  -0.0200  -0.0200  -0.0007   0.0000  -0.0017   0.0033    0.164
    59   5.2555   2.0000   0.5175  -0.0380   0.0647  -0.0190  -0.0190  -0.0007   0.0000  -0.0020   0.0028    0.146
    60   5.4944   2.0000   0.4360  -0.0358  -0.0031  -0.0179  -0.0179  -0.0007   0.0000  -0.0022   0.0022    0.125
    61   5.6906   2.0000   0.3471  -0.0305   0.0114  -0.0152  -0.0152  -0.0006   0.0000  -0.0022   0.0016    0.107
    62   5.8408   2.0000   0.2523  -0.0227   0.0162  -0.0114  -0.0114  -0.0004   0.0000  -0.0018   0.0010    0.092
    63   5.9424   2.0000   0.1531  -0.0138   0.0192  -0.0069  -0.0069  -0.0003   0.0000  -0.0012   0.0006    0.080
    64   5.9936   2.0000   0.0513  -0.0046   0.0207  -0.0023  -0.0023  -0.0001   0.0000  -0.0004   0.0002    0.071

  Surface # 4     Second Wing2 (YDUP)                     
     # Chordwise = 12   # Spanwise = 24     First strip = 65
     Surface area =   12.000000       Ave. chord =    2.000000
     CLsurf  =  -0.00304     Clsurf  =  -0.00019
     CYsurf  =   0.00000     Cmsurf  =   0.01041
     CDsurf  =  -0.00012     Cnsurf  =   0.00000
     CDisurf =  -0.00012     CDvsurf =   0.00000

  Forces referred to Ssurf, Cave about hinge axis thru LE
     CLsurf  =  -0.03034     CDsurf  =  -0.00118
     Deflect =

 Strip Forces referred to Strip Area, Chord
    j      Yle    Chord     Area     c cl      ai      cl_norm  cl       cd       cdv    cm_c/4    cm_LE  C.P.x/c
    65  -0.0064   2.0000   0.0513  -0.0818   0.0253  -0.0409  -0.0409  -0.0016   0.0000  -0.0018  -0.0084    0.206
    66  -0.0576   2.0000   0.1531  -0.0818   0.0254  -0.0409  -0.0409  -0.0016   0.0000  -0.0018  -0.0084    0.206
    67  -0.1592   2.0000   0.2523  -0.0818   0.0250  -0.0409  -0.0409  -0.0016   0.0000  -0.0018  -0.0084    0.205
    68  -0.3094   2.0000   0.3471  -0.0817   0.0254  -0.0408  -0.0408  -0.0016   0.0000  -0.0018  -0.0084    0.205
    69  -0.5056   2.0000   0.4360  -0.0814   0.0225  -0.0407  -0.0407  -0.0016   0.0000  -0.0018  -0.0084    0.205
    70  -0.7445   2.0000   0.5175  -0.0809   0.0254  -0.0404  -0.0404  -0.0016   0.0000  -0.0018  -0.0083    0.205
    71  -1.0220   2.0000   0.5901  -0.0801   0.0326  -0.0400  -0.0400  -0.0016   0.0000  -0.0018  -0.0082    0.204
    72  -1.3333   2.0000   0.6526  -0.0788   0.0248  -0.0394  -0.0394  -0.0016   0.0000  -0.0018  -0.0080    0.203
    73  -1.6731   2.0000   0.7039  -0.0769   0.0282  -0.0384  -0.0384  -0.0015   0.0000  -0.0018  -0.0078    0.202
    74  -2.0357   2.0000   0.7432  -0.0742   0.0224  -0.0371  -0.0371  -0.0015   0.0000  -0.0018  -0.0075    0.201
    75  -2.4147   2.0000   0.7698  -0.0705   0.0271  -0.0352  -0.0352  -0.0014   0.0000  -0.0018  -0.0070    0.199
    76  -2.8038   2.0000   0.7832  -0.0659   0.0588  -0.0329  -0.0329  -0.0013   0.0000  -0.0017  -0.0065    0.198
    77  -3.1962   2.0000   0.7832  -0.0605   0.0257  -0.0302  -0.0302  -0.0011   0.0000  -0.0016  -0.0060    0.198
    78  -3.5853   2.0000   0.7698  -0.0560   0.0321  -0.0280  -0.0280  -0.0010   0.0000  -0.0015  -0.0055    0.195
    79  -3.9643   2.0000   0.7432  -0.0532   0.0950  -0.0266  -0.0266  -0.0010   0.0000  -0.0017  -0.0050    0.186
    80  -4.3269   2.0000   0.7039  -0.0499   0.0197  -0.0249  -0.0249  -0.0009   0.0000  -0.0018  -0.0044    0.177
    81  -4.6667   2.0000   0.6526  -0.0445   0.0279  -0.0222  -0.0222  -0.0008   0.0000  -0.0017  -0.0038    0.172
    82  -4.9780   2.0000   0.5901  -0.0400   0.0355  -0.0200  -0.0200  -0.0007   0.0000  -0.0017  -0.0033    0.164
    83  -5.2555   2.0000   0.5175  -0.0380   0.0647  -0.0190  -0.0190  -0.0007   0.0000  -0.0020  -0.0028    0.146
    84  -5.4944   2.0000   0.4360  -0.0358  -0.0031  -0.0179  -0.0179  -0.0007   0.0000  -0.0022  -0.0022    0.125
    85  -5.6906   2.0000   0.3471  -0.0305   0.0114  -0.0152  -0.0152  -0.0006   0.0000  -0.0022  -0.0016    0.107
    86  -5.8408   2.0000   0.2523  -0.0227   0.0162  -0.0114  -0.0114  -0.0004   0.0000  -0.0018  -0.0010    0.092
    87  -5.9424   2.0000   0.1531  -0.0138   0.0192  -0.0069  -0.0069  -0.0003   0.0000  -0.0012  -0.0006    0.080
    88  -5.9936   2.0000   0.0513  -0.0046   0.0207  -0.0023  -0.0023  -0.0001   0.0000  -0.0004  -0.0002    0.071

  Surface # 5     Fin                                     
     # Chordwise = 12   # Spanwise = 12     First strip = 89
     Surface area =    4.000000       Ave. chord =    1.600000
     CLsurf  =   0.00000     Clsurf  =  -0.00000
     CYsurf  =   0.00001     Cmsurf  =  -0.00000
     CDsurf  =  -0.00000     Cnsurf  =  -0.00000
     CDisurf =  -0.00000     CDvsurf =   0.00000

  Forces referred to Ssurf, Cave about hinge axis thru LE
     CLsurf  =  -0.00016     CDsurf  =  -0.00000
     Deflect =

 Strip Forces referred to Strip Area, Chord
    j      Yle    Chord     Area     c cl      ai      cl_norm  cl       cd       cdv    cm_c/4    cm_LE  C.P.x/c
    89   4.0000   1.9966   0.0850  -0.0006  -0.2194  -0.0003  -0.0003   0.0000   0.0000  -0.0000   0.0001    0.247
    90   4.0000   1.9696   0.2459  -0.0020  -0.0244  -0.0011  -0.0010  -0.0000   0.0000  -0.0000   0.0002    0.231
    91   4.0000   1.9173   0.3809  -0.0037  -0.0100  -0.0021  -0.0019  -0.0000   0.0000  -0.0001   0.0004    0.217
    92   4.0000   1.8435   0.4773  -0.0048  -0.0070  -0.0028  -0.0026  -0.0000   0.0000  -0.0001   0.0006    0.218
    93   4.0000   1.7531   0.5285  -0.0039  -0.0053  -0.0024  -0.0022  -0.0000   0.0000  -0.0000   0.0005    0.245
    94   4.0000   1.6522   0.5345  -0.0016  -0.0039  -0.0011  -0.0010  -0.0000   0.0000   0.0001   0.0004    0.369
    95   4.0000   1.5478   0.5007   0.0010  -0.0028   0.0007   0.0006  -0.0000   0.0000   0.0002   0.0001   -0.144
    96   4.0000   1.4469   0.4362   0.0030  -0.0021   0.0022   0.0020  -0.0000   0.0000   0.0004  -0.0002    0.078
    97   4.0000   1.3565   0.3512   0.0039  -0.0016   0.0031   0.0029  -0.0000   0.0000   0.0004  -0.0003    0.101
    98   4.0000   1.2827   0.2548   0.0037  -0.0013   0.0031   0.0029  -0.0000   0.0000   0.0005  -0.0003    0.094
    99   4.0000   1.2304   0.1537   0.0026  -0.0012   0.0023   0.0021  -0.0000   0.0000   0.0004  -0.0002    0.074
   100   4.0000   1.2034   0.0513   0.0010  -0.0011   0.0008   0.0008  -0.0000   0.0000   0.0002  -0.0000    0.055

  Surface # 6     Fin (YDUP)                              
     # Chordwise = 12   # Spanwise = 12     First strip =101
     Surface area =    4.000000       Ave. chord =    1.600000
     CLsurf  =   0.00000     Clsurf  =   0.00000
     CYsurf  =  -0.00001     Cmsurf  =  -0.00000
     CDsurf  =  -0.00000     Cnsurf  =   0.00000
     CDisurf =  -0.00000     CDvsurf =   0.00000

  Forces referred to Ssurf, Cave about hinge axis thru LE
     CLsurf  =  -0.00016     CDsurf  =  -0.00000
     Deflect =

 Strip Forces referred to Strip Area, Chord
    j      Yle    Chord     Area     c cl      ai      cl_norm  cl       cd       cdv    cm_c/4    cm_LE  C.P.x/c
   101  -4.0000   1.9966   0.0850  -0.0006  -0.2194  -0.0003  -0.0003   0.0000   0.0000  -0.0000  -0.0001    0.247
   102  -4.0000   1.9696   0.2459  -0.0020  -0.0244  -0.0011  -0.0010  -0.0000   0.0000  -0.0000  -0.0002    0.231
   103  -4.0000   1.9173   0.3809  -0.0037  -0.0100  -0.0021  -0.0019  -0.0000   0.0000  -0.0001  -0.0004    0.217
   104  -4.0000   1.8435   0.4773  -0.0048  -0.0070  -0.0028  -0.0026  -0.0000   0.0000  -0.0001  -0.0006    0.218
   105  -4.0000   1.7531   0.5285  -0.0039  -0.0053  -0.0024  -0.0022  -0.0000   0.0000  -0.0000  -0.0005    0.245
   106  -4.0000   1.6522   0.5345  -0.0016  -0.0039  -0.0011  -0.0010  -0.0000   0.0000   0.0001  -0.0004    0.369
   107  -4.0000   1.5478   0.5007   0.0010  -0.0028   0.0007   0.0006  -0.0000   0.0000   0.0002  -0.0001   -0.144
   108  -4.0000   1.4469   0.4362   0.0030  -0.0021   0.0022   0.0020  -0.0000   0.0000   0.0004   0.0002    0.078
   109  -4.0000   1.3565   0.3512   0.0039  -0.0016   0.0031   0.0029  -0.0000   0.0000   0.0004   0.0003    0.101
   110  -4.0000   1.2827   0.2548   0.0037  -0.0013   0.0031   0.0029  -0.0000   0.0000   0.0005   0.0003    0.094
   111  -4.0000   1.2304   0.1537   0.0026  -0.0012   0.0023   0.0021  -0.0000   0.0000   0.0004   0.0002    0.074
   112  -4.0000   1.2034   0.0513   0.0010  -0.0011   0.0008   0.0008  -0.0000   0.0000   0.0002   0.0000    0.055
 ---------------------------------------------------------------
