 ---------------------------------------------------------------
 Surface and Strip Forces by surface

  Forces referred to Sref, Cref, Bref about Xref, Yref, Zref
 Standard axis orientation,  X fwd, Z down         

  Surface # 1     FrontWing                               
     # Chordwise = 12   # Spanwise = 20     First strip =  1
     Surface area =   59.987980       Ave. chord =    2.999398
     CLsurf  =   0.08246     Clsurf  =  -0.02046
     CYsurf  =   0.00009     Cmsurf  =  -0.11343
     CDsurf  =   0.00058     Cnsurf  =   0.00161
     CDisurf =   0.00058     CDvsurf =   0.00000

  Forces referred to Ssurf, Cave about hinge axis thru LE
     CLsurf  =   0.16441     CDsurf  =   0.00115
     Deflect =

 Strip Forces referred to Strip Area, Chord
    j      Yle    Chord     Area     c cl      ai      cl_norm  cl       cd       cdv    cm_c/4    cm_LE  C.P.x/c
     1   0.0299   3.7500   0.4480   0.4724  -0.0240   0.1263   0.1263   0.0005   0.0000  -0.1421  -0.1736    1.375
     2   0.2681   3.7500   1.3330   0.4724  -0.0237   0.1263   0.1263   0.0005   0.0000  -0.1421  -0.1736    1.375
     3   0.7386   3.7500   2.1851   0.4727  -0.0244   0.1264   0.1264   0.0005   0.0000  -0.1421  -0.1736    1.374
     4   1.4299   3.7500   2.9835   0.4737  -0.0299   0.1267   0.1267   0.0005   0.0000  -0.1420  -0.1736    1.371
     5   2.3249   3.7500   3.7084   0.4760  -0.0206   0.1273   0.1273   0.0005   0.0000  -0.1419  -0.1736    1.365
     6   3.4016   3.7500   4.3420   0.4801   0.1663   0.1284   0.1284   0.0006   0.0000  -0.1414  -0.1734    1.352
     7   4.6579   3.6729   4.9520   0.4849  -0.0400   0.1334   0.1324   0.0006   0.0000  -0.1415  -0.1733    1.319
     8   6.0668   3.5078   5.1245   0.4909   0.2333   0.1414   0.1403   0.0006   0.0000  -0.1422  -0.1759    1.263
     9   7.5707   3.3316   5.1225   0.4986   0.0273   0.1512   0.1501   0.0005   0.0000  -0.1424  -0.1786    1.199
    10   9.1324   3.1485   4.9633   0.5076   0.0170   0.1629   0.1617   0.0007   0.0000  -0.1425  -0.1816    1.131
    11  10.7137   2.9632   4.6712   0.5166   0.0139   0.1762   0.1748   0.0009   0.0000  -0.1426  -0.1849    1.066
    12  12.2755   2.7802   4.2748   0.5241   0.0133   0.1905   0.1890   0.0011   0.0000  -0.1426  -0.1884    1.004
    13  13.7793   2.6040   3.8041   0.5284   0.0140   0.2051   0.2035   0.0013   0.0000  -0.1425  -0.1919    0.950
    14  15.1883   2.4389   3.2882   0.5276   0.0159   0.2187   0.2170   0.0017   0.0000  -0.1423  -0.1951    0.906
    15  16.4675   2.2890   2.7522   0.5193   0.0191   0.2294   0.2276   0.0023   0.0000  -0.1419  -0.1973    0.873
    16  17.5856   2.1579   2.2161   0.4999   0.0245   0.2343   0.2325   0.0030   0.0000  -0.1408  -0.1974    0.856
    17  18.5151   2.0490   1.6929   0.4641   0.0336   0.2291   0.2274   0.0039   0.0000  -0.1378  -0.1931    0.856
    18  19.2329   1.9649   1.1890   0.4024   0.0502   0.2072   0.2057   0.0049   0.0000  -0.1289  -0.1788    0.877
    19  19.7216   1.9076   0.7042   0.2962   0.0810   0.1573   0.1560   0.0052   0.0000  -0.1033  -0.1412    0.912
    20  19.9689   1.8786   0.2331   0.1182   0.1285   0.0637   0.0633   0.0029   0.0000  -0.0442  -0.0595    0.949

  Surface # 2     FrontWing (YDUP)                        
     # Chordwise = 12   # Spanwise = 20     First strip = 21
     Surface area =   59.987980       Ave. chord =    2.999398
     CLsurf  =   0.08246     Clsurf  =   0.02046
     CYsurf  =  -0.00009     Cmsurf  =  -0.11343
     CDsurf  =   0.00058     Cnsurf  =  -0.00161
     CDisurf =   0.00058     CDvsurf =   0.00000

  Forces referred to Ssurf, Cave about hinge axis thru LE
     CLsurf  =   0.16441     CDsurf  =   0.00115
     Deflect =

 Strip Forces referred to Strip Area, Chord
    j      Yle    Chord     Area     c cl      ai      cl_norm  cl       cd       cdv    cm_c/4    cm_LE  C.P.x/c
    21  -0.0299   3.7500   0.4480   0.4724  -0.0240   0.1263   0.1263   0.0005   0.0000  -0.1421   0.1736    1.375
    22  -0.2681   3.7500   1.3330   0.4724  -0.0237   0.1263   0.1263   0.0005   0.0000  -0.1421   0.1736    1.375
    23  -0.7386   3.7500   2.1851   0.4727  -0.0244   0.1264   0.1264   0.0005   0.0000  -0.1421   0.1736    1.374
    24  -1.4299   3.7500   2.9835   0.4737  -0.0299   0.1267   0.1267   0.0005   0.0000  -0.1420   0.1736    1.371
    25  -2.3249   3.7500   3.7084   0.4760  -0.0206   0.1273   0.1273   0.0005   0.0000  -0.1419   0.1736    1.365
    26  -3.4016   3.7500   4.3420   0.4801   0.1663   0.1284   0.1284   0.0006   0.0000  -0.1414   0.1734    1.352
    27  -4.6579   3.6729   4.9520   0.4849  -0.0400   0.1334   0.1324   0.0006   0.0000  -0.1415   0.1733    1.319
    28  -6.0668   3.5078   5.1245   0.4909   0.2333   0.1414   0.1403   0.0006   0.0000  -0.1422   0.1759    1.263
    29  -7.5707   3.3316   5.1225   0.4986   0.0273   0.1512   0.1501   0.0005   0.0000  -0.1424   0.1786    1.199
    30  -9.1324   3.1485   4.9633   0.5076   0.0170   0.1629   0.1617   0.0007   0.0000  -0.1425   0.1816    1.131
    31 -10.7137   2.9632   4.6712   0.5166   0.0139   0.1762   0.1748   0.0009   0.0000  -0.1426   0.1849    1.066
    32 -12.2755   2.7802   4.2748   0.5241   0.0133   0.1905   0.1890   0.0011   0.0000  -0.1426   0.1884    1.004
    33 -13.7793   2.6040   3.8041   0.5284   0.0140   0.2051   0.2035   0.0013   0.0000  -0.1425   0.1919    0.950
    34 -15.1883   2.4389   3.2882   0.5276   0.0159   0.2187   0.2170   0.0017   0.0000  -0.1423   0.1951    0.906
    35 -16.4675   2.2890   2.7522   0.5193   0.0191   0.2294   0.2276   0.0023   0.0000  -0.1419   0.1973    0.873
    36 -17.5856   2.1579   2.2161   0.4999   0.0245   0.2343   0.2325   0.0030   0.0000  -0.1408   0.1974    0.856
    37 -18.5151   2.0490   1.6929   0.4641   0.0336   0.2291   0.2274   0.0039   0.0000  -0.1378   0.1931    0.856
    38 -19.2329   1.9649   1.1890   0.4024   0.0502   0.2072   0.2057   0.0049   0.0000  -0.1289   0.1788    0.877
    39 -19.7216   1.9076   0.7042   0.2962   0.0810   0.1573   0.1560   0.0052   0.0000  -0.1033   0.1412    0.912
    40 -19.9689   1.8786   0.2331   0.1182   0.1285   0.0637   0.0633   0.0029   0.0000  -0.0442   0.0595    0.949

  Surface # 3     Second Wing2                            
     # Chordwise = 12   # Spanwise = 24     First strip = 41
     Surface area =   12.000000       Ave. chord =    2.000000
     CLsurf  =  -0.03246     Clsurf  =   0.00215
     CYsurf  =   0.00000     Cmsurf  =   0.11177
     CDsurf  =   0.00032     Cnsurf  =  -0.00012
     CDisurf =   0.00032     CDvsurf =   0.00000

  Forces referred to Ssurf, Cave about hinge axis thru LE
     CLsurf  =  -0.32354     CDsurf  =   0.00324
     Deflect =

 Strip Forces referred to Strip Area, Chord
    j      Yle    Chord     Area     c cl      ai      cl_norm  cl       cd       cdv    cm_c/4    cm_LE  C.P.x/c
    41   0.0064   2.0000   0.0513  -0.7671  -0.0242  -0.3843  -0.3843   0.0024   0.0000  -0.0019   0.0940    0.245
    42   0.0576   2.0000   0.1531  -0.7671  -0.0243  -0.3843  -0.3843   0.0024   0.0000  -0.0019   0.0940    0.245
    43   0.1592   2.0000   0.2523  -0.7670  -0.0241  -0.3843  -0.3843   0.0024   0.0000  -0.0019   0.0940    0.245
    44   0.3094   2.0000   0.3471  -0.7667  -0.0243  -0.3841  -0.3841   0.0024   0.0000  -0.0019   0.0939    0.245
    45   0.5056   2.0000   0.4360  -0.7659  -0.0235  -0.3837  -0.3837   0.0024   0.0000  -0.0019   0.0938    0.245
    46   0.7445   2.0000   0.5175  -0.7645  -0.0245  -0.3830  -0.3830   0.0024   0.0000  -0.0019   0.0936    0.245
    47   1.0220   2.0000   0.5901  -0.7622  -0.0269  -0.3819  -0.3819   0.0025   0.0000  -0.0020   0.0933    0.245
    48   1.3333   2.0000   0.6526  -0.7586  -0.0249  -0.3800  -0.3800   0.0025   0.0000  -0.0020   0.0928    0.245
    49   1.6731   2.0000   0.7039  -0.7533  -0.0263  -0.3774  -0.3774   0.0026   0.0000  -0.0021   0.0920    0.244
    50   2.0357   2.0000   0.7432  -0.7460  -0.0253  -0.3737  -0.3737   0.0028   0.0000  -0.0022   0.0910    0.244
    51   2.4147   2.0000   0.7698  -0.7361  -0.0273  -0.3687  -0.3687   0.0029   0.0000  -0.0024   0.0896    0.244
    52   2.8038   2.0000   0.7832  -0.7228  -0.0363  -0.3621  -0.3621   0.0031   0.0000  -0.0026   0.0877    0.243
    53   3.1962   2.0000   0.7832  -0.7051  -0.0280  -0.3532  -0.3532   0.0034   0.0000  -0.0029   0.0852    0.242
    54   3.5853   2.0000   0.7698  -0.6808  -0.0281  -0.3410  -0.3410   0.0037   0.0000  -0.0035   0.0816    0.240
    55   3.9643   2.0000   0.7432  -0.6467  -0.0187  -0.3239  -0.3239   0.0039   0.0000  -0.0045   0.0763    0.236
    56   4.3269   2.0000   0.7039  -0.6054  -0.0434  -0.3032  -0.3032   0.0040   0.0000  -0.0057   0.0700    0.231
    57   4.6667   2.0000   0.6526  -0.5609  -0.0431  -0.2808  -0.2808   0.0042   0.0000  -0.0067   0.0634    0.226
    58   4.9780   2.0000   0.5901  -0.5106  -0.0459  -0.2556  -0.2556   0.0043   0.0000  -0.0076   0.0562    0.220
    59   5.2555   2.0000   0.5175  -0.4531  -0.0532  -0.2268  -0.2268   0.0043   0.0000  -0.0084   0.0482    0.213
    60   5.4944   2.0000   0.4360  -0.3869  -0.0485  -0.1936  -0.1936   0.0040   0.0000  -0.0089   0.0394    0.204
    61   5.6906   2.0000   0.3471  -0.3117  -0.0533  -0.1560  -0.1560   0.0037   0.0000  -0.0087   0.0303    0.194
    62   5.8408   2.0000   0.2523  -0.2287  -0.0557  -0.1144  -0.1144   0.0031   0.0000  -0.0075   0.0211    0.185
    63   5.9424   2.0000   0.1531  -0.1397  -0.0573  -0.0699  -0.0699   0.0022   0.0000  -0.0052   0.0123    0.176
    64   5.9936   2.0000   0.0513  -0.0470  -0.0582  -0.0235  -0.0235   0.0009   0.0000  -0.0019   0.0040    0.171

  Surface # 4     Second Wing2 (YDUP)                     
     # Chordwise = 12   # Spanwise = 24     First strip = 65
     Surface area =   12.000000       Ave. chord =    2.000000
     CLsurf  =  -0.03246     Clsurf  =  -0.00215
     CYsurf  =   0.00000     Cmsurf  =   0.11177
     CDsurf  =   0.00032     Cnsurf  =   0.00012
     CDisurf =   0.00032     CDvsurf =   0.00000

  Forces referred to Ssurf, Cave about hinge axis thru LE
     CLsurf  =  -0.32354     CDsurf  =   0.00324
     Deflect =

 Strip Forces referred to Strip Area, Chord
    j      Yle    Chord     Area     c cl      ai      cl_norm  cl       cd       cdv    cm_c/4    cm_LE  C.P.x/c
    65  -0.0064   2.0000   0.0513  -0.7671  -0.0242  -0.3843  -0.3843   0.0024   0.0000  -0.0019  -0.0940    0.245
    66  -0.0576   2.0000   0.1531  -0.7671  -0.0242  -0.3843  -0.3843   0.0024   0.0000  -0.0019  -0.0940    0.245
    67  -0.1592   2.0000   0.2523  -0.7670  -0.0241  -0.3843  -0.3843   0.0024   0.0000  -0.0019  -0.0940    0.245
    68  -0.3094   2.0000   0.3471  -0.7667  -0.0243  -0.3841  -0.3841   0.0024   0.0000  -0.0019  -0.0939    0.245
    69  -0.5056   2.0000   0.4360  -0.7659  -0.0235  -0.3837  -0.3837   0.0024   0.0000  -0.0019  -0.0938    0.245
    70  -0.7445   2.0000   0.5175  -0.7645  -0.0245  -0.3830  -0.3830   0.0024   0.0000  -0.0019  -0.0936    0.245
    71  -1.0220   2.0000   0.5901  -0.7622  -0.0269  -0.3819  -0.3819   0.0025   0.0000  -0.0020  -0.0933    0.245
    72  -1.3333   2.0000   0.6526  -0.7586  -0.0249  -0.3800  -0.3800   0.0025   0.0000  -0.0020  -0.0928    0.245
    73  -1.6731   2.0000   0.7039  -0.7533  -0.0263  -0.3774  -0.3774   0.0026   0.0000  -0.0021  -0.0920    0.244
    74  -2.0357   2.0000   0.7432  -0.7460  -0.0253  -0.3737  -0.3737   0.0028   0.0000  -0.0022  -0.0910    0.244
    75  -2.4147   2.0000   0.7698  -0.7361  -0.0273  -0.3687  -0.3687   0.0029   0.0000  -0.0024  -0.0896    0.244
    76  -2.8038   2.0000   0.7832  -0.7228  -0.0363  -0.3621  -0.3621   0.0031   0.0000  -0.0026  -0.0877    0.243
    77  -3.1962   2.0000   0.7832  -0.7051  -0.0280  -0.3532  -0.3532   0.0034   0.0000  -0.0029  -0.0852    0.242
    78  -3.5853   2.0000   0.7698  -0.6808  -0.0281  -0.3410  -0.3410   0.0037   0.0000  -0.0035  -0.0816    0.240
    79  -3.9643   2.0000   0.7432  -0.6467  -0.0187  -0.3239  -0.3239   0.0039   0.0000  -0.0045  -0.0763    0.236
    80  -4.3269   2.0000   0.7039  -0.6054  -0.0434  -0.3032  -0.3032   0.0040   0.0000  -0.0057  -0.0700    0.231
    81  -4.6667   2.0000   0.6526  -0.5609  -0.0431  -0.2808  -0.2808   0.0042   0.0000  -0.0067  -0.0634    0.226
    82  -4.9780   2.0000   0.5901  -0.5106  -0.0459  -0.2556  -0.2556   0.0043   0.0000  -0.0076  -0.0562    0.220
    83  -5.2555   2.0000   0.5175  -0.4531  -0.0532  -0.2268  -0.2268   0.0043   0.0000  -0.0084  -0.0482    0.213
    84  -5.4944   2.0000   0.4360  -0.3869  -0.0485  -0.1936  -0.1936   0.0040   0.0000  -0.0089  -0.0394    0.204
    85  -5.6906   2.0000   0.3471  -0.3117  -0.0533  -0.1560  -0.1560   0.0037   0.0000  -0.0087  -0.0303    0.194
    86  -5.8408   2.0000   0.2523  -0.2287  -0.0557  -0.1144  -0.1144   0.0031   0.0000  -0.0075  -0.0211    0.185
    87  -5.9424   2.0000   0.1531  -0.1397  -0.0573  -0.0699  -0.0699   0.0022   0.0000  -0.0052  -0.0123    0.176
    88  -5.9936   2.0000   0.0513  -0.0470  -0.0582  -0.0235  -0.0235   0.0009   0.0000  -0.0019  -0.0040    0.171

  Surface # 5     Fin                                     
     # Chordwise = 12   # Spanwise = 12     First strip = 89
     Surface area =    4.000000       Ave. chord =    1.600000
     CLsurf  =   0.00000     Clsurf  =   0.00003
     CYsurf  =   0.00103     Cmsurf  =  -0.00001
     CDsurf  =  -0.00001     Cnsurf  =  -0.00028
     CDisurf =  -0.00001     CDvsurf =   0.00000

  Forces referred to Ssurf, Cave about hinge axis thru LE
     CLsurf  =  -0.03084     CDsurf  =  -0.00017
     Deflect =

 Strip Forces referred to Strip Area, Chord
    j      Yle    Chord     Area     c cl      ai      cl_norm  cl       cd       cdv    cm_c/4    cm_LE  C.P.x/c
    89   4.0000   1.9966   0.0850  -0.0059   0.0395  -0.0030  -0.0029   0.0000   0.0000   0.0002   0.0009    0.324
    90   4.0000   1.9696   0.2459  -0.0191   0.0200  -0.0100  -0.0097  -0.0000   0.0000   0.0007   0.0028    0.318
    91   4.0000   1.9173   0.3809  -0.0348   0.0182  -0.0187  -0.0182  -0.0000   0.0000   0.0011   0.0051    0.308
    92   4.0000   1.8435   0.4773  -0.0502   0.0130  -0.0280  -0.0272  -0.0001   0.0000   0.0013   0.0073    0.296
    93   4.0000   1.7531   0.5285  -0.0611   0.0105  -0.0358  -0.0348  -0.0002   0.0000   0.0012   0.0089    0.285
    94   4.0000   1.6522   0.5345  -0.0656   0.0097  -0.0408  -0.0397  -0.0002   0.0000   0.0010   0.0098    0.275
    95   4.0000   1.5478   0.5007  -0.0641   0.0094  -0.0426  -0.0414  -0.0003   0.0000   0.0006   0.0098    0.265
    96   4.0000   1.4469   0.4362  -0.0580   0.0089  -0.0412  -0.0401  -0.0003   0.0000   0.0002   0.0090    0.254
    97   4.0000   1.3565   0.3512  -0.0484   0.0082  -0.0367  -0.0357  -0.0003   0.0000  -0.0003   0.0076    0.241
    98   4.0000   1.2827   0.2548  -0.0364   0.0075  -0.0292  -0.0284  -0.0002   0.0000  -0.0007   0.0056    0.225
    99   4.0000   1.2304   0.1537  -0.0226   0.0068  -0.0189  -0.0184  -0.0001   0.0000  -0.0008   0.0033    0.207
   100   4.0000   1.2034   0.0513  -0.0077   0.0064  -0.0066  -0.0064  -0.0000   0.0000  -0.0004   0.0011    0.193

  Surface # 6     Fin (YDUP)                              
     # Chordwise = 12   # Spanwise = 12     First strip =101
     Surface area =    4.000000       Ave. chord =    1.600000
     CLsurf  =   0.00000     Clsurf  =  -0.00003
     CYsurf  =  -0.00103     Cmsurf  =  -0.00001
     CDsurf  =  -0.00001     Cnsurf  =   0.00028
     CDisurf =  -0.00001     CDvsurf =   0.00000

  Forces referred to Ssurf, Cave about hinge axis thru LE
     CLsurf  =  -0.03084     CDsurf  =  -0.00017
     Deflect =

 Strip Forces referred to Strip Area, Chord
    j      Yle    Chord     Area     c cl      ai      cl_norm  cl       cd       cdv    cm_c/4    cm_LE  C.P.x/c
   101  -4.0000   1.9966   0.0850  -0.0059   0.0395  -0.0030  -0.0029   0.0000   0.0000   0.0002  -0.0009    0.324
   102  -4.0000   1.9696   0.2459  -0.0191   0.0200  -0.0100  -0.0097  -0.0000   0.0000   0.0007  -0.0028    0.318
   103  -4.0000   1.9173   0.3809  -0.0348   0.0182  -0.0187  -0.0182  -0.0000   0.0000   0.0011  -0.0051    0.308
   104  -4.0000   1.8435   0.4773  -0.0502   0.0130  -0.0280  -0.0272  -0.0001   0.0000   0.0013  -0.0073    0.296
   105  -4.0000   1.7531   0.5285  -0.0611   0.0105  -0.0358  -0.0348  -0.0002   0.0000   0.0012  -0.0089    0.285
   106  -4.0000   1.6522   0.5345  -0.0656   0.0097  -0.0408  -0.0397  -0.0002   0.0000   0.0010  -0.0098    0.275
   107  -4.0000   1.5478   0.5007  -0.0641   0.0094  -0.0426  -0.0414  -0.0003   0.0000   0.0006  -0.0098    0.265
   108  -4.0000   1.4469   0.4362  -0.0580   0.0089  -0.0412  -0.0401  -0.0003   0.0000   0.0002  -0.0090    0.254
   109  -4.0000   1.3565   0.3512  -0.0484   0.0082  -0.0367  -0.0357  -0.0003   0.0000  -0.0003  -0.0076    0.241
   110  -4.0000   1.2827   0.2548  -0.0364   0.0075  -0.0292  -0.0284  -0.0002   0.0000  -0.0007  -0.0056    0.225
   111  -4.0000   1.2304   0.1537  -0.0226   0.0068  -0.0189  -0.0184  -0.0001   0.0000  -0.0008  -0.0033    0.207
   112  -4.0000   1.2034   0.0513  -0.0077   0.0064  -0.0066  -0.0064  -0.0000   0.0000  -0.0004  -0.0011    0.193
 ---------------------------------------------------------------
