 ---------------------------------------------------------------
 Surface and Strip Forces by surface

  Forces referred to Sref, Cref, Bref about Xref, Yref, Zref
 Standard axis orientation,  X fwd, Z down         

  Surface # 1     FrontWing                               
     # Chordwise = 12   # Spanwise = 20     First strip =  1
     Surface area =   59.987980       Ave. chord =    2.999398
     CLsurf  =   0.21783     Clsurf  =  -0.04966
     CYsurf  =   0.00038     Cmsurf  =  -0.17546
     CDsurf  =   0.00259     Cnsurf  =   0.00167
     CDisurf =   0.00259     CDvsurf =   0.00000

  Forces referred to Ssurf, Cave about hinge axis thru LE
     CLsurf  =   0.43430     CDsurf  =   0.00516
     Deflect =

 Strip Forces referred to Strip Area, Chord
    j      Yle    Chord     Area     c cl      ai      cl_norm  cl       cd       cdv    cm_c/4    cm_LE  C.P.x/c
     1   0.0299   3.7500   0.4480   1.5006   0.0007   0.4003   0.4003   0.0038   0.0000  -0.1425  -0.2425    0.606
     2   0.2681   3.7500   1.3330   1.5006   0.0009   0.4003   0.4003   0.0038   0.0000  -0.1425  -0.2425    0.606
     3   0.7386   3.7500   2.1851   1.5002   0.0004   0.4002   0.4002   0.0038   0.0000  -0.1425  -0.2425    0.606
     4   1.4299   3.7500   2.9835   1.4990  -0.0032   0.3999   0.3999   0.0038   0.0000  -0.1425  -0.2424    0.606
     5   2.3249   3.7500   3.7084   1.4962   0.0039   0.3991   0.3991   0.0038   0.0000  -0.1424  -0.2422    0.607
     6   3.4016   3.7500   4.3420   1.4904   0.1158   0.3976   0.3976   0.0039   0.0000  -0.1423  -0.2417    0.608
     7   4.6579   3.6729   4.9520   1.4781  -0.0060   0.4057   0.4026   0.0040   0.0000  -0.1424  -0.2413    0.604
     8   6.0668   3.5078   5.1245   1.4577   0.1424   0.4189   0.4157   0.0040   0.0000  -0.1427  -0.2449    0.593
     9   7.5707   3.3316   5.1225   1.4309   0.0288   0.4330   0.4297   0.0039   0.0000  -0.1428  -0.2485    0.582
    10   9.1324   3.1485   4.9633   1.3982   0.0230   0.4477   0.4443   0.0041   0.0000  -0.1429  -0.2522    0.572
    11  10.7137   2.9632   4.6712   1.3601   0.0215   0.4627   0.4592   0.0044   0.0000  -0.1429  -0.2559    0.561
    12  12.2755   2.7802   4.2748   1.3163   0.0218   0.4773   0.4736   0.0048   0.0000  -0.1428  -0.2594    0.552
    13  13.7793   2.6040   3.8041   1.2661   0.0235   0.4902   0.4864   0.0054   0.0000  -0.1426  -0.2624    0.543
    14  15.1883   2.4389   3.2882   1.2074   0.0268   0.4991   0.4953   0.0064   0.0000  -0.1422  -0.2641    0.537
    15  16.4675   2.2890   2.7522   1.1366   0.0324   0.5006   0.4968   0.0078   0.0000  -0.1412  -0.2635    0.534
    16  17.5856   2.1579   2.2161   1.0466   0.0412   0.4891   0.4853   0.0096   0.0000  -0.1391  -0.2586    0.537
    17  18.5151   2.0490   1.6929   0.9265   0.0552   0.4560   0.4525   0.0118   0.0000  -0.1345  -0.2459    0.547
    18  19.2329   1.9649   1.1890   0.7599   0.0774   0.3901   0.3871   0.0135   0.0000  -0.1235  -0.2187    0.569
    19  19.7216   1.9076   0.7042   0.5244   0.1131   0.2773   0.2752   0.0126   0.0000  -0.0971  -0.1647    0.603
    20  19.9689   1.8786   0.2331   0.1969   0.1638   0.1058   0.1050   0.0058   0.0000  -0.0411  -0.0669    0.642

  Surface # 2     FrontWing (YDUP)                        
     # Chordwise = 12   # Spanwise = 20     First strip = 21
     Surface area =   59.987980       Ave. chord =    2.999398
     CLsurf  =   0.21783     Clsurf  =   0.04966
     CYsurf  =  -0.00038     Cmsurf  =  -0.17546
     CDsurf  =   0.00259     Cnsurf  =  -0.00167
     CDisurf =   0.00259     CDvsurf =   0.00000

  Forces referred to Ssurf, Cave about hinge axis thru LE
     CLsurf  =   0.43430     CDsurf  =   0.00516
     Deflect =

 Strip Forces referred to Strip Area, Chord
    j      Yle    Chord     Area     c cl      ai      cl_norm  cl       cd       cdv    cm_c/4    cm_LE  C.P.x/c
    21  -0.0299   3.7500   0.4480   1.5006   0.0007   0.4003   0.4003   0.0038   0.0000  -0.1425   0.2425    0.606
    22  -0.2681   3.7500   1.3330   1.5006   0.0009   0.4003   0.4003   0.0038   0.0000  -0.1425   0.2425    0.606
    23  -0.7386   3.7500   2.1851   1.5002   0.0004   0.4002   0.4002   0.0038   0.0000  -0.1425   0.2425    0.606
    24  -1.4299   3.7500   2.9835   1.4990  -0.0032   0.3999   0.3999   0.0038   0.0000  -0.1425   0.2424    0.606
    25  -2.3249   3.7500   3.7084   1.4962   0.0039   0.3991   0.3991   0.0038   0.0000  -0.1424   0.2422    0.607
    26  -3.4016   3.7500   4.3420   1.4904   0.1158   0.3976   0.3976   0.0039   0.0000  -0.1423   0.2417    0.608
    27  -4.6579   3.6729   4.9520   1.4781  -0.0060   0.4057   0.4026   0.0040   0.0000  -0.1424   0.2413    0.604
    28  -6.0668   3.5078   5.1245   1.4577   0.1424   0.4189   0.4157   0.0040   0.0000  -0.1427   0.2449    0.593
    29  -7.5707   3.3316   5.1225   1.4309   0.0288   0.4330   0.4297   0.0039   0.0000  -0.1428   0.2485    0.582
    30  -9.1324   3.1485   4.9633   1.3982   0.0230   0.4477   0.4443   0.0041   0.0000  -0.1429   0.2522    0.572
    31 -10.7137   2.9632   4.6712   1.3601   0.0215   0.4627   0.4592   0.0044   0.0000  -0.1429   0.2559    0.561
    32 -12.2755   2.7802   4.2748   1.3163   0.0218   0.4773   0.4736   0.0048   0.0000  -0.1428   0.2594    0.552
    33 -13.7793   2.6040   3.8041   1.2661   0.0235   0.4902   0.4864   0.0054   0.0000  -0.1426   0.2624    0.543
    34 -15.1883   2.4389   3.2882   1.2074   0.0268   0.4991   0.4953   0.0064   0.0000  -0.1422   0.2641    0.537
    35 -16.4675   2.2890   2.7522   1.1366   0.0324   0.5006   0.4968   0.0078   0.0000  -0.1412   0.2635    0.534
    36 -17.5856   2.1579   2.2161   1.0466   0.0412   0.4891   0.4853   0.0096   0.0000  -0.1391   0.2586    0.537
    37 -18.5151   2.0490   1.6929   0.9265   0.0552   0.4560   0.4525   0.0118   0.0000  -0.1345   0.2459    0.547
    38 -19.2329   1.9649   1.1890   0.7599   0.0774   0.3901   0.3871   0.0135   0.0000  -0.1235   0.2187    0.569
    39 -19.7216   1.9076   0.7042   0.5244   0.1131   0.2773   0.2752   0.0126   0.0000  -0.0971   0.1647    0.603
    40 -19.9689   1.8786   0.2331   0.1969   0.1638   0.1058   0.1050   0.0058   0.0000  -0.0411   0.0669    0.642

  Surface # 3     Second Wing2                            
     # Chordwise = 12   # Spanwise = 24     First strip = 41
     Surface area =   12.000000       Ave. chord =    2.000000
     CLsurf  =  -0.01783     Clsurf  =   0.00117
     CYsurf  =  -0.00000     Cmsurf  =   0.06143
     CDsurf  =  -0.00025     Cnsurf  =  -0.00004
     CDisurf =  -0.00025     CDvsurf =   0.00000

  Forces referred to Ssurf, Cave about hinge axis thru LE
     CLsurf  =  -0.17773     CDsurf  =  -0.00252
     Deflect =

 Strip Forces referred to Strip Area, Chord
    j      Yle    Chord     Area     c cl      ai      cl_norm  cl       cd       cdv    cm_c/4    cm_LE  C.P.x/c
    41   0.0064   2.0000   0.0513  -0.4268   0.0005  -0.2135  -0.2135  -0.0036   0.0000  -0.0019   0.0515    0.241
    42   0.0576   2.0000   0.1531  -0.4268   0.0005  -0.2135  -0.2135  -0.0036   0.0000  -0.0019   0.0515    0.241
    43   0.1592   2.0000   0.2523  -0.4267   0.0004  -0.2135  -0.2135  -0.0036   0.0000  -0.0019   0.0515    0.241
    44   0.3094   2.0000   0.3471  -0.4265   0.0005  -0.2134  -0.2134  -0.0036   0.0000  -0.0019   0.0515    0.241
    45   0.5056   2.0000   0.4360  -0.4260  -0.0006  -0.2131  -0.2131  -0.0035   0.0000  -0.0019   0.0514    0.241
    46   0.7445   2.0000   0.5175  -0.4251   0.0004  -0.2126  -0.2126  -0.0035   0.0000  -0.0019   0.0513    0.241
    47   1.0220   2.0000   0.5901  -0.4235   0.0028  -0.2118  -0.2118  -0.0035   0.0000  -0.0019   0.0510    0.241
    48   1.3333   2.0000   0.6526  -0.4210  -0.0001  -0.2106  -0.2106  -0.0034   0.0000  -0.0019   0.0507    0.241
    49   1.6731   2.0000   0.7039  -0.4174   0.0009  -0.2088  -0.2088  -0.0034   0.0000  -0.0020   0.0502    0.241
    50   2.0357   2.0000   0.7432  -0.4124  -0.0015  -0.2063  -0.2063  -0.0033   0.0000  -0.0020   0.0495    0.240
    51   2.4147   2.0000   0.7698  -0.4056  -0.0002  -0.2029  -0.2029  -0.0031   0.0000  -0.0021   0.0486    0.240
    52   2.8038   2.0000   0.7832  -0.3966   0.0112  -0.1984  -0.1984  -0.0029   0.0000  -0.0022   0.0474    0.239
    53   3.1962   2.0000   0.7832  -0.3851  -0.0012  -0.1926  -0.1926  -0.0027   0.0000  -0.0023   0.0459    0.238
    54   3.5853   2.0000   0.7698  -0.3705   0.0019  -0.1853  -0.1853  -0.0024   0.0000  -0.0025   0.0438    0.236
    55   3.9643   2.0000   0.7432  -0.3519   0.0380  -0.1760  -0.1760  -0.0022   0.0000  -0.0031   0.0409    0.232
    56   4.3269   2.0000   0.7039  -0.3293  -0.0120  -0.1647  -0.1647  -0.0020   0.0000  -0.0038   0.0374    0.227
    57   4.6667   2.0000   0.6526  -0.3042  -0.0077  -0.1522  -0.1522  -0.0016   0.0000  -0.0042   0.0338    0.222
    58   4.9780   2.0000   0.5901  -0.2767  -0.0053  -0.1384  -0.1384  -0.0013   0.0000  -0.0047   0.0299    0.216
    59   5.2555   2.0000   0.5175  -0.2468   0.0056  -0.1234  -0.1234  -0.0011   0.0000  -0.0052   0.0256    0.208
    60   5.4944   2.0000   0.4360  -0.2124  -0.0259  -0.1062  -0.1062  -0.0009   0.0000  -0.0056   0.0209    0.197
    61   5.6906   2.0000   0.3471  -0.1720  -0.0211  -0.0860  -0.0860  -0.0006   0.0000  -0.0055   0.0160    0.187
    62   5.8408   2.0000   0.2523  -0.1263  -0.0199  -0.0632  -0.0632  -0.0003   0.0000  -0.0047   0.0111    0.176
    63   5.9424   2.0000   0.1531  -0.0772  -0.0192  -0.0386  -0.0386  -0.0001   0.0000  -0.0032   0.0065    0.168
    64   5.9936   2.0000   0.0513  -0.0259  -0.0189  -0.0130  -0.0130   0.0000   0.0000  -0.0011   0.0021    0.162

  Surface # 4     Second Wing2 (YDUP)                     
     # Chordwise = 12   # Spanwise = 24     First strip = 65
     Surface area =   12.000000       Ave. chord =    2.000000
     CLsurf  =  -0.01783     Clsurf  =  -0.00117
     CYsurf  =  -0.00000     Cmsurf  =   0.06143
     CDsurf  =  -0.00025     Cnsurf  =   0.00004
     CDisurf =  -0.00025     CDvsurf =   0.00000

  Forces referred to Ssurf, Cave about hinge axis thru LE
     CLsurf  =  -0.17773     CDsurf  =  -0.00252
     Deflect =

 Strip Forces referred to Strip Area, Chord
    j      Yle    Chord     Area     c cl      ai      cl_norm  cl       cd       cdv    cm_c/4    cm_LE  C.P.x/c
    65  -0.0064   2.0000   0.0513  -0.4268   0.0005  -0.2135  -0.2135  -0.0036   0.0000  -0.0019  -0.0515    0.241
    66  -0.0576   2.0000   0.1531  -0.4268   0.0005  -0.2135  -0.2135  -0.0036   0.0000  -0.0019  -0.0515    0.241
    67  -0.1592   2.0000   0.2523  -0.4267   0.0004  -0.2135  -0.2135  -0.0036   0.0000  -0.0019  -0.0515    0.241
    68  -0.3094   2.0000   0.3471  -0.4265   0.0005  -0.2134  -0.2134  -0.0036   0.0000  -0.0019  -0.0515    0.241
    69  -0.5056   2.0000   0.4360  -0.4260  -0.0006  -0.2131  -0.2131  -0.0035   0.0000  -0.0019  -0.0514    0.241
    70  -0.7445   2.0000   0.5175  -0.4251   0.0004  -0.2126  -0.2126  -0.0035   0.0000  -0.0019  -0.0513    0.241
    71  -1.0220   2.0000   0.5901  -0.4235   0.0028  -0.2118  -0.2118  -0.0035   0.0000  -0.0019  -0.0510    0.241
    72  -1.3333   2.0000   0.6526  -0.4210  -0.0001  -0.2106  -0.2106  -0.0034   0.0000  -0.0019  -0.0507    0.241
    73  -1.6731   2.0000   0.7039  -0.4174   0.0009  -0.2088  -0.2088  -0.0034   0.0000  -0.0020  -0.0502    0.241
    74  -2.0357   2.0000   0.7432  -0.4124  -0.0015  -0.2063  -0.2063  -0.0033   0.0000  -0.0020  -0.0495    0.240
    75  -2.4147   2.0000   0.7698  -0.4056  -0.0002  -0.2029  -0.2029  -0.0031   0.0000  -0.0021  -0.0486    0.240
    76  -2.8038   2.0000   0.7832  -0.3966   0.0112  -0.1984  -0.1984  -0.0029   0.0000  -0.0022  -0.0474    0.239
    77  -3.1962   2.0000   0.7832  -0.3851  -0.0012  -0.1926  -0.1926  -0.0027   0.0000  -0.0023  -0.0459    0.238
    78  -3.5853   2.0000   0.7698  -0.3705   0.0019  -0.1853  -0.1853  -0.0024   0.0000  -0.0025  -0.0438    0.236
    79  -3.9643   2.0000   0.7432  -0.3519   0.0380  -0.1760  -0.1760  -0.0022   0.0000  -0.0031  -0.0409    0.232
    80  -4.3269   2.0000   0.7039  -0.3293  -0.0120  -0.1647  -0.1647  -0.0020   0.0000  -0.0038  -0.0374    0.227
    81  -4.6667   2.0000   0.6526  -0.3042  -0.0077  -0.1522  -0.1522  -0.0016   0.0000  -0.0042  -0.0338    0.222
    82  -4.9780   2.0000   0.5901  -0.2767  -0.0053  -0.1384  -0.1384  -0.0013   0.0000  -0.0047  -0.0299    0.216
    83  -5.2555   2.0000   0.5175  -0.2468   0.0056  -0.1234  -0.1234  -0.0011   0.0000  -0.0052  -0.0256    0.208
    84  -5.4944   2.0000   0.4360  -0.2124  -0.0259  -0.1062  -0.1062  -0.0009   0.0000  -0.0056  -0.0209    0.197
    85  -5.6906   2.0000   0.3471  -0.1720  -0.0211  -0.0860  -0.0860  -0.0006   0.0000  -0.0055  -0.0160    0.187
    86  -5.8408   2.0000   0.2523  -0.1263  -0.0199  -0.0632  -0.0632  -0.0003   0.0000  -0.0047  -0.0111    0.176
    87  -5.9424   2.0000   0.1531  -0.0772  -0.0192  -0.0386  -0.0386  -0.0001   0.0000  -0.0032  -0.0065    0.168
    88  -5.9936   2.0000   0.0513  -0.0259  -0.0189  -0.0130  -0.0130   0.0000   0.0000  -0.0011  -0.0021    0.162

  Surface # 5     Fin                                     
     # Chordwise = 12   # Spanwise = 12     First strip = 89
     Surface area =    4.000000       Ave. chord =    1.600000
     CLsurf  =   0.00000     Clsurf  =   0.00002
     CYsurf  =   0.00053     Cmsurf  =  -0.00000
     CDsurf  =  -0.00000     Cnsurf  =  -0.00014
     CDisurf =  -0.00000     CDvsurf =   0.00000

  Forces referred to Ssurf, Cave about hinge axis thru LE
     CLsurf  =  -0.01586     CDsurf  =  -0.00004
     Deflect =

 Strip Forces referred to Strip Area, Chord
    j      Yle    Chord     Area     c cl      ai      cl_norm  cl       cd       cdv    cm_c/4    cm_LE  C.P.x/c
    89   4.0000   1.9966   0.0850  -0.0032  -0.0897  -0.0017  -0.0016   0.0000   0.0000   0.0001   0.0005    0.317
    90   4.0000   1.9696   0.2459  -0.0107  -0.0022  -0.0057  -0.0054  -0.0000   0.0000   0.0003   0.0016    0.310
    91   4.0000   1.9173   0.3809  -0.0196   0.0041  -0.0107  -0.0102  -0.0000   0.0000   0.0005   0.0029    0.299
    92   4.0000   1.8435   0.4773  -0.0281   0.0030  -0.0160  -0.0152  -0.0000   0.0000   0.0006   0.0041    0.289
    93   4.0000   1.7531   0.5285  -0.0333   0.0026  -0.0199  -0.0190  -0.0000   0.0000   0.0006   0.0050    0.282
    94   4.0000   1.6522   0.5345  -0.0344   0.0029  -0.0218  -0.0208  -0.0001   0.0000   0.0005   0.0054    0.276
    95   4.0000   1.5478   0.5007  -0.0323   0.0033  -0.0219  -0.0209  -0.0001   0.0000   0.0004   0.0053    0.270
    96   4.0000   1.4469   0.4362  -0.0282   0.0034  -0.0204  -0.0195  -0.0001   0.0000   0.0002   0.0048    0.263
    97   4.0000   1.3565   0.3512  -0.0228   0.0033  -0.0176  -0.0168  -0.0000   0.0000   0.0000   0.0040    0.252
    98   4.0000   1.2827   0.2548  -0.0167   0.0031  -0.0137  -0.0130  -0.0000   0.0000  -0.0002   0.0029    0.238
    99   4.0000   1.2304   0.1537  -0.0102   0.0028  -0.0087  -0.0083  -0.0000   0.0000  -0.0002   0.0017    0.223
   100   4.0000   1.2034   0.0513  -0.0034   0.0026  -0.0030  -0.0029  -0.0000   0.0000  -0.0001   0.0006    0.211

  Surface # 6     Fin (YDUP)                              
     # Chordwise = 12   # Spanwise = 12     First strip =101
     Surface area =    4.000000       Ave. chord =    1.600000
     CLsurf  =   0.00000     Clsurf  =  -0.00002
     CYsurf  =  -0.00053     Cmsurf  =  -0.00000
     CDsurf  =  -0.00000     Cnsurf  =   0.00014
     CDisurf =  -0.00000     CDvsurf =   0.00000

  Forces referred to Ssurf, Cave about hinge axis thru LE
     CLsurf  =  -0.01586     CDsurf  =  -0.00004
     Deflect =

 Strip Forces referred to Strip Area, Chord
    j      Yle    Chord     Area     c cl      ai      cl_norm  cl       cd       cdv    cm_c/4    cm_LE  C.P.x/c
   101  -4.0000   1.9966   0.0850  -0.0032  -0.0897  -0.0017  -0.0016   0.0000   0.0000   0.0001  -0.0005    0.317
   102  -4.0000   1.9696   0.2459  -0.0107  -0.0022  -0.0057  -0.0054  -0.0000   0.0000   0.0003  -0.0016    0.310
   103  -4.0000   1.9173   0.3809  -0.0196   0.0041  -0.0107  -0.0102  -0.0000   0.0000   0.0005  -0.0029    0.299
   104  -4.0000   1.8435   0.4773  -0.0281   0.0030  -0.0160  -0.0152  -0.0000   0.0000   0.0006  -0.0041    0.289
   105  -4.0000   1.7531   0.5285  -0.0333   0.0026  -0.0199  -0.0190  -0.0000   0.0000   0.0006  -0.0050    0.282
   106  -4.0000   1.6522   0.5345  -0.0344   0.0029  -0.0218  -0.0208  -0.0001   0.0000   0.0005  -0.0054    0.276
   107  -4.0000   1.5478   0.5007  -0.0323   0.0033  -0.0219  -0.0209  -0.0001   0.0000   0.0004  -0.0053    0.270
   108  -4.0000   1.4469   0.4362  -0.0282   0.0034  -0.0204  -0.0195  -0.0001   0.0000   0.0002  -0.0048    0.263
   109  -4.0000   1.3565   0.3512  -0.0228   0.0033  -0.0176  -0.0168  -0.0000   0.0000   0.0000  -0.0040    0.252
   110  -4.0000   1.2827   0.2548  -0.0167   0.0031  -0.0137  -0.0130  -0.0000   0.0000  -0.0002  -0.0029    0.238
   111  -4.0000   1.2304   0.1537  -0.0102   0.0028  -0.0087  -0.0083  -0.0000   0.0000  -0.0002  -0.0017    0.223
   112  -4.0000   1.2034   0.0513  -0.0034   0.0026  -0.0030  -0.0029  -0.0000   0.0000  -0.0001  -0.0006    0.211
 ---------------------------------------------------------------
