 ---------------------------------------------------------------
 Surface and Strip Forces by surface

  Forces referred to Sref, Cref, Bref about Xref, Yref, Zref
 Standard axis orientation,  X fwd, Z down         

  Surface # 1     FrontWing                               
     # Chordwise = 12   # Spanwise = 20     First strip =  1
     Surface area =   59.987980       Ave. chord =    2.999398
     CLsurf  =   0.17273     Clsurf  =  -0.03992
     CYsurf  =   0.00027     Cmsurf  =  -0.15482
     CDsurf  =   0.00174     Cnsurf  =   0.00194
     CDisurf =   0.00174     CDvsurf =   0.00000

  Forces referred to Ssurf, Cave about hinge axis thru LE
     CLsurf  =   0.34438     CDsurf  =   0.00347
     Deflect =

 Strip Forces referred to Strip Area, Chord
    j      Yle    Chord     Area     c cl      ai      cl_norm  cl       cd       cdv    cm_c/4    cm_LE  C.P.x/c
     1   0.0299   3.7500   0.4480   1.1577  -0.0076   0.3090   0.3090   0.0023   0.0000  -0.1424  -0.2196    0.711
     2   0.2681   3.7500   1.3330   1.1576  -0.0073   0.3090   0.3090   0.0023   0.0000  -0.1424  -0.2196    0.711
     3   0.7386   3.7500   2.1851   1.1575  -0.0078   0.3090   0.3090   0.0023   0.0000  -0.1424  -0.2196    0.711
     4   1.4299   3.7500   2.9835   1.1570  -0.0121   0.3088   0.3088   0.0023   0.0000  -0.1424  -0.2196    0.711
     5   2.3249   3.7500   3.7084   1.1559  -0.0043   0.3085   0.3085   0.0023   0.0000  -0.1423  -0.2194    0.711
     6   3.4016   3.7500   4.3420   1.1534   0.1327   0.3079   0.3079   0.0023   0.0000  -0.1421  -0.2190    0.712
     7   4.6579   3.6729   4.9520   1.1468  -0.0174   0.3150   0.3125   0.0024   0.0000  -0.1422  -0.2187    0.705
     8   6.0668   3.5078   5.1245   1.1353   0.1728   0.3265   0.3239   0.0025   0.0000  -0.1426  -0.2220    0.690
     9   7.5707   3.3316   5.1225   1.1200   0.0284   0.3391   0.3365   0.0025   0.0000  -0.1427  -0.2252    0.674
    10   9.1324   3.1485   4.9633   1.1013   0.0210   0.3528   0.3501   0.0027   0.0000  -0.1428  -0.2287    0.658
    11  10.7137   2.9632   4.6712   1.0788   0.0190   0.3673   0.3644   0.0029   0.0000  -0.1429  -0.2323    0.642
    12  12.2755   2.7802   4.2748   1.0522   0.0189   0.3818   0.3788   0.0033   0.0000  -0.1428  -0.2358    0.627
    13  13.7793   2.6040   3.8041   1.0201   0.0203   0.3952   0.3922   0.0038   0.0000  -0.1427  -0.2390    0.614
    14  15.1883   2.4389   3.2882   0.9808   0.0232   0.4057   0.4026   0.0045   0.0000  -0.1423  -0.2412    0.603
    15  16.4675   2.2890   2.7522   0.9308   0.0279   0.4103   0.4071   0.0056   0.0000  -0.1415  -0.2415    0.598
    16  17.5856   2.1579   2.2161   0.8644   0.0356   0.4042   0.4011   0.0070   0.0000  -0.1398  -0.2383    0.598
    17  18.5151   2.0490   1.6929   0.7725   0.0480   0.3805   0.3776   0.0088   0.0000  -0.1357  -0.2284    0.609
    18  19.2329   1.9649   1.1890   0.6408   0.0684   0.3293   0.3267   0.0102   0.0000  -0.1254  -0.2055    0.634
    19  19.7216   1.9076   0.7042   0.4484   0.1024   0.2374   0.2356   0.0097   0.0000  -0.0992  -0.1569    0.671
    20  19.9689   1.8786   0.2331   0.1707   0.1521   0.0918   0.0911   0.0047   0.0000  -0.0422  -0.0645    0.713

  Surface # 2     FrontWing (YDUP)                        
     # Chordwise = 12   # Spanwise = 20     First strip = 21
     Surface area =   59.987980       Ave. chord =    2.999398
     CLsurf  =   0.17273     Clsurf  =   0.03992
     CYsurf  =  -0.00027     Cmsurf  =  -0.15482
     CDsurf  =   0.00174     Cnsurf  =  -0.00194
     CDisurf =   0.00174     CDvsurf =   0.00000

  Forces referred to Ssurf, Cave about hinge axis thru LE
     CLsurf  =   0.34438     CDsurf  =   0.00347
     Deflect =

 Strip Forces referred to Strip Area, Chord
    j      Yle    Chord     Area     c cl      ai      cl_norm  cl       cd       cdv    cm_c/4    cm_LE  C.P.x/c
    21  -0.0299   3.7500   0.4480   1.1577  -0.0076   0.3090   0.3090   0.0023   0.0000  -0.1424   0.2196    0.711
    22  -0.2681   3.7500   1.3330   1.1576  -0.0073   0.3090   0.3090   0.0023   0.0000  -0.1424   0.2196    0.711
    23  -0.7386   3.7500   2.1851   1.1575  -0.0078   0.3090   0.3090   0.0023   0.0000  -0.1424   0.2196    0.711
    24  -1.4299   3.7500   2.9835   1.1570  -0.0121   0.3088   0.3088   0.0023   0.0000  -0.1424   0.2196    0.711
    25  -2.3249   3.7500   3.7084   1.1559  -0.0043   0.3085   0.3085   0.0023   0.0000  -0.1423   0.2194    0.711
    26  -3.4016   3.7500   4.3420   1.1534   0.1327   0.3079   0.3079   0.0023   0.0000  -0.1421   0.2190    0.712
    27  -4.6579   3.6729   4.9520   1.1468  -0.0174   0.3150   0.3125   0.0024   0.0000  -0.1422   0.2187    0.705
    28  -6.0668   3.5078   5.1245   1.1353   0.1728   0.3265   0.3239   0.0025   0.0000  -0.1426   0.2220    0.690
    29  -7.5707   3.3316   5.1225   1.1200   0.0284   0.3391   0.3365   0.0025   0.0000  -0.1427   0.2252    0.674
    30  -9.1324   3.1485   4.9633   1.1013   0.0210   0.3528   0.3501   0.0027   0.0000  -0.1428   0.2287    0.658
    31 -10.7137   2.9632   4.6712   1.0788   0.0190   0.3673   0.3644   0.0029   0.0000  -0.1429   0.2323    0.642
    32 -12.2755   2.7802   4.2748   1.0522   0.0189   0.3818   0.3788   0.0033   0.0000  -0.1428   0.2358    0.627
    33 -13.7793   2.6040   3.8041   1.0201   0.0203   0.3952   0.3922   0.0038   0.0000  -0.1427   0.2390    0.614
    34 -15.1883   2.4389   3.2882   0.9808   0.0232   0.4057   0.4026   0.0045   0.0000  -0.1423   0.2412    0.603
    35 -16.4675   2.2890   2.7522   0.9308   0.0279   0.4103   0.4071   0.0056   0.0000  -0.1415   0.2415    0.598
    36 -17.5856   2.1579   2.2161   0.8644   0.0356   0.4042   0.4011   0.0070   0.0000  -0.1398   0.2383    0.598
    37 -18.5151   2.0490   1.6929   0.7725   0.0480   0.3805   0.3776   0.0088   0.0000  -0.1357   0.2284    0.609
    38 -19.2329   1.9649   1.1890   0.6408   0.0684   0.3293   0.3267   0.0102   0.0000  -0.1254   0.2055    0.634
    39 -19.7216   1.9076   0.7042   0.4484   0.1024   0.2374   0.2356   0.0097   0.0000  -0.0992   0.1569    0.671
    40 -19.9689   1.8786   0.2331   0.1707   0.1521   0.0918   0.0911   0.0047   0.0000  -0.0422   0.0645    0.713

  Surface # 3     Second Wing2                            
     # Chordwise = 12   # Spanwise = 24     First strip = 41
     Surface area =   12.000000       Ave. chord =    2.000000
     CLsurf  =  -0.02273     Clsurf  =   0.00150
     CYsurf  =  -0.00000     Cmsurf  =   0.07830
     CDsurf  =  -0.00014     Cnsurf  =  -0.00006
     CDisurf =  -0.00014     CDvsurf =   0.00000

  Forces referred to Ssurf, Cave about hinge axis thru LE
     CLsurf  =  -0.22654     CDsurf  =  -0.00138
     Deflect =

 Strip Forces referred to Strip Area, Chord
    j      Yle    Chord     Area     c cl      ai      cl_norm  cl       cd       cdv    cm_c/4    cm_LE  C.P.x/c
    41   0.0064   2.0000   0.0513  -0.5408  -0.0078  -0.2707  -0.2707  -0.0024   0.0000  -0.0019   0.0657    0.243
    42   0.0576   2.0000   0.1531  -0.5408  -0.0078  -0.2707  -0.2707  -0.0024   0.0000  -0.0019   0.0657    0.243
    43   0.1592   2.0000   0.2523  -0.5408  -0.0078  -0.2706  -0.2706  -0.0024   0.0000  -0.0019   0.0657    0.243
    44   0.3094   2.0000   0.3471  -0.5405  -0.0078  -0.2705  -0.2705  -0.0024   0.0000  -0.0019   0.0657    0.243
    45   0.5056   2.0000   0.4360  -0.5399  -0.0082  -0.2702  -0.2702  -0.0024   0.0000  -0.0019   0.0656    0.243
    46   0.7445   2.0000   0.5175  -0.5388  -0.0079  -0.2697  -0.2697  -0.0024   0.0000  -0.0019   0.0655    0.243
    47   1.0220   2.0000   0.5901  -0.5370  -0.0071  -0.2688  -0.2688  -0.0024   0.0000  -0.0019   0.0652    0.243
    48   1.3333   2.0000   0.6526  -0.5341  -0.0084  -0.2673  -0.2673  -0.0023   0.0000  -0.0020   0.0648    0.243
    49   1.6731   2.0000   0.7039  -0.5300  -0.0082  -0.2653  -0.2653  -0.0022   0.0000  -0.0020   0.0642    0.242
    50   2.0357   2.0000   0.7432  -0.5242  -0.0094  -0.2624  -0.2624  -0.0021   0.0000  -0.0021   0.0634    0.242
    51   2.4147   2.0000   0.7698  -0.5164  -0.0092  -0.2584  -0.2584  -0.0020   0.0000  -0.0022   0.0623    0.241
    52   2.8038   2.0000   0.7832  -0.5060  -0.0047  -0.2532  -0.2532  -0.0018   0.0000  -0.0023   0.0609    0.241
    53   3.1962   2.0000   0.7832  -0.4923  -0.0102  -0.2464  -0.2464  -0.0015   0.0000  -0.0025   0.0590    0.240
    54   3.5853   2.0000   0.7698  -0.4745  -0.0081  -0.2375  -0.2375  -0.0012   0.0000  -0.0029   0.0565    0.238
    55   3.9643   2.0000   0.7432  -0.4507   0.0191  -0.2255  -0.2255  -0.0010   0.0000  -0.0036   0.0527    0.234
    56   4.3269   2.0000   0.7039  -0.4218  -0.0225  -0.2111  -0.2111  -0.0008   0.0000  -0.0044   0.0483    0.229
    57   4.6667   2.0000   0.6526  -0.3902  -0.0195  -0.1952  -0.1952  -0.0004   0.0000  -0.0051   0.0437    0.224
    58   4.9780   2.0000   0.5901  -0.3550  -0.0188  -0.1776  -0.1776  -0.0001   0.0000  -0.0057   0.0387    0.218
    59   5.2555   2.0000   0.5175  -0.3159  -0.0140  -0.1580  -0.1580   0.0000   0.0000  -0.0063   0.0332    0.210
    60   5.4944   2.0000   0.4360  -0.2709  -0.0335  -0.1355  -0.1355   0.0002   0.0000  -0.0067   0.0271    0.200
    61   5.6906   2.0000   0.3471  -0.2188  -0.0318  -0.1095  -0.1095   0.0003   0.0000  -0.0065   0.0208    0.190
    62   5.8408   2.0000   0.2523  -0.1606  -0.0319  -0.0804  -0.0804   0.0004   0.0000  -0.0056   0.0145    0.180
    63   5.9424   2.0000   0.1531  -0.0981  -0.0319  -0.0491  -0.0491   0.0004   0.0000  -0.0038   0.0084    0.172
    64   5.9936   2.0000   0.0513  -0.0330  -0.0320  -0.0165  -0.0165   0.0002   0.0000  -0.0014   0.0027    0.166

  Surface # 4     Second Wing2 (YDUP)                     
     # Chordwise = 12   # Spanwise = 24     First strip = 65
     Surface area =   12.000000       Ave. chord =    2.000000
     CLsurf  =  -0.02273     Clsurf  =  -0.00150
     CYsurf  =   0.00000     Cmsurf  =   0.07830
     CDsurf  =  -0.00014     Cnsurf  =   0.00006
     CDisurf =  -0.00014     CDvsurf =   0.00000

  Forces referred to Ssurf, Cave about hinge axis thru LE
     CLsurf  =  -0.22654     CDsurf  =  -0.00138
     Deflect =

 Strip Forces referred to Strip Area, Chord
    j      Yle    Chord     Area     c cl      ai      cl_norm  cl       cd       cdv    cm_c/4    cm_LE  C.P.x/c
    65  -0.0064   2.0000   0.0513  -0.5408  -0.0078  -0.2707  -0.2707  -0.0024   0.0000  -0.0019  -0.0657    0.243
    66  -0.0576   2.0000   0.1531  -0.5408  -0.0078  -0.2707  -0.2707  -0.0024   0.0000  -0.0019  -0.0657    0.243
    67  -0.1592   2.0000   0.2523  -0.5408  -0.0078  -0.2706  -0.2706  -0.0024   0.0000  -0.0019  -0.0657    0.243
    68  -0.3094   2.0000   0.3471  -0.5405  -0.0078  -0.2705  -0.2705  -0.0024   0.0000  -0.0019  -0.0657    0.243
    69  -0.5056   2.0000   0.4360  -0.5399  -0.0082  -0.2702  -0.2702  -0.0024   0.0000  -0.0019  -0.0656    0.243
    70  -0.7445   2.0000   0.5175  -0.5388  -0.0079  -0.2697  -0.2697  -0.0024   0.0000  -0.0019  -0.0655    0.243
    71  -1.0220   2.0000   0.5901  -0.5370  -0.0071  -0.2688  -0.2688  -0.0024   0.0000  -0.0019  -0.0652    0.243
    72  -1.3333   2.0000   0.6526  -0.5341  -0.0084  -0.2673  -0.2673  -0.0023   0.0000  -0.0020  -0.0648    0.243
    73  -1.6731   2.0000   0.7039  -0.5300  -0.0082  -0.2653  -0.2653  -0.0022   0.0000  -0.0020  -0.0642    0.242
    74  -2.0357   2.0000   0.7432  -0.5242  -0.0094  -0.2624  -0.2624  -0.0021   0.0000  -0.0021  -0.0634    0.242
    75  -2.4147   2.0000   0.7698  -0.5164  -0.0092  -0.2584  -0.2584  -0.0020   0.0000  -0.0022  -0.0623    0.241
    76  -2.8038   2.0000   0.7832  -0.5060  -0.0047  -0.2532  -0.2532  -0.0018   0.0000  -0.0023  -0.0609    0.241
    77  -3.1962   2.0000   0.7832  -0.4923  -0.0102  -0.2464  -0.2464  -0.0015   0.0000  -0.0025  -0.0590    0.240
    78  -3.5853   2.0000   0.7698  -0.4745  -0.0081  -0.2375  -0.2375  -0.0012   0.0000  -0.0029  -0.0565    0.238
    79  -3.9643   2.0000   0.7432  -0.4507   0.0191  -0.2255  -0.2255  -0.0010   0.0000  -0.0036  -0.0527    0.234
    80  -4.3269   2.0000   0.7039  -0.4218  -0.0225  -0.2111  -0.2111  -0.0008   0.0000  -0.0044  -0.0483    0.229
    81  -4.6667   2.0000   0.6526  -0.3902  -0.0195  -0.1952  -0.1952  -0.0004   0.0000  -0.0051  -0.0437    0.224
    82  -4.9780   2.0000   0.5901  -0.3550  -0.0188  -0.1776  -0.1776  -0.0001   0.0000  -0.0057  -0.0387    0.218
    83  -5.2555   2.0000   0.5175  -0.3159  -0.0140  -0.1580  -0.1580   0.0000   0.0000  -0.0063  -0.0332    0.210
    84  -5.4944   2.0000   0.4360  -0.2709  -0.0335  -0.1355  -0.1355   0.0002   0.0000  -0.0067  -0.0271    0.200
    85  -5.6906   2.0000   0.3471  -0.2188  -0.0318  -0.1095  -0.1095   0.0003   0.0000  -0.0065  -0.0208    0.190
    86  -5.8408   2.0000   0.2523  -0.1606  -0.0319  -0.0804  -0.0804   0.0004   0.0000  -0.0056  -0.0145    0.180
    87  -5.9424   2.0000   0.1531  -0.0981  -0.0319  -0.0491  -0.0491   0.0004   0.0000  -0.0038  -0.0084    0.172
    88  -5.9936   2.0000   0.0513  -0.0330  -0.0320  -0.0165  -0.0165   0.0002   0.0000  -0.0014  -0.0027    0.166

  Surface # 5     Fin                                     
     # Chordwise = 12   # Spanwise = 12     First strip = 89
     Surface area =    4.000000       Ave. chord =    1.600000
     CLsurf  =   0.00000     Clsurf  =   0.00002
     CYsurf  =   0.00070     Cmsurf  =  -0.00000
     CDsurf  =  -0.00000     Cnsurf  =  -0.00019
     CDisurf =  -0.00000     CDvsurf =   0.00000

  Forces referred to Ssurf, Cave about hinge axis thru LE
     CLsurf  =  -0.02093     CDsurf  =  -0.00007
     Deflect =

 Strip Forces referred to Strip Area, Chord
    j      Yle    Chord     Area     c cl      ai      cl_norm  cl       cd       cdv    cm_c/4    cm_LE  C.P.x/c
    89   4.0000   1.9966   0.0850  -0.0041  -0.0466  -0.0022  -0.0021   0.0000   0.0000   0.0001   0.0006    0.321
    90   4.0000   1.9696   0.2459  -0.0135   0.0052  -0.0071  -0.0069  -0.0000   0.0000   0.0004   0.0020    0.314
    91   4.0000   1.9173   0.3809  -0.0248   0.0088  -0.0135  -0.0129  -0.0000   0.0000   0.0007   0.0036    0.303
    92   4.0000   1.8435   0.4773  -0.0356   0.0063  -0.0201  -0.0193  -0.0000   0.0000   0.0008   0.0052    0.292
    93   4.0000   1.7531   0.5285  -0.0427   0.0053  -0.0254  -0.0244  -0.0001   0.0000   0.0008   0.0064    0.283
    94   4.0000   1.6522   0.5345  -0.0450   0.0052  -0.0284  -0.0272  -0.0001   0.0000   0.0007   0.0069    0.275
    95   4.0000   1.5478   0.5007  -0.0431   0.0053  -0.0290  -0.0279  -0.0001   0.0000   0.0005   0.0069    0.267
    96   4.0000   1.4469   0.4362  -0.0383   0.0052  -0.0275  -0.0264  -0.0001   0.0000   0.0002   0.0063    0.258
    97   4.0000   1.3565   0.3512  -0.0315   0.0050  -0.0241  -0.0232  -0.0001   0.0000  -0.0001   0.0052    0.246
    98   4.0000   1.2827   0.2548  -0.0234   0.0046  -0.0190  -0.0182  -0.0001   0.0000  -0.0003   0.0039    0.231
    99   4.0000   1.2304   0.1537  -0.0144   0.0042  -0.0122  -0.0117  -0.0000   0.0000  -0.0004   0.0023    0.214
   100   4.0000   1.2034   0.0513  -0.0049   0.0039  -0.0042  -0.0041  -0.0000   0.0000  -0.0002   0.0007    0.202

  Surface # 6     Fin (YDUP)                              
     # Chordwise = 12   # Spanwise = 12     First strip =101
     Surface area =    4.000000       Ave. chord =    1.600000
     CLsurf  =   0.00000     Clsurf  =  -0.00002
     CYsurf  =  -0.00070     Cmsurf  =  -0.00000
     CDsurf  =  -0.00000     Cnsurf  =   0.00019
     CDisurf =  -0.00000     CDvsurf =   0.00000

  Forces referred to Ssurf, Cave about hinge axis thru LE
     CLsurf  =  -0.02093     CDsurf  =  -0.00007
     Deflect =

 Strip Forces referred to Strip Area, Chord
    j      Yle    Chord     Area     c cl      ai      cl_norm  cl       cd       cdv    cm_c/4    cm_LE  C.P.x/c
   101  -4.0000   1.9966   0.0850  -0.0041  -0.0466  -0.0022  -0.0021   0.0000   0.0000   0.0001  -0.0006    0.321
   102  -4.0000   1.9696   0.2459  -0.0135   0.0052  -0.0071  -0.0069  -0.0000   0.0000   0.0004  -0.0020    0.314
   103  -4.0000   1.9173   0.3809  -0.0248   0.0088  -0.0135  -0.0129  -0.0000   0.0000   0.0007  -0.0036    0.303
   104  -4.0000   1.8435   0.4773  -0.0356   0.0063  -0.0201  -0.0193  -0.0000   0.0000   0.0008  -0.0052    0.292
   105  -4.0000   1.7531   0.5285  -0.0427   0.0053  -0.0254  -0.0244  -0.0001   0.0000   0.0008  -0.0064    0.283
   106  -4.0000   1.6522   0.5345  -0.0450   0.0052  -0.0284  -0.0272  -0.0001   0.0000   0.0007  -0.0069    0.275
   107  -4.0000   1.5478   0.5007  -0.0431   0.0053  -0.0290  -0.0279  -0.0001   0.0000   0.0005  -0.0069    0.267
   108  -4.0000   1.4469   0.4362  -0.0383   0.0052  -0.0275  -0.0264  -0.0001   0.0000   0.0002  -0.0063    0.258
   109  -4.0000   1.3565   0.3512  -0.0315   0.0050  -0.0241  -0.0232  -0.0001   0.0000  -0.0001  -0.0052    0.246
   110  -4.0000   1.2827   0.2548  -0.0234   0.0046  -0.0190  -0.0182  -0.0001   0.0000  -0.0003  -0.0039    0.231
   111  -4.0000   1.2304   0.1537  -0.0144   0.0042  -0.0122  -0.0117  -0.0000   0.0000  -0.0004  -0.0023    0.214
   112  -4.0000   1.2034   0.0513  -0.0049   0.0039  -0.0042  -0.0041  -0.0000   0.0000  -0.0002  -0.0007    0.202
 ---------------------------------------------------------------
