 ---------------------------------------------------------------
 Surface and Strip Forces by surface

  Forces referred to Sref, Cref, Bref about Xref, Yref, Zref
 Standard axis orientation,  X fwd, Z down         

  Surface # 1     FrontWing                               
     # Chordwise = 12   # Spanwise = 20     First strip =  1
     Surface area =   59.987980       Ave. chord =    2.999398
     CLsurf  =   0.12761     Clsurf  =  -0.03019
     CYsurf  =   0.00017     Cmsurf  =  -0.13414
     CDsurf  =   0.00107     Cnsurf  =   0.00192
     CDisurf =   0.00107     CDvsurf =   0.00000

  Forces referred to Ssurf, Cave about hinge axis thru LE
     CLsurf  =   0.25441     CDsurf  =   0.00213
     Deflect =

 Strip Forces referred to Strip Area, Chord
    j      Yle    Chord     Area     c cl      ai      cl_norm  cl       cd       cdv    cm_c/4    cm_LE  C.P.x/c
     1   0.0299   3.7500   0.4480   0.8148  -0.0158   0.2177   0.2177   0.0012   0.0000  -0.1423  -0.1966    0.904
     2   0.2681   3.7500   1.3330   0.8149  -0.0155   0.2177   0.2177   0.0012   0.0000  -0.1423  -0.1966    0.904
     3   0.7386   3.7500   2.1851   0.8149  -0.0161   0.2177   0.2177   0.0012   0.0000  -0.1423  -0.1966    0.904
     4   1.4299   3.7500   2.9835   0.8152  -0.0210   0.2178   0.2178   0.0012   0.0000  -0.1423  -0.1966    0.903
     5   2.3249   3.7500   3.7084   0.8158  -0.0124   0.2179   0.2179   0.0012   0.0000  -0.1422  -0.1966    0.902
     6   3.4016   3.7500   4.3420   0.8166   0.1495   0.2181   0.2181   0.0012   0.0000  -0.1418  -0.1962    0.900
     7   4.6579   3.6729   4.9520   0.8157  -0.0287   0.2242   0.2225   0.0013   0.0000  -0.1419  -0.1961    0.888
     8   6.0668   3.5078   5.1245   0.8129   0.2031   0.2339   0.2321   0.0014   0.0000  -0.1424  -0.1990    0.863
     9   7.5707   3.3316   5.1225   0.8092   0.0279   0.2452   0.2433   0.0013   0.0000  -0.1426  -0.2019    0.836
    10   9.1324   3.1485   4.9633   0.8043   0.0190   0.2579   0.2559   0.0015   0.0000  -0.1427  -0.2052    0.808
    11  10.7137   2.9632   4.6712   0.7976   0.0164   0.2717   0.2697   0.0018   0.0000  -0.1428  -0.2086    0.779
    12  12.2755   2.7802   4.2748   0.7880   0.0161   0.2861   0.2840   0.0020   0.0000  -0.1427  -0.2122    0.753
    13  13.7793   2.6040   3.8041   0.7742   0.0172   0.3002   0.2979   0.0024   0.0000  -0.1426  -0.2155    0.729
    14  15.1883   2.4389   3.2882   0.7542   0.0195   0.3122   0.3098   0.0030   0.0000  -0.1424  -0.2182    0.709
    15  16.4675   2.2890   2.7522   0.7251   0.0235   0.3199   0.3174   0.0038   0.0000  -0.1417  -0.2194    0.697
    16  17.5856   2.1579   2.2161   0.6822   0.0301   0.3193   0.3168   0.0048   0.0000  -0.1403  -0.2179    0.693
    17  18.5151   2.0490   1.6929   0.6183   0.0408   0.3049   0.3025   0.0061   0.0000  -0.1368  -0.2108    0.702
    18  19.2329   1.9649   1.1890   0.5216   0.0593   0.2683   0.2662   0.0073   0.0000  -0.1272  -0.1922    0.728
    19  19.7216   1.9076   0.7042   0.3724   0.0917   0.1974   0.1959   0.0073   0.0000  -0.1013  -0.1491    0.767
    20  19.9689   1.8786   0.2331   0.1444   0.1403   0.0778   0.0772   0.0037   0.0000  -0.0432  -0.0620    0.810

  Surface # 2     FrontWing (YDUP)                        
     # Chordwise = 12   # Spanwise = 20     First strip = 21
     Surface area =   59.987980       Ave. chord =    2.999398
     CLsurf  =   0.12761     Clsurf  =   0.03019
     CYsurf  =  -0.00017     Cmsurf  =  -0.13414
     CDsurf  =   0.00107     Cnsurf  =  -0.00192
     CDisurf =   0.00107     CDvsurf =   0.00000

  Forces referred to Ssurf, Cave about hinge axis thru LE
     CLsurf  =   0.25441     CDsurf  =   0.00213
     Deflect =

 Strip Forces referred to Strip Area, Chord
    j      Yle    Chord     Area     c cl      ai      cl_norm  cl       cd       cdv    cm_c/4    cm_LE  C.P.x/c
    21  -0.0299   3.7500   0.4480   0.8148  -0.0158   0.2177   0.2177   0.0012   0.0000  -0.1423   0.1966    0.904
    22  -0.2681   3.7500   1.3330   0.8149  -0.0155   0.2177   0.2177   0.0012   0.0000  -0.1423   0.1966    0.904
    23  -0.7386   3.7500   2.1851   0.8149  -0.0161   0.2177   0.2177   0.0012   0.0000  -0.1423   0.1966    0.904
    24  -1.4299   3.7500   2.9835   0.8152  -0.0210   0.2178   0.2178   0.0012   0.0000  -0.1423   0.1966    0.903
    25  -2.3249   3.7500   3.7084   0.8158  -0.0124   0.2179   0.2179   0.0012   0.0000  -0.1422   0.1966    0.902
    26  -3.4016   3.7500   4.3420   0.8166   0.1495   0.2181   0.2181   0.0012   0.0000  -0.1418   0.1962    0.900
    27  -4.6579   3.6729   4.9520   0.8157  -0.0287   0.2242   0.2225   0.0013   0.0000  -0.1419   0.1961    0.888
    28  -6.0668   3.5078   5.1245   0.8129   0.2031   0.2339   0.2321   0.0014   0.0000  -0.1424   0.1990    0.863
    29  -7.5707   3.3316   5.1225   0.8092   0.0279   0.2452   0.2433   0.0013   0.0000  -0.1426   0.2019    0.836
    30  -9.1324   3.1485   4.9633   0.8043   0.0190   0.2579   0.2559   0.0015   0.0000  -0.1427   0.2052    0.808
    31 -10.7137   2.9632   4.6712   0.7976   0.0164   0.2717   0.2697   0.0018   0.0000  -0.1428   0.2086    0.779
    32 -12.2755   2.7802   4.2748   0.7880   0.0161   0.2861   0.2840   0.0020   0.0000  -0.1427   0.2122    0.753
    33 -13.7793   2.6040   3.8041   0.7742   0.0172   0.3002   0.2979   0.0024   0.0000  -0.1426   0.2155    0.729
    34 -15.1883   2.4389   3.2882   0.7542   0.0195   0.3122   0.3098   0.0030   0.0000  -0.1424   0.2182    0.709
    35 -16.4675   2.2890   2.7522   0.7251   0.0235   0.3199   0.3174   0.0038   0.0000  -0.1417   0.2194    0.697
    36 -17.5856   2.1579   2.2161   0.6822   0.0301   0.3193   0.3168   0.0048   0.0000  -0.1403   0.2179    0.693
    37 -18.5151   2.0490   1.6929   0.6183   0.0408   0.3049   0.3025   0.0061   0.0000  -0.1368   0.2108    0.702
    38 -19.2329   1.9649   1.1890   0.5216   0.0593   0.2683   0.2662   0.0073   0.0000  -0.1272   0.1922    0.728
    39 -19.7216   1.9076   0.7042   0.3724   0.0917   0.1974   0.1959   0.0073   0.0000  -0.1013   0.1491    0.767
    40 -19.9689   1.8786   0.2331   0.1444   0.1403   0.0778   0.0772   0.0037   0.0000  -0.0432   0.0620    0.810

  Surface # 3     Second Wing2                            
     # Chordwise = 12   # Spanwise = 24     First strip = 41
     Surface area =   12.000000       Ave. chord =    2.000000
     CLsurf  =  -0.02761     Clsurf  =   0.00182
     CYsurf  =   0.00000     Cmsurf  =   0.09508
     CDsurf  =   0.00005     Cnsurf  =  -0.00009
     CDisurf =   0.00005     CDvsurf =   0.00000

  Forces referred to Ssurf, Cave about hinge axis thru LE
     CLsurf  =  -0.27515     CDsurf  =   0.00054
     Deflect =

 Strip Forces referred to Strip Area, Chord
    j      Yle    Chord     Area     c cl      ai      cl_norm  cl       cd       cdv    cm_c/4    cm_LE  C.P.x/c
    41   0.0064   2.0000   0.0513  -0.6543  -0.0160  -0.3276  -0.3276  -0.0005   0.0000  -0.0019   0.0799    0.244
    42   0.0576   2.0000   0.1531  -0.6543  -0.0160  -0.3276  -0.3276  -0.0005   0.0000  -0.0019   0.0799    0.244
    43   0.1592   2.0000   0.2523  -0.6542  -0.0160  -0.3276  -0.3276  -0.0005   0.0000  -0.0019   0.0799    0.244
    44   0.3094   2.0000   0.3471  -0.6539  -0.0161  -0.3274  -0.3274  -0.0004   0.0000  -0.0019   0.0799    0.244
    45   0.5056   2.0000   0.4360  -0.6533  -0.0159  -0.3271  -0.3271  -0.0004   0.0000  -0.0019   0.0798    0.244
    46   0.7445   2.0000   0.5175  -0.6520  -0.0162  -0.3265  -0.3265  -0.0004   0.0000  -0.0019   0.0796    0.244
    47   1.0220   2.0000   0.5901  -0.6499  -0.0170  -0.3254  -0.3254  -0.0004   0.0000  -0.0019   0.0793    0.244
    48   1.3333   2.0000   0.6526  -0.6467  -0.0166  -0.3238  -0.3238  -0.0003   0.0000  -0.0020   0.0788    0.244
    49   1.6731   2.0000   0.7039  -0.6420  -0.0173  -0.3215  -0.3215  -0.0002   0.0000  -0.0021   0.0782    0.244
    50   2.0357   2.0000   0.7432  -0.6354  -0.0174  -0.3182  -0.3182  -0.0001   0.0000  -0.0022   0.0773    0.243
    51   2.4147   2.0000   0.7698  -0.6265  -0.0183  -0.3137  -0.3137   0.0001   0.0000  -0.0023   0.0760    0.243
    52   2.8038   2.0000   0.7832  -0.6147  -0.0205  -0.3078  -0.3078   0.0003   0.0000  -0.0025   0.0744    0.242
    53   3.1962   2.0000   0.7832  -0.5990  -0.0191  -0.2999  -0.2999   0.0005   0.0000  -0.0027   0.0722    0.241
    54   3.5853   2.0000   0.7698  -0.5779  -0.0181  -0.2893  -0.2893   0.0008   0.0000  -0.0032   0.0691    0.239
    55   3.9643   2.0000   0.7432  -0.5490   0.0002  -0.2748  -0.2748   0.0010   0.0000  -0.0041   0.0646    0.235
    56   4.3269   2.0000   0.7039  -0.5138  -0.0330  -0.2572  -0.2572   0.0012   0.0000  -0.0051   0.0592    0.230
    57   4.6667   2.0000   0.6526  -0.4757  -0.0313  -0.2381  -0.2381   0.0015   0.0000  -0.0059   0.0536    0.225
    58   4.9780   2.0000   0.5901  -0.4330  -0.0324  -0.2167  -0.2167   0.0017   0.0000  -0.0066   0.0475    0.219
    59   5.2555   2.0000   0.5175  -0.3847  -0.0336  -0.1925  -0.1925   0.0018   0.0000  -0.0074   0.0407    0.212
    60   5.4944   2.0000   0.4360  -0.3290  -0.0410  -0.1647  -0.1647   0.0018   0.0000  -0.0078   0.0333    0.202
    61   5.6906   2.0000   0.3471  -0.2654  -0.0425  -0.1328  -0.1328   0.0018   0.0000  -0.0076   0.0256    0.193
    62   5.8408   2.0000   0.2523  -0.1947  -0.0438  -0.0974  -0.0974   0.0016   0.0000  -0.0065   0.0178    0.183
    63   5.9424   2.0000   0.1531  -0.1190  -0.0446  -0.0595  -0.0595   0.0012   0.0000  -0.0045   0.0104    0.174
    64   5.9936   2.0000   0.0513  -0.0400  -0.0451  -0.0200  -0.0200   0.0005   0.0000  -0.0016   0.0034    0.169

  Surface # 4     Second Wing2 (YDUP)                     
     # Chordwise = 12   # Spanwise = 24     First strip = 65
     Surface area =   12.000000       Ave. chord =    2.000000
     CLsurf  =  -0.02761     Clsurf  =  -0.00182
     CYsurf  =   0.00000     Cmsurf  =   0.09508
     CDsurf  =   0.00005     Cnsurf  =   0.00009
     CDisurf =   0.00005     CDvsurf =   0.00000

  Forces referred to Ssurf, Cave about hinge axis thru LE
     CLsurf  =  -0.27515     CDsurf  =   0.00054
     Deflect =

 Strip Forces referred to Strip Area, Chord
    j      Yle    Chord     Area     c cl      ai      cl_norm  cl       cd       cdv    cm_c/4    cm_LE  C.P.x/c
    65  -0.0064   2.0000   0.0513  -0.6543  -0.0160  -0.3276  -0.3276  -0.0005   0.0000  -0.0019  -0.0799    0.244
    66  -0.0576   2.0000   0.1531  -0.6543  -0.0160  -0.3276  -0.3276  -0.0005   0.0000  -0.0019  -0.0799    0.244
    67  -0.1592   2.0000   0.2523  -0.6542  -0.0160  -0.3276  -0.3276  -0.0005   0.0000  -0.0019  -0.0799    0.244
    68  -0.3094   2.0000   0.3471  -0.6539  -0.0161  -0.3274  -0.3274  -0.0004   0.0000  -0.0019  -0.0799    0.244
    69  -0.5056   2.0000   0.4360  -0.6533  -0.0159  -0.3271  -0.3271  -0.0004   0.0000  -0.0019  -0.0798    0.244
    70  -0.7445   2.0000   0.5175  -0.6520  -0.0162  -0.3265  -0.3265  -0.0004   0.0000  -0.0019  -0.0796    0.244
    71  -1.0220   2.0000   0.5901  -0.6499  -0.0170  -0.3254  -0.3254  -0.0004   0.0000  -0.0019  -0.0793    0.244
    72  -1.3333   2.0000   0.6526  -0.6467  -0.0166  -0.3238  -0.3238  -0.0003   0.0000  -0.0020  -0.0788    0.244
    73  -1.6731   2.0000   0.7039  -0.6420  -0.0173  -0.3215  -0.3215  -0.0002   0.0000  -0.0021  -0.0782    0.244
    74  -2.0357   2.0000   0.7432  -0.6354  -0.0174  -0.3182  -0.3182  -0.0001   0.0000  -0.0022  -0.0773    0.243
    75  -2.4147   2.0000   0.7698  -0.6265  -0.0183  -0.3137  -0.3137   0.0001   0.0000  -0.0023  -0.0760    0.243
    76  -2.8038   2.0000   0.7832  -0.6147  -0.0205  -0.3078  -0.3078   0.0003   0.0000  -0.0025  -0.0744    0.242
    77  -3.1962   2.0000   0.7832  -0.5990  -0.0191  -0.2999  -0.2999   0.0005   0.0000  -0.0027  -0.0722    0.241
    78  -3.5853   2.0000   0.7698  -0.5779  -0.0181  -0.2893  -0.2893   0.0008   0.0000  -0.0032  -0.0691    0.239
    79  -3.9643   2.0000   0.7432  -0.5490   0.0002  -0.2748  -0.2748   0.0010   0.0000  -0.0041  -0.0646    0.235
    80  -4.3269   2.0000   0.7039  -0.5138  -0.0330  -0.2572  -0.2572   0.0012   0.0000  -0.0051  -0.0592    0.230
    81  -4.6667   2.0000   0.6526  -0.4757  -0.0313  -0.2381  -0.2381   0.0015   0.0000  -0.0059  -0.0536    0.225
    82  -4.9780   2.0000   0.5901  -0.4330  -0.0324  -0.2167  -0.2167   0.0017   0.0000  -0.0066  -0.0475    0.219
    83  -5.2555   2.0000   0.5175  -0.3847  -0.0336  -0.1925  -0.1925   0.0018   0.0000  -0.0074  -0.0407    0.212
    84  -5.4944   2.0000   0.4360  -0.3290  -0.0410  -0.1647  -0.1647   0.0018   0.0000  -0.0078  -0.0333    0.202
    85  -5.6906   2.0000   0.3471  -0.2654  -0.0425  -0.1328  -0.1328   0.0018   0.0000  -0.0076  -0.0256    0.193
    86  -5.8408   2.0000   0.2523  -0.1947  -0.0438  -0.0974  -0.0974   0.0016   0.0000  -0.0065  -0.0178    0.183
    87  -5.9424   2.0000   0.1531  -0.1190  -0.0446  -0.0595  -0.0595   0.0012   0.0000  -0.0045  -0.0104    0.174
    88  -5.9936   2.0000   0.0513  -0.0400  -0.0451  -0.0200  -0.0200   0.0005   0.0000  -0.0016  -0.0034    0.169

  Surface # 5     Fin                                     
     # Chordwise = 12   # Spanwise = 12     First strip = 89
     Surface area =    4.000000       Ave. chord =    1.600000
     CLsurf  =   0.00000     Clsurf  =   0.00003
     CYsurf  =   0.00087     Cmsurf  =  -0.00001
     CDsurf  =  -0.00000     Cnsurf  =  -0.00024
     CDisurf =  -0.00000     CDvsurf =   0.00000

  Forces referred to Ssurf, Cave about hinge axis thru LE
     CLsurf  =  -0.02593     CDsurf  =  -0.00012
     Deflect =

 Strip Forces referred to Strip Area, Chord
    j      Yle    Chord     Area     c cl      ai      cl_norm  cl       cd       cdv    cm_c/4    cm_LE  C.P.x/c
    89   4.0000   1.9966   0.0850  -0.0050  -0.0036  -0.0026  -0.0025   0.0000   0.0000   0.0002   0.0007    0.323
    90   4.0000   1.9696   0.2459  -0.0163   0.0126  -0.0086  -0.0083  -0.0000   0.0000   0.0005   0.0024    0.316
    91   4.0000   1.9173   0.3809  -0.0299   0.0135  -0.0161  -0.0156  -0.0000   0.0000   0.0009   0.0044    0.306
    92   4.0000   1.8435   0.4773  -0.0430   0.0097  -0.0241  -0.0233  -0.0001   0.0000   0.0010   0.0063    0.295
    93   4.0000   1.7531   0.5285  -0.0520   0.0079  -0.0307  -0.0297  -0.0001   0.0000   0.0010   0.0077    0.284
    94   4.0000   1.6522   0.5345  -0.0554   0.0075  -0.0347  -0.0335  -0.0002   0.0000   0.0008   0.0084    0.275
    95   4.0000   1.5478   0.5007  -0.0537   0.0073  -0.0359  -0.0347  -0.0002   0.0000   0.0006   0.0084    0.266
    96   4.0000   1.4469   0.4362  -0.0482   0.0071  -0.0344  -0.0333  -0.0002   0.0000   0.0002   0.0077    0.256
    97   4.0000   1.3565   0.3512  -0.0400   0.0066  -0.0305  -0.0295  -0.0002   0.0000  -0.0002   0.0065    0.243
    98   4.0000   1.2827   0.2548  -0.0299   0.0060  -0.0241  -0.0233  -0.0001   0.0000  -0.0005   0.0048    0.227
    99   4.0000   1.2304   0.1537  -0.0185   0.0055  -0.0156  -0.0151  -0.0001   0.0000  -0.0006   0.0028    0.210
   100   4.0000   1.2034   0.0513  -0.0063   0.0051  -0.0054  -0.0052  -0.0000   0.0000  -0.0003   0.0009    0.196

  Surface # 6     Fin (YDUP)                              
     # Chordwise = 12   # Spanwise = 12     First strip =101
     Surface area =    4.000000       Ave. chord =    1.600000
     CLsurf  =   0.00000     Clsurf  =  -0.00003
     CYsurf  =  -0.00087     Cmsurf  =  -0.00001
     CDsurf  =  -0.00000     Cnsurf  =   0.00024
     CDisurf =  -0.00000     CDvsurf =   0.00000

  Forces referred to Ssurf, Cave about hinge axis thru LE
     CLsurf  =  -0.02593     CDsurf  =  -0.00012
     Deflect =

 Strip Forces referred to Strip Area, Chord
    j      Yle    Chord     Area     c cl      ai      cl_norm  cl       cd       cdv    cm_c/4    cm_LE  C.P.x/c
   101  -4.0000   1.9966   0.0850  -0.0050  -0.0035  -0.0026  -0.0025   0.0000   0.0000   0.0002  -0.0007    0.323
   102  -4.0000   1.9696   0.2459  -0.0163   0.0126  -0.0086  -0.0083  -0.0000   0.0000   0.0005  -0.0024    0.316
   103  -4.0000   1.9173   0.3809  -0.0299   0.0135  -0.0161  -0.0156  -0.0000   0.0000   0.0009  -0.0044    0.306
   104  -4.0000   1.8435   0.4773  -0.0430   0.0097  -0.0241  -0.0233  -0.0001   0.0000   0.0010  -0.0063    0.295
   105  -4.0000   1.7531   0.5285  -0.0520   0.0079  -0.0307  -0.0297  -0.0001   0.0000   0.0010  -0.0077    0.284
   106  -4.0000   1.6522   0.5345  -0.0554   0.0075  -0.0347  -0.0335  -0.0002   0.0000   0.0008  -0.0084    0.275
   107  -4.0000   1.5478   0.5007  -0.0537   0.0073  -0.0359  -0.0347  -0.0002   0.0000   0.0006  -0.0084    0.266
   108  -4.0000   1.4469   0.4362  -0.0482   0.0071  -0.0344  -0.0333  -0.0002   0.0000   0.0002  -0.0077    0.256
   109  -4.0000   1.3565   0.3512  -0.0400   0.0066  -0.0305  -0.0295  -0.0002   0.0000  -0.0002  -0.0065    0.243
   110  -4.0000   1.2827   0.2548  -0.0299   0.0060  -0.0241  -0.0233  -0.0001   0.0000  -0.0005  -0.0048    0.227
   111  -4.0000   1.2304   0.1537  -0.0185   0.0055  -0.0156  -0.0151  -0.0001   0.0000  -0.0006  -0.0028    0.210
   112  -4.0000   1.2034   0.0513  -0.0063   0.0051  -0.0054  -0.0052  -0.0000   0.0000  -0.0003  -0.0009    0.196
 ---------------------------------------------------------------
