 ---------------------------------------------------------------
 Surface and Strip Forces by surface

  Forces referred to Sref, Cref, Bref about Xref, Yref, Zref
 Standard axis orientation,  X fwd, Z down         

  Surface # 1     FrontWing                               
     # Chordwise = 12   # Spanwise = 20     First strip =  1
     Surface area =   59.987980       Ave. chord =    2.999398
     CLsurf  =   0.39809     Clsurf  =  -0.08847
     CYsurf  =   0.00098     Cmsurf  =  -0.25736
     CDsurf  =   0.00778     Cnsurf  =  -0.00231
     CDisurf =   0.00778     CDvsurf =   0.00000

  Forces referred to Ssurf, Cave about hinge axis thru LE
     CLsurf  =   0.79369     CDsurf  =   0.01552
     Deflect =

 Strip Forces referred to Strip Area, Chord
    j      Yle    Chord     Area     c cl      ai      cl_norm  cl       cd       cdv    cm_c/4    cm_LE  C.P.x/c
     1   0.0299   3.7500   0.4480   2.8697   0.0337   0.7655   0.7655   0.0137   0.0000  -0.1419  -0.3333    0.435
     2   0.2681   3.7500   1.3330   2.8695   0.0338   0.7654   0.7654   0.0137   0.0000  -0.1419  -0.3332    0.435
     3   0.7386   3.7500   2.1851   2.8683   0.0337   0.7651   0.7651   0.0137   0.0000  -0.1420  -0.3332    0.436
     4   1.4299   3.7500   2.9835   2.8641   0.0327   0.7640   0.7640   0.0138   0.0000  -0.1420  -0.3329    0.436
     5   2.3249   3.7500   3.7084   2.8544   0.0366   0.7614   0.7614   0.0141   0.0000  -0.1420  -0.3323    0.437
     6   3.4016   3.7500   4.3420   2.8354   0.0477   0.7563   0.7563   0.0149   0.0000  -0.1423  -0.3314    0.438
     7   4.6579   3.6729   4.9520   2.8002   0.0395   0.7684   0.7626   0.0147   0.0000  -0.1425  -0.3308    0.437
     8   6.0668   3.5078   5.1245   2.7446   0.0199   0.7887   0.7827   0.0138   0.0000  -0.1422  -0.3355    0.432
     9   7.5707   3.3316   5.1225   2.6715   0.0308   0.8084   0.8022   0.0131   0.0000  -0.1422  -0.3403    0.427
    10   9.1324   3.1485   4.9633   2.5832   0.0310   0.8271   0.8208   0.0129   0.0000  -0.1422  -0.3450    0.423
    11  10.7137   2.9632   4.6712   2.4821   0.0316   0.8444   0.8380   0.0130   0.0000  -0.1422  -0.3492    0.420
    12  12.2755   2.7802   4.2748   2.3698   0.0331   0.8593   0.8527   0.0135   0.0000  -0.1420  -0.3527    0.417
    13  13.7793   2.6040   3.8041   2.2467   0.0361   0.8698   0.8631   0.0147   0.0000  -0.1416  -0.3549    0.414
    14  15.1883   2.4389   3.2882   2.1108   0.0414   0.8724   0.8657   0.0167   0.0000  -0.1408  -0.3547    0.413
    15  16.4675   2.2890   2.7522   1.9565   0.0500   0.8614   0.8548   0.0197   0.0000  -0.1391  -0.3504    0.413
    16  17.5856   2.1579   2.2161   1.7725   0.0635   0.8275   0.8212   0.0238   0.0000  -0.1358  -0.3388    0.415
    17  18.5151   2.0490   1.6929   1.5402   0.0840   0.7570   0.7512   0.0283   0.0000  -0.1290  -0.3148    0.422
    18  19.2329   1.9649   1.1890   1.2340   0.1136   0.6321   0.6273   0.0311   0.0000  -0.1153  -0.2705    0.434
    19  19.7216   1.9076   0.7042   0.8267   0.1558   0.4359   0.4325   0.0276   0.0000  -0.0880  -0.1950    0.453
    20  19.9689   1.8786   0.2331   0.3011   0.2105   0.1611   0.1599   0.0121   0.0000  -0.0366  -0.0762    0.479

  Surface # 2     FrontWing (YDUP)                        
     # Chordwise = 12   # Spanwise = 20     First strip = 21
     Surface area =   59.987980       Ave. chord =    2.999398
     CLsurf  =   0.39809     Clsurf  =   0.08847
     CYsurf  =  -0.00098     Cmsurf  =  -0.25736
     CDsurf  =   0.00778     Cnsurf  =   0.00231
     CDisurf =   0.00778     CDvsurf =   0.00000

  Forces referred to Ssurf, Cave about hinge axis thru LE
     CLsurf  =   0.79369     CDsurf  =   0.01552
     Deflect =

 Strip Forces referred to Strip Area, Chord
    j      Yle    Chord     Area     c cl      ai      cl_norm  cl       cd       cdv    cm_c/4    cm_LE  C.P.x/c
    21  -0.0299   3.7500   0.4480   2.8697   0.0337   0.7655   0.7655   0.0137   0.0000  -0.1419   0.3333    0.435
    22  -0.2681   3.7500   1.3330   2.8695   0.0338   0.7654   0.7654   0.0137   0.0000  -0.1419   0.3332    0.435
    23  -0.7386   3.7500   2.1851   2.8683   0.0337   0.7651   0.7651   0.0137   0.0000  -0.1420   0.3332    0.436
    24  -1.4299   3.7500   2.9835   2.8641   0.0327   0.7640   0.7640   0.0138   0.0000  -0.1420   0.3329    0.436
    25  -2.3249   3.7500   3.7084   2.8544   0.0366   0.7614   0.7614   0.0141   0.0000  -0.1420   0.3323    0.437
    26  -3.4016   3.7500   4.3420   2.8354   0.0477   0.7563   0.7563   0.0149   0.0000  -0.1423   0.3314    0.438
    27  -4.6579   3.6729   4.9520   2.8002   0.0395   0.7684   0.7626   0.0147   0.0000  -0.1425   0.3308    0.437
    28  -6.0668   3.5078   5.1245   2.7446   0.0199   0.7887   0.7827   0.0138   0.0000  -0.1422   0.3355    0.432
    29  -7.5707   3.3316   5.1225   2.6715   0.0308   0.8084   0.8022   0.0131   0.0000  -0.1422   0.3403    0.427
    30  -9.1324   3.1485   4.9633   2.5832   0.0310   0.8271   0.8208   0.0129   0.0000  -0.1422   0.3450    0.423
    31 -10.7137   2.9632   4.6712   2.4821   0.0316   0.8444   0.8380   0.0130   0.0000  -0.1422   0.3492    0.420
    32 -12.2755   2.7802   4.2748   2.3698   0.0331   0.8593   0.8527   0.0135   0.0000  -0.1420   0.3527    0.417
    33 -13.7793   2.6040   3.8041   2.2467   0.0361   0.8698   0.8631   0.0147   0.0000  -0.1416   0.3549    0.414
    34 -15.1883   2.4389   3.2882   2.1108   0.0414   0.8724   0.8657   0.0167   0.0000  -0.1408   0.3547    0.413
    35 -16.4675   2.2890   2.7522   1.9565   0.0500   0.8614   0.8548   0.0197   0.0000  -0.1391   0.3504    0.413
    36 -17.5856   2.1579   2.2161   1.7725   0.0635   0.8275   0.8212   0.0238   0.0000  -0.1358   0.3388    0.415
    37 -18.5151   2.0490   1.6929   1.5402   0.0840   0.7570   0.7512   0.0283   0.0000  -0.1290   0.3148    0.422
    38 -19.2329   1.9649   1.1890   1.2340   0.1136   0.6321   0.6273   0.0311   0.0000  -0.1153   0.2705    0.434
    39 -19.7216   1.9076   0.7042   0.8267   0.1558   0.4359   0.4325   0.0276   0.0000  -0.0880   0.1950    0.453
    40 -19.9689   1.8786   0.2331   0.3011   0.2105   0.1611   0.1599   0.0121   0.0000  -0.0366   0.0762    0.479

  Surface # 3     Second Wing2                            
     # Chordwise = 12   # Spanwise = 24     First strip = 41
     Surface area =   12.000000       Ave. chord =    2.000000
     CLsurf  =   0.00191     Clsurf  =  -0.00014
     CYsurf  =  -0.00000     Cmsurf  =  -0.00670
     CDsurf  =   0.00009     Cnsurf  =  -0.00000
     CDisurf =   0.00009     CDvsurf =   0.00000

  Forces referred to Ssurf, Cave about hinge axis thru LE
     CLsurf  =   0.01902     CDsurf  =   0.00087
     Deflect =

 Strip Forces referred to Strip Area, Chord
    j      Yle    Chord     Area     c cl      ai      cl_norm  cl       cd       cdv    cm_c/4    cm_LE  C.P.x/c
    41   0.0064   2.0000   0.0513   0.0339   0.0336   0.0169   0.0169   0.0008   0.0000  -0.0018  -0.0060    0.357
    42   0.0576   2.0000   0.1531   0.0339   0.0337   0.0169   0.0169   0.0008   0.0000  -0.0018  -0.0060    0.357
    43   0.1592   2.0000   0.2523   0.0339   0.0332   0.0169   0.0169   0.0008   0.0000  -0.0018  -0.0060    0.357
    44   0.3094   2.0000   0.3471   0.0340   0.0338   0.0170   0.0170   0.0008   0.0000  -0.0018  -0.0061    0.356
    45   0.5056   2.0000   0.4360   0.0342   0.0302   0.0171   0.0171   0.0008   0.0000  -0.0018  -0.0061    0.356
    46   0.7445   2.0000   0.5175   0.0345   0.0337   0.0172   0.0172   0.0008   0.0000  -0.0018  -0.0061    0.355
    47   1.0220   2.0000   0.5901   0.0351   0.0426   0.0175   0.0175   0.0008   0.0000  -0.0018  -0.0062    0.353
    48   1.3333   2.0000   0.6526   0.0360   0.0331   0.0180   0.0180   0.0008   0.0000  -0.0018  -0.0063    0.350
    49   1.6731   2.0000   0.7039   0.0374   0.0374   0.0187   0.0187   0.0009   0.0000  -0.0018  -0.0065    0.345
    50   2.0357   2.0000   0.7432   0.0393   0.0304   0.0196   0.0196   0.0009   0.0000  -0.0017  -0.0067    0.339
    51   2.4147   2.0000   0.7698   0.0419   0.0362   0.0209   0.0209   0.0010   0.0000  -0.0017  -0.0069    0.330
    52   2.8038   2.0000   0.7832   0.0451   0.0747   0.0225   0.0225   0.0010   0.0000  -0.0015  -0.0072    0.318
    53   3.1962   2.0000   0.7832   0.0484   0.0347   0.0242   0.0242   0.0011   0.0000  -0.0013  -0.0074    0.305
    54   3.5853   2.0000   0.7698   0.0496   0.0422   0.0248   0.0248   0.0011   0.0000  -0.0012  -0.0074    0.298
    55   3.9643   2.0000   0.7432   0.0470   0.1140   0.0235   0.0235   0.0011   0.0000  -0.0012  -0.0071    0.302
    56   4.3269   2.0000   0.7039   0.0437   0.0303   0.0218   0.0218   0.0010   0.0000  -0.0012  -0.0066    0.304
    57   4.6667   2.0000   0.6526   0.0425   0.0398   0.0212   0.0212   0.0010   0.0000  -0.0009  -0.0062    0.292
    58   4.9780   2.0000   0.5901   0.0393   0.0492   0.0197   0.0197   0.0009   0.0000  -0.0007  -0.0056    0.287
    59   5.2555   2.0000   0.5175   0.0319   0.0845   0.0160   0.0160   0.0007   0.0000  -0.0009  -0.0049    0.306
    60   5.4944   2.0000   0.4360   0.0234   0.0045   0.0117   0.0117   0.0006   0.0000  -0.0011  -0.0040    0.345
    61   5.6906   2.0000   0.3471   0.0169   0.0222   0.0085   0.0085   0.0004   0.0000  -0.0011  -0.0032    0.377
    62   5.8408   2.0000   0.2523   0.0120   0.0283   0.0060   0.0060   0.0003   0.0000  -0.0008  -0.0023    0.388
    63   5.9424   2.0000   0.1531   0.0074   0.0320   0.0037   0.0037   0.0002   0.0000  -0.0005  -0.0014    0.387
    64   5.9936   2.0000   0.0513   0.0025   0.0340   0.0013   0.0013   0.0001   0.0000  -0.0002  -0.0005    0.384

  Surface # 4     Second Wing2 (YDUP)                     
     # Chordwise = 12   # Spanwise = 24     First strip = 65
     Surface area =   12.000000       Ave. chord =    2.000000
     CLsurf  =   0.00191     Clsurf  =   0.00014
     CYsurf  =   0.00000     Cmsurf  =  -0.00670
     CDsurf  =   0.00009     Cnsurf  =   0.00000
     CDisurf =   0.00009     CDvsurf =   0.00000

  Forces referred to Ssurf, Cave about hinge axis thru LE
     CLsurf  =   0.01902     CDsurf  =   0.00087
     Deflect =

 Strip Forces referred to Strip Area, Chord
    j      Yle    Chord     Area     c cl      ai      cl_norm  cl       cd       cdv    cm_c/4    cm_LE  C.P.x/c
    65  -0.0064   2.0000   0.0513   0.0339   0.0336   0.0169   0.0169   0.0008   0.0000  -0.0018   0.0060    0.357
    66  -0.0576   2.0000   0.1531   0.0339   0.0337   0.0169   0.0169   0.0008   0.0000  -0.0018   0.0060    0.357
    67  -0.1592   2.0000   0.2523   0.0339   0.0332   0.0169   0.0169   0.0008   0.0000  -0.0018   0.0060    0.357
    68  -0.3094   2.0000   0.3471   0.0340   0.0338   0.0170   0.0170   0.0008   0.0000  -0.0018   0.0061    0.356
    69  -0.5056   2.0000   0.4360   0.0342   0.0302   0.0171   0.0171   0.0008   0.0000  -0.0018   0.0061    0.356
    70  -0.7445   2.0000   0.5175   0.0345   0.0337   0.0172   0.0172   0.0008   0.0000  -0.0018   0.0061    0.355
    71  -1.0220   2.0000   0.5901   0.0351   0.0426   0.0175   0.0175   0.0008   0.0000  -0.0018   0.0062    0.353
    72  -1.3333   2.0000   0.6526   0.0360   0.0331   0.0180   0.0180   0.0008   0.0000  -0.0018   0.0063    0.350
    73  -1.6731   2.0000   0.7039   0.0374   0.0374   0.0187   0.0187   0.0009   0.0000  -0.0018   0.0065    0.345
    74  -2.0357   2.0000   0.7432   0.0393   0.0304   0.0196   0.0196   0.0009   0.0000  -0.0017   0.0067    0.339
    75  -2.4147   2.0000   0.7698   0.0419   0.0362   0.0209   0.0209   0.0010   0.0000  -0.0017   0.0069    0.330
    76  -2.8038   2.0000   0.7832   0.0451   0.0747   0.0225   0.0225   0.0010   0.0000  -0.0015   0.0072    0.318
    77  -3.1962   2.0000   0.7832   0.0484   0.0347   0.0242   0.0242   0.0011   0.0000  -0.0013   0.0074    0.305
    78  -3.5853   2.0000   0.7698   0.0496   0.0422   0.0248   0.0248   0.0011   0.0000  -0.0012   0.0074    0.298
    79  -3.9643   2.0000   0.7432   0.0470   0.1140   0.0235   0.0235   0.0011   0.0000  -0.0012   0.0071    0.302
    80  -4.3269   2.0000   0.7039   0.0437   0.0303   0.0218   0.0218   0.0010   0.0000  -0.0012   0.0066    0.304
    81  -4.6667   2.0000   0.6526   0.0425   0.0398   0.0212   0.0212   0.0010   0.0000  -0.0009   0.0062    0.292
    82  -4.9780   2.0000   0.5901   0.0393   0.0492   0.0197   0.0197   0.0009   0.0000  -0.0007   0.0056    0.287
    83  -5.2555   2.0000   0.5175   0.0319   0.0845   0.0160   0.0160   0.0007   0.0000  -0.0009   0.0049    0.306
    84  -5.4944   2.0000   0.4360   0.0234   0.0045   0.0117   0.0117   0.0006   0.0000  -0.0011   0.0040    0.345
    85  -5.6906   2.0000   0.3471   0.0169   0.0222   0.0085   0.0085   0.0004   0.0000  -0.0011   0.0032    0.377
    86  -5.8408   2.0000   0.2523   0.0120   0.0283   0.0060   0.0060   0.0003   0.0000  -0.0008   0.0023    0.388
    87  -5.9424   2.0000   0.1531   0.0074   0.0320   0.0037   0.0037   0.0002   0.0000  -0.0005   0.0014    0.387
    88  -5.9936   2.0000   0.0513   0.0025   0.0340   0.0013   0.0013   0.0001   0.0000  -0.0002   0.0005    0.384

  Surface # 5     Fin                                     
     # Chordwise = 12   # Spanwise = 12     First strip = 89
     Surface area =    4.000000       Ave. chord =    1.600000
     CLsurf  =   0.00000     Clsurf  =  -0.00001
     CYsurf  =  -0.00017     Cmsurf  =  -0.00000
     CDsurf  =  -0.00000     Cnsurf  =   0.00005
     CDisurf =  -0.00000     CDvsurf =   0.00000

  Forces referred to Ssurf, Cave about hinge axis thru LE
     CLsurf  =   0.00523     CDsurf  =  -0.00001
     Deflect =

 Strip Forces referred to Strip Area, Chord
    j      Yle    Chord     Area     c cl      ai      cl_norm  cl       cd       cdv    cm_c/4    cm_LE  C.P.x/c
    89   4.0000   1.9966   0.0850   0.0003  -0.2627   0.0002   0.0002   0.0000   0.0000  -0.0000  -0.0001    0.471
    90   4.0000   1.9696   0.2459   0.0010  -0.0318   0.0005   0.0005  -0.0000   0.0000  -0.0001  -0.0003    0.516
    91   4.0000   1.9173   0.3809   0.0017  -0.0148   0.0010   0.0009  -0.0000   0.0000  -0.0003  -0.0005    0.527
    92   4.0000   1.8435   0.4773   0.0033  -0.0103   0.0019   0.0018   0.0000   0.0000  -0.0003  -0.0007    0.422
    93   4.0000   1.7531   0.5285   0.0062  -0.0080   0.0038   0.0035  -0.0000   0.0000  -0.0002  -0.0011    0.311
    94   4.0000   1.6522   0.5345   0.0096  -0.0062   0.0063   0.0058  -0.0000   0.0000  -0.0000  -0.0015    0.254
    95   4.0000   1.5478   0.5007   0.0124  -0.0048   0.0087   0.0080  -0.0000   0.0000   0.0002  -0.0018    0.226
    96   4.0000   1.4469   0.4362   0.0136  -0.0039   0.0102   0.0094  -0.0000   0.0000   0.0004  -0.0020    0.208
    97   4.0000   1.3565   0.3512   0.0130  -0.0033   0.0104   0.0096  -0.0000   0.0000   0.0006  -0.0019    0.191
    98   4.0000   1.2827   0.2548   0.0107  -0.0028   0.0091   0.0083  -0.0000   0.0000   0.0007  -0.0015    0.170
    99   4.0000   1.2304   0.1537   0.0070  -0.0025   0.0062   0.0057  -0.0000   0.0000   0.0006  -0.0009    0.148
   100   4.0000   1.2034   0.0513   0.0024  -0.0024   0.0022   0.0020  -0.0000   0.0000   0.0002  -0.0003    0.129

  Surface # 6     Fin (YDUP)                              
     # Chordwise = 12   # Spanwise = 12     First strip =101
     Surface area =    4.000000       Ave. chord =    1.600000
     CLsurf  =   0.00000     Clsurf  =   0.00001
     CYsurf  =   0.00017     Cmsurf  =  -0.00000
     CDsurf  =  -0.00000     Cnsurf  =  -0.00005
     CDisurf =  -0.00000     CDvsurf =   0.00000

  Forces referred to Ssurf, Cave about hinge axis thru LE
     CLsurf  =   0.00523     CDsurf  =  -0.00001
     Deflect =

 Strip Forces referred to Strip Area, Chord
    j      Yle    Chord     Area     c cl      ai      cl_norm  cl       cd       cdv    cm_c/4    cm_LE  C.P.x/c
   101  -4.0000   1.9966   0.0850   0.0003  -0.2627   0.0002   0.0002   0.0000   0.0000  -0.0000   0.0001    0.471
   102  -4.0000   1.9696   0.2459   0.0010  -0.0318   0.0005   0.0005  -0.0000   0.0000  -0.0001   0.0003    0.516
   103  -4.0000   1.9173   0.3809   0.0017  -0.0148   0.0010   0.0009  -0.0000   0.0000  -0.0003   0.0005    0.527
   104  -4.0000   1.8435   0.4773   0.0033  -0.0103   0.0019   0.0018   0.0000   0.0000  -0.0003   0.0007    0.422
   105  -4.0000   1.7531   0.5285   0.0062  -0.0080   0.0038   0.0035  -0.0000   0.0000  -0.0002   0.0011    0.311
   106  -4.0000   1.6522   0.5345   0.0096  -0.0062   0.0063   0.0058  -0.0000   0.0000  -0.0000   0.0015    0.254
   107  -4.0000   1.5478   0.5007   0.0124  -0.0048   0.0087   0.0080  -0.0000   0.0000   0.0002   0.0018    0.226
   108  -4.0000   1.4469   0.4362   0.0136  -0.0039   0.0102   0.0094  -0.0000   0.0000   0.0004   0.0020    0.208
   109  -4.0000   1.3565   0.3512   0.0130  -0.0033   0.0104   0.0096  -0.0000   0.0000   0.0006   0.0019    0.191
   110  -4.0000   1.2827   0.2548   0.0107  -0.0028   0.0091   0.0083  -0.0000   0.0000   0.0007   0.0015    0.170
   111  -4.0000   1.2304   0.1537   0.0070  -0.0025   0.0062   0.0057  -0.0000   0.0000   0.0006   0.0009    0.148
   112  -4.0000   1.2034   0.0513   0.0024  -0.0024   0.0022   0.0020  -0.0000   0.0000   0.0002   0.0003    0.129
 ---------------------------------------------------------------
