 ---------------------------------------------------------------
 Surface and Strip Forces by surface

  Forces referred to Sref, Cref, Bref about Xref, Yref, Zref
 Standard axis orientation,  X fwd, Z down         

  Surface # 1     FrontWing                               
     # Chordwise = 12   # Spanwise = 20     First strip =  1
     Surface area =   59.987980       Ave. chord =    2.999398
     CLsurf  =   0.53320     Clsurf  =  -0.11729
     CYsurf  =   0.00158     Cmsurf  =  -0.31771
     CDsurf  =   0.01354     Cnsurf  =  -0.00841
     CDisurf =   0.01354     CDvsurf =   0.00000

  Forces referred to Ssurf, Cave about hinge axis thru LE
     CLsurf  =   1.06307     CDsurf  =   0.02699
     Deflect =

 Strip Forces referred to Strip Area, Chord
    j      Yle    Chord     Area     c cl      ai      cl_norm  cl       cd       cdv    cm_c/4    cm_LE  C.P.x/c
     1   0.0299   3.7500   0.4480   3.8877   0.0587   1.0393   1.0393   0.0252   0.0000  -0.1407  -0.3998    0.385
     2   0.2681   3.7500   1.3330   3.8875   0.0587   1.0392   1.0392   0.0252   0.0000  -0.1407  -0.3998    0.385
     3   0.7386   3.7500   2.1851   3.8856   0.0589   1.0387   1.0387   0.0252   0.0000  -0.1407  -0.3997    0.385
     4   1.4299   3.7500   2.9835   3.8792   0.0599   1.0370   1.0370   0.0255   0.0000  -0.1407  -0.3993    0.386
     5   2.3249   3.7500   3.7084   3.8643   0.0614   1.0329   1.0329   0.0262   0.0000  -0.1409  -0.3985    0.386
     6   3.4016   3.7500   4.3420   3.8354  -0.0042   1.0250   1.0250   0.0279   0.0000  -0.1415  -0.3972    0.388
     7   4.6579   3.6729   4.9520   3.7831   0.0740   1.0402   1.0323   0.0274   0.0000  -0.1417  -0.3964    0.387
     8   6.0668   3.5078   5.1245   3.7013  -0.0733   1.0659   1.0578   0.0251   0.0000  -0.1410  -0.4020    0.383
     9   7.5707   3.3316   5.1225   3.5936   0.0321   1.0899   1.0816   0.0233   0.0000  -0.1409  -0.4077    0.380
    10   9.1324   3.1485   4.9633   3.4637   0.0370   1.1117   1.1033   0.0226   0.0000  -0.1409  -0.4130    0.378
    11  10.7137   2.9632   4.6712   3.3156   0.0391   1.1308   1.1222   0.0225   0.0000  -0.1408  -0.4176    0.375
    12  12.2755   2.7802   4.2748   3.1522   0.0415   1.1458   1.1371   0.0230   0.0000  -0.1405  -0.4211    0.374
    13  13.7793   2.6040   3.8041   2.9748   0.0456   1.1543   1.1456   0.0245   0.0000  -0.1400  -0.4227    0.372
    14  15.1883   2.4389   3.2882   2.7813   0.0523   1.1520   1.1433   0.0274   0.0000  -0.1389  -0.4211    0.371
    15  16.4675   2.2890   2.7522   2.5647   0.0632   1.1314   1.1228   0.0320   0.0000  -0.1367  -0.4140    0.372
    16  17.5856   2.1579   2.2161   2.3107   0.0803   1.0804   1.0722   0.0383   0.0000  -0.1324  -0.3974    0.374
    17  18.5151   2.0490   1.6929   1.9950   0.1056   0.9814   0.9739   0.0451   0.0000  -0.1241  -0.3650    0.377
    18  19.2329   1.9649   1.1890   1.5850   0.1408   0.8120   0.8058   0.0488   0.0000  -0.1084  -0.3080    0.385
    19  19.7216   1.9076   0.7042   1.0503   0.1878   0.5532   0.5490   0.0427   0.0000  -0.0806  -0.2167    0.397
    20  19.9689   1.8786   0.2331   0.3781   0.2454   0.2019   0.2004   0.0186   0.0000  -0.0330  -0.0828    0.415

  Surface # 2     FrontWing (YDUP)                        
     # Chordwise = 12   # Spanwise = 20     First strip = 21
     Surface area =   59.987980       Ave. chord =    2.999398
     CLsurf  =   0.53320     Clsurf  =   0.11729
     CYsurf  =  -0.00158     Cmsurf  =  -0.31771
     CDsurf  =   0.01354     Cnsurf  =   0.00841
     CDisurf =   0.01354     CDvsurf =   0.00000

  Forces referred to Ssurf, Cave about hinge axis thru LE
     CLsurf  =   1.06307     CDsurf  =   0.02699
     Deflect =

 Strip Forces referred to Strip Area, Chord
    j      Yle    Chord     Area     c cl      ai      cl_norm  cl       cd       cdv    cm_c/4    cm_LE  C.P.x/c
    21  -0.0299   3.7500   0.4480   3.8877   0.0587   1.0393   1.0393   0.0252   0.0000  -0.1407   0.3998    0.385
    22  -0.2681   3.7500   1.3330   3.8875   0.0587   1.0392   1.0392   0.0252   0.0000  -0.1407   0.3998    0.385
    23  -0.7386   3.7500   2.1851   3.8856   0.0589   1.0387   1.0387   0.0252   0.0000  -0.1407   0.3997    0.385
    24  -1.4299   3.7500   2.9835   3.8792   0.0599   1.0370   1.0370   0.0255   0.0000  -0.1407   0.3993    0.386
    25  -2.3249   3.7500   3.7084   3.8643   0.0614   1.0329   1.0329   0.0262   0.0000  -0.1409   0.3985    0.386
    26  -3.4016   3.7500   4.3420   3.8354  -0.0042   1.0250   1.0250   0.0279   0.0000  -0.1415   0.3972    0.388
    27  -4.6579   3.6729   4.9520   3.7831   0.0740   1.0402   1.0323   0.0274   0.0000  -0.1417   0.3964    0.387
    28  -6.0668   3.5078   5.1245   3.7013  -0.0733   1.0659   1.0578   0.0251   0.0000  -0.1410   0.4020    0.383
    29  -7.5707   3.3316   5.1225   3.5936   0.0321   1.0899   1.0816   0.0233   0.0000  -0.1409   0.4077    0.380
    30  -9.1324   3.1485   4.9633   3.4637   0.0370   1.1117   1.1033   0.0226   0.0000  -0.1409   0.4130    0.378
    31 -10.7137   2.9632   4.6712   3.3156   0.0391   1.1308   1.1222   0.0225   0.0000  -0.1408   0.4176    0.375
    32 -12.2755   2.7802   4.2748   3.1522   0.0415   1.1458   1.1371   0.0230   0.0000  -0.1405   0.4211    0.374
    33 -13.7793   2.6040   3.8041   2.9748   0.0456   1.1543   1.1456   0.0245   0.0000  -0.1400   0.4227    0.372
    34 -15.1883   2.4389   3.2882   2.7813   0.0523   1.1520   1.1433   0.0274   0.0000  -0.1389   0.4211    0.371
    35 -16.4675   2.2890   2.7522   2.5647   0.0632   1.1314   1.1228   0.0320   0.0000  -0.1367   0.4140    0.372
    36 -17.5856   2.1579   2.2161   2.3107   0.0803   1.0804   1.0722   0.0383   0.0000  -0.1324   0.3974    0.374
    37 -18.5151   2.0490   1.6929   1.9950   0.1056   0.9814   0.9739   0.0451   0.0000  -0.1241   0.3650    0.377
    38 -19.2329   1.9649   1.1890   1.5850   0.1408   0.8120   0.8058   0.0488   0.0000  -0.1084   0.3080    0.385
    39 -19.7216   1.9076   0.7042   1.0503   0.1878   0.5532   0.5490   0.0427   0.0000  -0.0806   0.2167    0.397
    40 -19.9689   1.8786   0.2331   0.3781   0.2454   0.2019   0.2004   0.0186   0.0000  -0.0330   0.0828    0.415

  Surface # 3     Second Wing2                            
     # Chordwise = 12   # Spanwise = 24     First strip = 41
     Surface area =   12.000000       Ave. chord =    2.000000
     CLsurf  =   0.01679     Clsurf  =  -0.00113
     CYsurf  =   0.00000     Cmsurf  =  -0.05820
     CDsurf  =   0.00119     Cnsurf  =  -0.00003
     CDisurf =   0.00119     CDvsurf =   0.00000

  Forces referred to Ssurf, Cave about hinge axis thru LE
     CLsurf  =   0.16739     CDsurf  =   0.01189
     Deflect =

 Strip Forces referred to Strip Area, Chord
    j      Yle    Chord     Area     c cl      ai      cl_norm  cl       cd       cdv    cm_c/4    cm_LE  C.P.x/c
    41   0.0064   2.0000   0.0513   0.3823   0.0587   0.1908   0.1908   0.0135   0.0000  -0.0018  -0.0495    0.259
    42   0.0576   2.0000   0.1531   0.3823   0.0588   0.1908   0.1908   0.0135   0.0000  -0.0018  -0.0495    0.259
    43   0.1592   2.0000   0.2523   0.3823   0.0581   0.1907   0.1907   0.0135   0.0000  -0.0018  -0.0495    0.259
    44   0.3094   2.0000   0.3471   0.3823   0.0590   0.1907   0.1907   0.0135   0.0000  -0.0018  -0.0495    0.259
    45   0.5056   2.0000   0.4360   0.3822   0.0534   0.1907   0.1907   0.0135   0.0000  -0.0017  -0.0495    0.259
    46   0.7445   2.0000   0.5175   0.3821   0.0590   0.1907   0.1907   0.0135   0.0000  -0.0017  -0.0495    0.259
    47   1.0220   2.0000   0.5901   0.3819   0.0727   0.1906   0.1906   0.0135   0.0000  -0.0017  -0.0495    0.259
    48   1.3333   2.0000   0.6526   0.3817   0.0583   0.1904   0.1904   0.0134   0.0000  -0.0017  -0.0494    0.259
    49   1.6731   2.0000   0.7039   0.3814   0.0650   0.1903   0.1903   0.0134   0.0000  -0.0016  -0.0493    0.259
    50   2.0357   2.0000   0.7432   0.3810   0.0545   0.1901   0.1901   0.0134   0.0000  -0.0015  -0.0491    0.258
    51   2.4147   2.0000   0.7698   0.3805   0.0637   0.1898   0.1898   0.0133   0.0000  -0.0013  -0.0489    0.257
    52   2.8038   2.0000   0.7832   0.3794   0.1228   0.1893   0.1893   0.0132   0.0000  -0.0011  -0.0485    0.256
    53   3.1962   2.0000   0.7832   0.3764   0.0619   0.1878   0.1878   0.0130   0.0000  -0.0006  -0.0477    0.253
    54   3.5853   2.0000   0.7698   0.3674   0.0727   0.1834   0.1834   0.0127   0.0000  -0.0002  -0.0461    0.251
    55   3.9643   2.0000   0.7432   0.3484   0.1714   0.1738   0.1738   0.0123   0.0000   0.0002  -0.0433    0.249
    56   4.3269   2.0000   0.7039   0.3253   0.0623   0.1623   0.1623   0.0116   0.0000   0.0008  -0.0399    0.245
    57   4.6667   2.0000   0.6526   0.3041   0.0758   0.1517   0.1517   0.0109   0.0000   0.0016  -0.0364    0.239
    58   4.9780   2.0000   0.5901   0.2778   0.0904   0.1386   0.1386   0.0100   0.0000   0.0023  -0.0325    0.234
    59   5.2555   2.0000   0.5175   0.2423   0.1442   0.1209   0.1209   0.0090   0.0000   0.0024  -0.0279    0.230
    60   5.4944   2.0000   0.4360   0.2015   0.0276   0.1005   0.1005   0.0078   0.0000   0.0023  -0.0229    0.227
    61   5.6906   2.0000   0.3471   0.1596   0.0551   0.0795   0.0795   0.0064   0.0000   0.0022  -0.0177    0.222
    62   5.8408   2.0000   0.2523   0.1165   0.0648   0.0581   0.0581   0.0047   0.0000   0.0021  -0.0125    0.214
    63   5.9424   2.0000   0.1531   0.0713   0.0709   0.0355   0.0355   0.0030   0.0000   0.0015  -0.0074    0.207
    64   5.9936   2.0000   0.0513   0.0240   0.0740   0.0120   0.0120   0.0010   0.0000   0.0006  -0.0024    0.202

  Surface # 4     Second Wing2 (YDUP)                     
     # Chordwise = 12   # Spanwise = 24     First strip = 65
     Surface area =   12.000000       Ave. chord =    2.000000
     CLsurf  =   0.01679     Clsurf  =   0.00113
     CYsurf  =  -0.00000     Cmsurf  =  -0.05820
     CDsurf  =   0.00119     Cnsurf  =   0.00003
     CDisurf =   0.00119     CDvsurf =   0.00000

  Forces referred to Ssurf, Cave about hinge axis thru LE
     CLsurf  =   0.16739     CDsurf  =   0.01189
     Deflect =

 Strip Forces referred to Strip Area, Chord
    j      Yle    Chord     Area     c cl      ai      cl_norm  cl       cd       cdv    cm_c/4    cm_LE  C.P.x/c
    65  -0.0064   2.0000   0.0513   0.3823   0.0587   0.1908   0.1908   0.0135   0.0000  -0.0018   0.0495    0.259
    66  -0.0576   2.0000   0.1531   0.3823   0.0588   0.1908   0.1908   0.0135   0.0000  -0.0018   0.0495    0.259
    67  -0.1592   2.0000   0.2523   0.3823   0.0581   0.1907   0.1907   0.0135   0.0000  -0.0018   0.0495    0.259
    68  -0.3094   2.0000   0.3471   0.3823   0.0590   0.1907   0.1907   0.0135   0.0000  -0.0018   0.0495    0.259
    69  -0.5056   2.0000   0.4360   0.3822   0.0534   0.1907   0.1907   0.0135   0.0000  -0.0017   0.0495    0.259
    70  -0.7445   2.0000   0.5175   0.3821   0.0590   0.1907   0.1907   0.0135   0.0000  -0.0017   0.0495    0.259
    71  -1.0220   2.0000   0.5901   0.3819   0.0727   0.1906   0.1906   0.0135   0.0000  -0.0017   0.0495    0.259
    72  -1.3333   2.0000   0.6526   0.3817   0.0583   0.1904   0.1904   0.0134   0.0000  -0.0017   0.0494    0.259
    73  -1.6731   2.0000   0.7039   0.3814   0.0650   0.1903   0.1903   0.0134   0.0000  -0.0016   0.0493    0.259
    74  -2.0357   2.0000   0.7432   0.3810   0.0545   0.1901   0.1901   0.0134   0.0000  -0.0015   0.0491    0.258
    75  -2.4147   2.0000   0.7698   0.3805   0.0637   0.1898   0.1898   0.0133   0.0000  -0.0013   0.0489    0.257
    76  -2.8038   2.0000   0.7832   0.3794   0.1228   0.1893   0.1893   0.0132   0.0000  -0.0011   0.0485    0.256
    77  -3.1962   2.0000   0.7832   0.3764   0.0619   0.1878   0.1878   0.0130   0.0000  -0.0006   0.0477    0.253
    78  -3.5853   2.0000   0.7698   0.3674   0.0727   0.1834   0.1834   0.0127   0.0000  -0.0002   0.0461    0.251
    79  -3.9643   2.0000   0.7432   0.3484   0.1714   0.1738   0.1738   0.0123   0.0000   0.0002   0.0433    0.249
    80  -4.3269   2.0000   0.7039   0.3253   0.0623   0.1623   0.1623   0.0116   0.0000   0.0008   0.0399    0.245
    81  -4.6667   2.0000   0.6526   0.3041   0.0758   0.1517   0.1517   0.0109   0.0000   0.0016   0.0364    0.239
    82  -4.9780   2.0000   0.5901   0.2778   0.0904   0.1386   0.1386   0.0100   0.0000   0.0023   0.0325    0.234
    83  -5.2555   2.0000   0.5175   0.2423   0.1442   0.1209   0.1209   0.0090   0.0000   0.0024   0.0279    0.230
    84  -5.4944   2.0000   0.4360   0.2015   0.0276   0.1005   0.1005   0.0078   0.0000   0.0023   0.0229    0.227
    85  -5.6906   2.0000   0.3471   0.1596   0.0551   0.0795   0.0795   0.0064   0.0000   0.0022   0.0177    0.222
    86  -5.8408   2.0000   0.2523   0.1165   0.0648   0.0581   0.0581   0.0047   0.0000   0.0021   0.0125    0.214
    87  -5.9424   2.0000   0.1531   0.0713   0.0709   0.0355   0.0355   0.0030   0.0000   0.0015   0.0074    0.207
    88  -5.9936   2.0000   0.0513   0.0240   0.0740   0.0120   0.0120   0.0010   0.0000   0.0006   0.0024    0.202

  Surface # 5     Fin                                     
     # Chordwise = 12   # Spanwise = 12     First strip = 89
     Surface area =    4.000000       Ave. chord =    1.600000
     CLsurf  =   0.00000     Clsurf  =  -0.00002
     CYsurf  =  -0.00073     Cmsurf  =  -0.00001
     CDsurf  =  -0.00000     Cnsurf  =   0.00020
     CDisurf =  -0.00000     CDvsurf =   0.00000

  Forces referred to Ssurf, Cave about hinge axis thru LE
     CLsurf  =   0.02178     CDsurf  =  -0.00009
     Deflect =

 Strip Forces referred to Strip Area, Chord
    j      Yle    Chord     Area     c cl      ai      cl_norm  cl       cd       cdv    cm_c/4    cm_LE  C.P.x/c
    89   4.0000   1.9966   0.0850   0.0031  -0.3933   0.0017   0.0016   0.0000   0.0000  -0.0002  -0.0005    0.347
    90   4.0000   1.9696   0.2459   0.0100  -0.0543   0.0057   0.0051  -0.0000   0.0000  -0.0005  -0.0018    0.345
    91   4.0000   1.9173   0.3809   0.0185  -0.0291   0.0108   0.0097  -0.0000   0.0000  -0.0008  -0.0033    0.335
    92   4.0000   1.8435   0.4773   0.0282  -0.0205   0.0171   0.0153  -0.0000   0.0000  -0.0010  -0.0049    0.314
    93   4.0000   1.7531   0.5285   0.0374  -0.0160   0.0239   0.0214  -0.0000   0.0000  -0.0008  -0.0063    0.288
    94   4.0000   1.6522   0.5345   0.0444  -0.0131   0.0301   0.0269  -0.0001   0.0000  -0.0004  -0.0074    0.266
    95   4.0000   1.5478   0.5007   0.0475  -0.0110   0.0344   0.0307  -0.0001   0.0000   0.0000  -0.0079    0.248
    96   4.0000   1.4469   0.4362   0.0462  -0.0095   0.0358   0.0320  -0.0002   0.0000   0.0005  -0.0078    0.233
    97   4.0000   1.3565   0.3512   0.0409  -0.0083   0.0338   0.0302  -0.0002   0.0000   0.0010  -0.0069    0.217
    98   4.0000   1.2827   0.2548   0.0321  -0.0073   0.0280   0.0250  -0.0002   0.0000   0.0013  -0.0053    0.197
    99   4.0000   1.2304   0.1537   0.0204  -0.0066   0.0186   0.0166  -0.0001   0.0000   0.0012  -0.0032    0.176
   100   4.0000   1.2034   0.0513   0.0070  -0.0062   0.0066   0.0058  -0.0000   0.0000   0.0005  -0.0010    0.160

  Surface # 6     Fin (YDUP)                              
     # Chordwise = 12   # Spanwise = 12     First strip =101
     Surface area =    4.000000       Ave. chord =    1.600000
     CLsurf  =   0.00000     Clsurf  =   0.00002
     CYsurf  =   0.00073     Cmsurf  =  -0.00001
     CDsurf  =  -0.00000     Cnsurf  =  -0.00020
     CDisurf =  -0.00000     CDvsurf =   0.00000

  Forces referred to Ssurf, Cave about hinge axis thru LE
     CLsurf  =   0.02178     CDsurf  =  -0.00009
     Deflect =

 Strip Forces referred to Strip Area, Chord
    j      Yle    Chord     Area     c cl      ai      cl_norm  cl       cd       cdv    cm_c/4    cm_LE  C.P.x/c
   101  -4.0000   1.9966   0.0850   0.0031  -0.3933   0.0017   0.0016   0.0000   0.0000  -0.0002   0.0005    0.347
   102  -4.0000   1.9696   0.2459   0.0100  -0.0543   0.0057   0.0051  -0.0000   0.0000  -0.0005   0.0018    0.345
   103  -4.0000   1.9173   0.3809   0.0185  -0.0291   0.0108   0.0097  -0.0000   0.0000  -0.0008   0.0033    0.335
   104  -4.0000   1.8435   0.4773   0.0282  -0.0205   0.0171   0.0153  -0.0000   0.0000  -0.0010   0.0049    0.314
   105  -4.0000   1.7531   0.5285   0.0374  -0.0160   0.0239   0.0214  -0.0000   0.0000  -0.0008   0.0063    0.288
   106  -4.0000   1.6522   0.5345   0.0444  -0.0131   0.0301   0.0269  -0.0001   0.0000  -0.0004   0.0074    0.266
   107  -4.0000   1.5478   0.5007   0.0475  -0.0110   0.0344   0.0307  -0.0001   0.0000   0.0000   0.0079    0.248
   108  -4.0000   1.4469   0.4362   0.0462  -0.0095   0.0358   0.0320  -0.0002   0.0000   0.0005   0.0078    0.233
   109  -4.0000   1.3565   0.3512   0.0409  -0.0083   0.0338   0.0302  -0.0002   0.0000   0.0010   0.0069    0.217
   110  -4.0000   1.2827   0.2548   0.0321  -0.0073   0.0280   0.0250  -0.0002   0.0000   0.0013   0.0053    0.197
   111  -4.0000   1.2304   0.1537   0.0204  -0.0066   0.0186   0.0166  -0.0001   0.0000   0.0012   0.0032    0.176
   112  -4.0000   1.2034   0.0513   0.0070  -0.0062   0.0066   0.0058  -0.0000   0.0000   0.0005   0.0010    0.160
 ---------------------------------------------------------------
