 ---------------------------------------------------------------
 Surface and Strip Forces by surface

  Forces referred to Sref, Cref, Bref about Xref, Yref, Zref
 Standard axis orientation,  X fwd, Z down         

  Surface # 1     FrontWing                               
     # Chordwise = 12   # Spanwise = 20     First strip =  1
     Surface area =   59.987980       Ave. chord =    2.999398
     CLsurf  =   0.84866     Clsurf  =  -0.18246
     CYsurf  =   0.00350     Cmsurf  =  -0.45252
     CDsurf  =   0.03295     Cnsurf  =  -0.03355
     CDisurf =   0.03295     CDvsurf =   0.00000

  Forces referred to Ssurf, Cave about hinge axis thru LE
     CLsurf  =   1.69200     CDsurf  =   0.06570
     Deflect =

 Strip Forces referred to Strip Area, Chord
    j      Yle    Chord     Area     c cl      ai      cl_norm  cl       cd       cdv    cm_c/4    cm_LE  C.P.x/c
     1   0.0299   3.7500   0.4480   6.1952   0.1182   1.6790   1.6790   0.0652   0.0000  -0.1346  -0.5476    0.330
     2   0.2681   3.7500   1.3330   6.1948   0.1179   1.6789   1.6789   0.0652   0.0000  -0.1346  -0.5476    0.330
     3   0.7386   3.7500   2.1851   6.1913   0.1189   1.6779   1.6779   0.0654   0.0000  -0.1347  -0.5474    0.330
     4   1.4299   3.7500   2.9835   6.1799   0.1247   1.6746   1.6746   0.0662   0.0000  -0.1347  -0.5467    0.330
     5   2.3249   3.7500   3.7084   6.1532   0.1203   1.6668   1.6668   0.0683   0.0000  -0.1351  -0.5453    0.331
     6   3.4016   3.7500   4.3420   6.1016  -0.1291   1.6514   1.6514   0.0743   0.0000  -0.1365  -0.5433    0.333
     7   4.6579   3.6729   4.9520   6.0103   0.1561   1.6735   1.6613   0.0725   0.0000  -0.1367  -0.5421    0.332
     8   6.0668   3.5078   5.1245   5.8685  -0.2966   1.7132   1.7007   0.0640   0.0000  -0.1351  -0.5495    0.329
     9   7.5707   3.3316   5.1225   5.6819   0.0350   1.7481   1.7354   0.0581   0.0000  -0.1347  -0.5573    0.328
    10   9.1324   3.1485   4.9633   5.4572   0.0510   1.7774   1.7645   0.0553   0.0000  -0.1346  -0.5641    0.326
    11  10.7137   2.9632   4.6712   5.2018   0.0569   1.8006   1.7875   0.0540   0.0000  -0.1345  -0.5694    0.325
    12  12.2755   2.7802   4.2748   4.9220   0.0615   1.8160   1.8028   0.0541   0.0000  -0.1340  -0.5727    0.324
    13  13.7793   2.6040   3.8041   4.6207   0.0679   1.8197   1.8065   0.0565   0.0000  -0.1331  -0.5728    0.324
    14  15.1883   2.4389   3.2882   4.2960   0.0780   1.8050   1.7918   0.0621   0.0000  -0.1314  -0.5678    0.323
    15  16.4675   2.2890   2.7522   3.9380   0.0944   1.7605   1.7477   0.0716   0.0000  -0.1281  -0.5544    0.323
    16  17.5856   2.1579   2.2161   3.5250   0.1197   1.6678   1.6556   0.0845   0.0000  -0.1217  -0.5264    0.323
    17  18.5151   2.0490   1.6929   3.0201   0.1564   1.4999   1.4889   0.0981   0.0000  -0.1098  -0.4750    0.324
    18  19.2329   1.9649   1.1890   2.3755   0.2046   1.2248   1.2159   0.1044   0.0000  -0.0899  -0.3894    0.324
    19  19.7216   1.9076   0.7042   1.5528   0.2627   0.8202   0.8142   0.0900   0.0000  -0.0614  -0.2631    0.325
    20  19.9689   1.8786   0.2331   0.5508   0.3266   0.2938   0.2916   0.0395   0.0000  -0.0238  -0.0965    0.332

  Surface # 2     FrontWing (YDUP)                        
     # Chordwise = 12   # Spanwise = 20     First strip = 21
     Surface area =   59.987980       Ave. chord =    2.999398
     CLsurf  =   0.84866     Clsurf  =   0.18246
     CYsurf  =  -0.00350     Cmsurf  =  -0.45252
     CDsurf  =   0.03295     Cnsurf  =   0.03355
     CDisurf =   0.03295     CDvsurf =   0.00000

  Forces referred to Ssurf, Cave about hinge axis thru LE
     CLsurf  =   1.69200     CDsurf  =   0.06570
     Deflect =

 Strip Forces referred to Strip Area, Chord
    j      Yle    Chord     Area     c cl      ai      cl_norm  cl       cd       cdv    cm_c/4    cm_LE  C.P.x/c
    21  -0.0299   3.7500   0.4480   6.1952   0.1182   1.6790   1.6790   0.0652   0.0000  -0.1346   0.5476    0.330
    22  -0.2681   3.7500   1.3330   6.1948   0.1179   1.6789   1.6789   0.0652   0.0000  -0.1346   0.5476    0.330
    23  -0.7386   3.7500   2.1851   6.1913   0.1189   1.6779   1.6779   0.0654   0.0000  -0.1347   0.5474    0.330
    24  -1.4299   3.7500   2.9835   6.1799   0.1247   1.6746   1.6746   0.0662   0.0000  -0.1347   0.5467    0.330
    25  -2.3249   3.7500   3.7084   6.1532   0.1203   1.6668   1.6668   0.0683   0.0000  -0.1351   0.5453    0.331
    26  -3.4016   3.7500   4.3420   6.1016  -0.1291   1.6513   1.6513   0.0743   0.0000  -0.1365   0.5433    0.333
    27  -4.6579   3.6729   4.9520   6.0103   0.1561   1.6735   1.6613   0.0725   0.0000  -0.1367   0.5421    0.332
    28  -6.0668   3.5078   5.1245   5.8686  -0.2966   1.7132   1.7007   0.0640   0.0000  -0.1351   0.5495    0.329
    29  -7.5707   3.3316   5.1225   5.6819   0.0350   1.7481   1.7354   0.0581   0.0000  -0.1347   0.5573    0.328
    30  -9.1324   3.1485   4.9633   5.4572   0.0510   1.7774   1.7645   0.0553   0.0000  -0.1346   0.5641    0.326
    31 -10.7137   2.9632   4.6712   5.2018   0.0569   1.8006   1.7875   0.0540   0.0000  -0.1345   0.5694    0.325
    32 -12.2755   2.7802   4.2748   4.9220   0.0615   1.8160   1.8028   0.0541   0.0000  -0.1340   0.5727    0.324
    33 -13.7793   2.6040   3.8041   4.6207   0.0679   1.8197   1.8065   0.0565   0.0000  -0.1331   0.5728    0.324
    34 -15.1883   2.4389   3.2882   4.2960   0.0780   1.8050   1.7918   0.0621   0.0000  -0.1314   0.5678    0.323
    35 -16.4675   2.2890   2.7522   3.9380   0.0944   1.7605   1.7477   0.0716   0.0000  -0.1281   0.5544    0.323
    36 -17.5856   2.1579   2.2161   3.5250   0.1197   1.6678   1.6556   0.0845   0.0000  -0.1217   0.5264    0.323
    37 -18.5151   2.0490   1.6929   3.0201   0.1564   1.4999   1.4889   0.0981   0.0000  -0.1098   0.4750    0.324
    38 -19.2329   1.9649   1.1890   2.3755   0.2046   1.2248   1.2159   0.1044   0.0000  -0.0899   0.3894    0.324
    39 -19.7216   1.9076   0.7042   1.5528   0.2627   0.8202   0.8142   0.0900   0.0000  -0.0614   0.2631    0.325
    40 -19.9689   1.8786   0.2331   0.5508   0.3266   0.2938   0.2916   0.0395   0.0000  -0.0238   0.0965    0.332

  Surface # 3     Second Wing2                            
     # Chordwise = 12   # Spanwise = 24     First strip = 41
     Surface area =   12.000000       Ave. chord =    2.000000
     CLsurf  =   0.05133     Clsurf  =  -0.00344
     CYsurf  =  -0.00000     Cmsurf  =  -0.17802
     CDsurf  =   0.00665     Cnsurf  =  -0.00031
     CDisurf =   0.00665     CDvsurf =   0.00000

  Forces referred to Ssurf, Cave about hinge axis thru LE
     CLsurf  =   0.51161     CDsurf  =   0.06628
     Deflect =

 Strip Forces referred to Strip Area, Chord
    j      Yle    Chord     Area     c cl      ai      cl_norm  cl       cd       cdv    cm_c/4    cm_LE  C.P.x/c
    41   0.0064   2.0000   0.0513   1.1932   0.1184   0.5947   0.5947   0.0749   0.0000  -0.0016  -0.1507    0.253
    42   0.0576   2.0000   0.1531   1.1932   0.1186   0.5947   0.5947   0.0749   0.0000  -0.0016  -0.1507    0.253
    43   0.1592   2.0000   0.2523   1.1931   0.1172   0.5947   0.5947   0.0749   0.0000  -0.0016  -0.1507    0.253
    44   0.3094   2.0000   0.3471   1.1928   0.1189   0.5945   0.5945   0.0749   0.0000  -0.0016  -0.1507    0.253
    45   0.5056   2.0000   0.4360   1.1922   0.1089   0.5942   0.5942   0.0749   0.0000  -0.0016  -0.1506    0.253
    46   0.7445   2.0000   0.5175   1.1911   0.1191   0.5936   0.5936   0.0748   0.0000  -0.0015  -0.1504    0.253
    47   1.0220   2.0000   0.5901   1.1892   0.1443   0.5927   0.5927   0.0748   0.0000  -0.0015  -0.1501    0.252
    48   1.3333   2.0000   0.6526   1.1863   0.1182   0.5912   0.5912   0.0747   0.0000  -0.0014  -0.1497    0.252
    49   1.6731   2.0000   0.7039   1.1822   0.1307   0.5892   0.5892   0.0745   0.0000  -0.0012  -0.1490    0.252
    50   2.0357   2.0000   0.7432   1.1766   0.1120   0.5863   0.5863   0.0742   0.0000  -0.0009  -0.1480    0.252
    51   2.4147   2.0000   0.7698   1.1688   0.1292   0.5825   0.5825   0.0738   0.0000  -0.0005  -0.1466    0.251
    52   2.8038   2.0000   0.7832   1.1579   0.2372   0.5770   0.5770   0.0731   0.0000   0.0001  -0.1446    0.250
    53   3.1962   2.0000   0.7832   1.1403   0.1266   0.5683   0.5683   0.0719   0.0000   0.0011  -0.1415    0.248
    54   3.5853   2.0000   0.7698   1.1075   0.1453   0.5518   0.5518   0.0703   0.0000   0.0022  -0.1362    0.246
    55   3.9643   2.0000   0.7432   1.0491   0.3076   0.5224   0.5224   0.0679   0.0000   0.0036  -0.1275    0.243
    56   4.3269   2.0000   0.7039   0.9787   0.1386   0.4871   0.4871   0.0646   0.0000   0.0054  -0.1169    0.239
    57   4.6667   2.0000   0.6526   0.9108   0.1615   0.4532   0.4532   0.0607   0.0000   0.0075  -0.1063    0.233
    58   4.9780   2.0000   0.5901   0.8310   0.1887   0.4132   0.4132   0.0564   0.0000   0.0092  -0.0946    0.228
    59   5.2555   2.0000   0.5175   0.7305   0.2862   0.3628   0.3628   0.0516   0.0000   0.0101  -0.0813    0.222
    60   5.4944   2.0000   0.4360   0.6148   0.0829   0.3048   0.3048   0.0456   0.0000   0.0102  -0.0666    0.216
    61   5.6906   2.0000   0.3471   0.4908   0.1334   0.2430   0.2430   0.0378   0.0000   0.0100  -0.0514    0.209
    62   5.8408   2.0000   0.2523   0.3591   0.1519   0.1776   0.1776   0.0286   0.0000   0.0088  -0.0361    0.200
    63   5.9424   2.0000   0.1531   0.2196   0.1635   0.1084   0.1084   0.0183   0.0000   0.0062  -0.0212    0.192
    64   5.9936   2.0000   0.0513   0.0739   0.1696   0.0364   0.0364   0.0065   0.0000   0.0023  -0.0070    0.187

  Surface # 4     Second Wing2 (YDUP)                     
     # Chordwise = 12   # Spanwise = 24     First strip = 65
     Surface area =   12.000000       Ave. chord =    2.000000
     CLsurf  =   0.05133     Clsurf  =   0.00344
     CYsurf  =  -0.00000     Cmsurf  =  -0.17802
     CDsurf  =   0.00665     Cnsurf  =   0.00031
     CDisurf =   0.00665     CDvsurf =   0.00000

  Forces referred to Ssurf, Cave about hinge axis thru LE
     CLsurf  =   0.51161     CDsurf  =   0.06628
     Deflect =

 Strip Forces referred to Strip Area, Chord
    j      Yle    Chord     Area     c cl      ai      cl_norm  cl       cd       cdv    cm_c/4    cm_LE  C.P.x/c
    65  -0.0064   2.0000   0.0513   1.1932   0.1183   0.5947   0.5947   0.0749   0.0000  -0.0016   0.1507    0.253
    66  -0.0576   2.0000   0.1531   1.1932   0.1186   0.5947   0.5947   0.0749   0.0000  -0.0016   0.1507    0.253
    67  -0.1592   2.0000   0.2523   1.1931   0.1172   0.5947   0.5947   0.0749   0.0000  -0.0016   0.1507    0.253
    68  -0.3094   2.0000   0.3471   1.1928   0.1189   0.5945   0.5945   0.0749   0.0000  -0.0016   0.1507    0.253
    69  -0.5056   2.0000   0.4360   1.1922   0.1089   0.5942   0.5942   0.0749   0.0000  -0.0016   0.1506    0.253
    70  -0.7445   2.0000   0.5175   1.1911   0.1191   0.5936   0.5936   0.0748   0.0000  -0.0015   0.1504    0.253
    71  -1.0220   2.0000   0.5901   1.1892   0.1443   0.5927   0.5927   0.0748   0.0000  -0.0015   0.1501    0.252
    72  -1.3333   2.0000   0.6526   1.1863   0.1182   0.5912   0.5912   0.0747   0.0000  -0.0014   0.1497    0.252
    73  -1.6731   2.0000   0.7039   1.1822   0.1307   0.5892   0.5892   0.0745   0.0000  -0.0012   0.1490    0.252
    74  -2.0357   2.0000   0.7432   1.1766   0.1120   0.5863   0.5863   0.0742   0.0000  -0.0009   0.1480    0.252
    75  -2.4147   2.0000   0.7698   1.1688   0.1292   0.5825   0.5825   0.0738   0.0000  -0.0005   0.1466    0.251
    76  -2.8038   2.0000   0.7832   1.1579   0.2372   0.5770   0.5770   0.0731   0.0000   0.0001   0.1446    0.250
    77  -3.1962   2.0000   0.7832   1.1403   0.1266   0.5683   0.5683   0.0719   0.0000   0.0011   0.1415    0.248
    78  -3.5853   2.0000   0.7698   1.1075   0.1453   0.5518   0.5518   0.0703   0.0000   0.0022   0.1362    0.246
    79  -3.9643   2.0000   0.7432   1.0491   0.3076   0.5224   0.5224   0.0679   0.0000   0.0036   0.1275    0.243
    80  -4.3269   2.0000   0.7039   0.9787   0.1386   0.4871   0.4871   0.0646   0.0000   0.0054   0.1169    0.239
    81  -4.6667   2.0000   0.6526   0.9108   0.1615   0.4532   0.4532   0.0607   0.0000   0.0075   0.1063    0.233
    82  -4.9780   2.0000   0.5901   0.8310   0.1887   0.4132   0.4132   0.0564   0.0000   0.0092   0.0946    0.228
    83  -5.2555   2.0000   0.5175   0.7305   0.2862   0.3628   0.3628   0.0516   0.0000   0.0101   0.0813    0.222
    84  -5.4944   2.0000   0.4360   0.6148   0.0829   0.3048   0.3048   0.0456   0.0000   0.0102   0.0666    0.216
    85  -5.6906   2.0000   0.3471   0.4908   0.1334   0.2430   0.2430   0.0378   0.0000   0.0100   0.0514    0.209
    86  -5.8408   2.0000   0.2523   0.3591   0.1519   0.1776   0.1776   0.0286   0.0000   0.0088   0.0361    0.200
    87  -5.9424   2.0000   0.1531   0.2196   0.1635   0.1084   0.1084   0.0183   0.0000   0.0062   0.0212    0.192
    88  -5.9936   2.0000   0.0513   0.0739   0.1696   0.0364   0.0364   0.0065   0.0000   0.0023   0.0070    0.187

  Surface # 5     Fin                                     
     # Chordwise = 12   # Spanwise = 12     First strip = 89
     Surface area =    4.000000       Ave. chord =    1.600000
     CLsurf  =   0.00001     Clsurf  =  -0.00006
     CYsurf  =  -0.00209     Cmsurf  =  -0.00004
     CDsurf  =  -0.00002     Cnsurf  =   0.00056
     CDisurf =  -0.00002     CDvsurf =   0.00000

  Forces referred to Ssurf, Cave about hinge axis thru LE
     CLsurf  =   0.06249     CDsurf  =  -0.00061
     Deflect =

 Strip Forces referred to Strip Area, Chord
    j      Yle    Chord     Area     c cl      ai      cl_norm  cl       cd       cdv    cm_c/4    cm_LE  C.P.x/c
    89   4.0000   1.9966   0.0850   0.0096  -0.7033   0.0060   0.0048   0.0000   0.0000  -0.0004  -0.0018    0.336
    90   4.0000   1.9696   0.2459   0.0317  -0.1077   0.0200   0.0161  -0.0000   0.0000  -0.0013  -0.0058    0.331
    91   4.0000   1.9173   0.3809   0.0598  -0.0632   0.0388   0.0312  -0.0001   0.0000  -0.0021  -0.0108    0.319
    92   4.0000   1.8435   0.4773   0.0900  -0.0446   0.0607   0.0488  -0.0002   0.0000  -0.0025  -0.0162    0.302
    93   4.0000   1.7531   0.5285   0.1152  -0.0352   0.0817   0.0657  -0.0004   0.0000  -0.0022  -0.0207    0.283
    94   4.0000   1.6522   0.5345   0.1304  -0.0296   0.0981   0.0789  -0.0007   0.0000  -0.0013  -0.0237    0.266
    95   4.0000   1.5478   0.5007   0.1338  -0.0257   0.1074   0.0864  -0.0010   0.0000  -0.0002  -0.0249    0.252
    96   4.0000   1.4469   0.4362   0.1260  -0.0227   0.1083   0.0871  -0.0012   0.0000   0.0010  -0.0240    0.239
    97   4.0000   1.3565   0.3512   0.1088  -0.0202   0.0997   0.0802  -0.0012   0.0000   0.0021  -0.0211    0.223
    98   4.0000   1.2827   0.2548   0.0839  -0.0180   0.0813   0.0654  -0.0010   0.0000   0.0030  -0.0161    0.205
    99   4.0000   1.2304   0.1537   0.0530  -0.0163   0.0535   0.0430  -0.0006   0.0000   0.0028  -0.0098    0.185
   100   4.0000   1.2034   0.0513   0.0181  -0.0152   0.0187   0.0151  -0.0002   0.0000   0.0012  -0.0032    0.169

  Surface # 6     Fin (YDUP)                              
     # Chordwise = 12   # Spanwise = 12     First strip =101
     Surface area =    4.000000       Ave. chord =    1.600000
     CLsurf  =   0.00001     Clsurf  =   0.00006
     CYsurf  =   0.00209     Cmsurf  =  -0.00004
     CDsurf  =  -0.00002     Cnsurf  =  -0.00056
     CDisurf =  -0.00002     CDvsurf =   0.00000

  Forces referred to Ssurf, Cave about hinge axis thru LE
     CLsurf  =   0.06249     CDsurf  =  -0.00061
     Deflect =

 Strip Forces referred to Strip Area, Chord
    j      Yle    Chord     Area     c cl      ai      cl_norm  cl       cd       cdv    cm_c/4    cm_LE  C.P.x/c
   101  -4.0000   1.9966   0.0850   0.0096  -0.7033   0.0060   0.0048   0.0000   0.0000  -0.0004   0.0018    0.336
   102  -4.0000   1.9696   0.2459   0.0317  -0.1077   0.0200   0.0161  -0.0000   0.0000  -0.0013   0.0058    0.331
   103  -4.0000   1.9173   0.3809   0.0598  -0.0632   0.0388   0.0312  -0.0001   0.0000  -0.0021   0.0108    0.319
   104  -4.0000   1.8435   0.4773   0.0900  -0.0446   0.0607   0.0488  -0.0002   0.0000  -0.0025   0.0162    0.302
   105  -4.0000   1.7531   0.5285   0.1152  -0.0352   0.0817   0.0657  -0.0004   0.0000  -0.0022   0.0207    0.283
   106  -4.0000   1.6522   0.5345   0.1304  -0.0296   0.0981   0.0789  -0.0007   0.0000  -0.0013   0.0237    0.266
   107  -4.0000   1.5478   0.5007   0.1338  -0.0257   0.1074   0.0864  -0.0010   0.0000  -0.0002   0.0249    0.252
   108  -4.0000   1.4469   0.4362   0.1260  -0.0227   0.1083   0.0871  -0.0012   0.0000   0.0010   0.0240    0.239
   109  -4.0000   1.3565   0.3512   0.1088  -0.0202   0.0997   0.0802  -0.0012   0.0000   0.0021   0.0211    0.223
   110  -4.0000   1.2827   0.2548   0.0839  -0.0180   0.0813   0.0654  -0.0010   0.0000   0.0030   0.0161    0.205
   111  -4.0000   1.2304   0.1537   0.0530  -0.0163   0.0535   0.0430  -0.0006   0.0000   0.0028   0.0098    0.185
   112  -4.0000   1.2034   0.0513   0.0181  -0.0152   0.0187   0.0151  -0.0002   0.0000   0.0012   0.0032    0.169
 ---------------------------------------------------------------
