 ---------------------------------------------------------------
 Surface and Strip Forces by surface

  Forces referred to Sref, Cref, Bref about Xref, Yref, Zref
 Standard axis orientation,  X fwd, Z down         

  Surface # 1     FrontWing                               
     # Chordwise = 12   # Spanwise = 20     First strip =  1
     Surface area =   59.987980       Ave. chord =    2.999398
     CLsurf  =   0.62328     Clsurf  =  -0.13627
     CYsurf  =   0.00205     Cmsurf  =  -0.35722
     CDsurf  =   0.01824     Cnsurf  =  -0.01400
     CDisurf =   0.01824     CDvsurf =   0.00000

  Forces referred to Ssurf, Cave about hinge axis thru LE
     CLsurf  =   1.24266     CDsurf  =   0.03637
     Deflect =

 Strip Forces referred to Strip Area, Chord
    j      Yle    Chord     Area     c cl      ai      cl_norm  cl       cd       cdv    cm_c/4    cm_LE  C.P.x/c
     1   0.0299   3.7500   0.4480   4.5589   0.0755   1.2219   1.2219   0.0347   0.0000  -0.1394  -0.4433    0.364
     2   0.2681   3.7500   1.3330   4.5586   0.0754   1.2219   1.2219   0.0347   0.0000  -0.1394  -0.4433    0.364
     3   0.7386   3.7500   2.1851   4.5562   0.0759   1.2212   1.2212   0.0349   0.0000  -0.1394  -0.4431    0.364
     4   1.4299   3.7500   2.9835   4.5484   0.0782   1.2190   1.2190   0.0352   0.0000  -0.1395  -0.4427    0.364
     5   2.3249   3.7500   3.7084   4.5301   0.0780   1.2140   1.2140   0.0362   0.0000  -0.1397  -0.4417    0.365
     6   3.4016   3.7500   4.3420   4.4946  -0.0393   1.2041   1.2041   0.0389   0.0000  -0.1405  -0.4402    0.367
     7   4.6579   3.6729   4.9520   4.4311   0.0972   1.2213   1.2121   0.0382   0.0000  -0.1407  -0.4393    0.366
     8   6.0668   3.5078   5.1245   4.3318  -0.1361   1.2508   1.2414   0.0344   0.0000  -0.1397  -0.4454    0.363
     9   7.5707   3.3316   5.1225   4.2013   0.0330   1.2777   1.2681   0.0317   0.0000  -0.1396  -0.4517    0.360
    10   9.1324   3.1485   4.9633   4.0439   0.0410   1.3016   1.2918   0.0305   0.0000  -0.1395  -0.4575    0.358
    11  10.7137   2.9632   4.6712   3.8647   0.0442   1.3218   1.3119   0.0301   0.0000  -0.1394  -0.4623    0.356
    12  12.2755   2.7802   4.2748   3.6675   0.0472   1.3369   1.3269   0.0306   0.0000  -0.1391  -0.4657    0.355
    13  13.7793   2.6040   3.8041   3.4542   0.0519   1.3442   1.3340   0.0324   0.0000  -0.1385  -0.4669    0.354
    14  15.1883   2.4389   3.2882   3.2226   0.0596   1.3384   1.3284   0.0360   0.0000  -0.1372  -0.4643    0.353
    15  16.4675   2.2890   2.7522   2.9650   0.0721   1.3112   1.3013   0.0418   0.0000  -0.1347  -0.4554    0.353
    16  17.5856   2.1579   2.2161   2.6647   0.0915   1.2486   1.2392   0.0498   0.0000  -0.1298  -0.4355    0.355
    17  18.5151   2.0490   1.6929   2.2940   0.1200   1.1303   1.1218   0.0583   0.0000  -0.1204  -0.3976    0.357
    18  19.2329   1.9649   1.1890   1.8158   0.1590   0.9310   0.9240   0.0627   0.0000  -0.1035  -0.3322    0.362
    19  19.7216   1.9076   0.7042   1.1971   0.2091   0.6306   0.6258   0.0545   0.0000  -0.0754  -0.2307    0.370
    20  19.9689   1.8786   0.2331   0.4286   0.2686   0.2287   0.2270   0.0238   0.0000  -0.0305  -0.0869    0.384

  Surface # 2     FrontWing (YDUP)                        
     # Chordwise = 12   # Spanwise = 20     First strip = 21
     Surface area =   59.987980       Ave. chord =    2.999398
     CLsurf  =   0.62328     Clsurf  =   0.13627
     CYsurf  =  -0.00205     Cmsurf  =  -0.35722
     CDsurf  =   0.01824     Cnsurf  =   0.01400
     CDisurf =   0.01824     CDvsurf =   0.00000

  Forces referred to Ssurf, Cave about hinge axis thru LE
     CLsurf  =   1.24266     CDsurf  =   0.03637
     Deflect =

 Strip Forces referred to Strip Area, Chord
    j      Yle    Chord     Area     c cl      ai      cl_norm  cl       cd       cdv    cm_c/4    cm_LE  C.P.x/c
    21  -0.0299   3.7500   0.4480   4.5589   0.0755   1.2219   1.2219   0.0347   0.0000  -0.1394   0.4433    0.364
    22  -0.2681   3.7500   1.3330   4.5586   0.0754   1.2219   1.2219   0.0347   0.0000  -0.1394   0.4433    0.364
    23  -0.7386   3.7500   2.1851   4.5562   0.0759   1.2212   1.2212   0.0349   0.0000  -0.1394   0.4431    0.364
    24  -1.4299   3.7500   2.9835   4.5484   0.0782   1.2190   1.2190   0.0352   0.0000  -0.1395   0.4427    0.364
    25  -2.3249   3.7500   3.7084   4.5301   0.0780   1.2140   1.2140   0.0362   0.0000  -0.1397   0.4417    0.365
    26  -3.4016   3.7500   4.3420   4.4946  -0.0393   1.2041   1.2041   0.0389   0.0000  -0.1405   0.4402    0.367
    27  -4.6579   3.6729   4.9520   4.4311   0.0972   1.2213   1.2121   0.0382   0.0000  -0.1407   0.4393    0.366
    28  -6.0668   3.5078   5.1245   4.3318  -0.1361   1.2508   1.2414   0.0344   0.0000  -0.1397   0.4454    0.363
    29  -7.5707   3.3316   5.1225   4.2013   0.0330   1.2777   1.2681   0.0317   0.0000  -0.1396   0.4517    0.360
    30  -9.1324   3.1485   4.9633   4.0439   0.0410   1.3016   1.2918   0.0305   0.0000  -0.1395   0.4575    0.358
    31 -10.7137   2.9632   4.6712   3.8647   0.0442   1.3218   1.3119   0.0301   0.0000  -0.1394   0.4623    0.356
    32 -12.2755   2.7802   4.2748   3.6675   0.0472   1.3369   1.3269   0.0306   0.0000  -0.1391   0.4657    0.355
    33 -13.7793   2.6040   3.8041   3.4542   0.0519   1.3442   1.3340   0.0324   0.0000  -0.1385   0.4669    0.354
    34 -15.1883   2.4389   3.2882   3.2226   0.0596   1.3384   1.3284   0.0360   0.0000  -0.1372   0.4643    0.353
    35 -16.4675   2.2890   2.7522   2.9650   0.0721   1.3112   1.3013   0.0418   0.0000  -0.1347   0.4554    0.353
    36 -17.5856   2.1579   2.2161   2.6647   0.0915   1.2486   1.2392   0.0498   0.0000  -0.1298   0.4355    0.355
    37 -18.5151   2.0490   1.6929   2.2940   0.1200   1.1303   1.1218   0.0583   0.0000  -0.1204   0.3976    0.357
    38 -19.2329   1.9649   1.1890   1.8158   0.1590   0.9310   0.9240   0.0627   0.0000  -0.1035   0.3322    0.362
    39 -19.7216   1.9076   0.7042   1.1971   0.2091   0.6306   0.6258   0.0545   0.0000  -0.0754   0.2307    0.370
    40 -19.9689   1.8786   0.2331   0.4286   0.2686   0.2287   0.2270   0.0238   0.0000  -0.0305   0.0869    0.384

  Surface # 3     Second Wing2                            
     # Chordwise = 12   # Spanwise = 24     First strip = 41
     Surface area =   12.000000       Ave. chord =    2.000000
     CLsurf  =   0.02672     Clsurf  =  -0.00180
     CYsurf  =   0.00000     Cmsurf  =  -0.09259
     CDsurf  =   0.00234     Cnsurf  =  -0.00008
     CDisurf =   0.00234     CDvsurf =   0.00000

  Forces referred to Ssurf, Cave about hinge axis thru LE
     CLsurf  =   0.26627     CDsurf  =   0.02332
     Deflect =

 Strip Forces referred to Strip Area, Chord
    j      Yle    Chord     Area     c cl      ai      cl_norm  cl       cd       cdv    cm_c/4    cm_LE  C.P.x/c
    41   0.0064   2.0000   0.0513   0.6149   0.0755   0.3067   0.3067   0.0265   0.0000  -0.0017  -0.0786    0.256
    42   0.0576   2.0000   0.1531   0.6149   0.0757   0.3067   0.3067   0.0265   0.0000  -0.0017  -0.0786    0.256
    43   0.1592   2.0000   0.2523   0.6149   0.0748   0.3067   0.3067   0.0265   0.0000  -0.0017  -0.0786    0.256
    44   0.3094   2.0000   0.3471   0.6148   0.0759   0.3066   0.3066   0.0265   0.0000  -0.0017  -0.0786    0.256
    45   0.5056   2.0000   0.4360   0.6146   0.0691   0.3065   0.3065   0.0264   0.0000  -0.0017  -0.0785    0.256
    46   0.7445   2.0000   0.5175   0.6142   0.0760   0.3063   0.3063   0.0264   0.0000  -0.0017  -0.0785    0.255
    47   1.0220   2.0000   0.5901   0.6135   0.0929   0.3060   0.3060   0.0264   0.0000  -0.0017  -0.0783    0.255
    48   1.3333   2.0000   0.6526   0.6125   0.0752   0.3055   0.3055   0.0264   0.0000  -0.0016  -0.0782    0.255
    49   1.6731   2.0000   0.7039   0.6111   0.0835   0.3048   0.3048   0.0263   0.0000  -0.0015  -0.0779    0.255
    50   2.0357   2.0000   0.7432   0.6092   0.0708   0.3038   0.3038   0.0262   0.0000  -0.0014  -0.0775    0.254
    51   2.4147   2.0000   0.7698   0.6066   0.0822   0.3025   0.3025   0.0261   0.0000  -0.0011  -0.0769    0.254
    52   2.8038   2.0000   0.7832   0.6027   0.1552   0.3006   0.3006   0.0258   0.0000  -0.0007  -0.0761    0.252
    53   3.1962   2.0000   0.7832   0.5954   0.0802   0.2970   0.2970   0.0254   0.0000  -0.0002  -0.0746    0.251
    54   3.5853   2.0000   0.7698   0.5797   0.0933   0.2891   0.2891   0.0248   0.0000   0.0005  -0.0719    0.248
    55   3.9643   2.0000   0.7432   0.5495   0.2099   0.2740   0.2740   0.0239   0.0000   0.0012  -0.0675    0.246
    56   4.3269   2.0000   0.7039   0.5131   0.0838   0.2558   0.2558   0.0227   0.0000   0.0021  -0.0620    0.242
    57   4.6667   2.0000   0.6526   0.4785   0.1000   0.2385   0.2385   0.0213   0.0000   0.0033  -0.0565    0.236
    58   4.9780   2.0000   0.5901   0.4368   0.1182   0.2177   0.2177   0.0197   0.0000   0.0043  -0.0503    0.230
    59   5.2555   2.0000   0.5175   0.3826   0.1843   0.1906   0.1906   0.0179   0.0000   0.0046  -0.0432    0.226
    60   5.4944   2.0000   0.4360   0.3202   0.0432   0.1594   0.1594   0.0156   0.0000   0.0046  -0.0355    0.221
    61   5.6906   2.0000   0.3471   0.2547   0.0772   0.1268   0.1268   0.0128   0.0000   0.0045  -0.0274    0.215
    62   5.8408   2.0000   0.2523   0.1862   0.0894   0.0926   0.0926   0.0096   0.0000   0.0040  -0.0193    0.207
    63   5.9424   2.0000   0.1531   0.1139   0.0970   0.0566   0.0566   0.0061   0.0000   0.0029  -0.0114    0.199
    64   5.9936   2.0000   0.0513   0.0384   0.1010   0.0191   0.0191   0.0021   0.0000   0.0011  -0.0037    0.194

  Surface # 4     Second Wing2 (YDUP)                     
     # Chordwise = 12   # Spanwise = 24     First strip = 65
     Surface area =   12.000000       Ave. chord =    2.000000
     CLsurf  =   0.02672     Clsurf  =   0.00180
     CYsurf  =   0.00000     Cmsurf  =  -0.09259
     CDsurf  =   0.00234     Cnsurf  =   0.00008
     CDisurf =   0.00234     CDvsurf =   0.00000

  Forces referred to Ssurf, Cave about hinge axis thru LE
     CLsurf  =   0.26627     CDsurf  =   0.02332
     Deflect =

 Strip Forces referred to Strip Area, Chord
    j      Yle    Chord     Area     c cl      ai      cl_norm  cl       cd       cdv    cm_c/4    cm_LE  C.P.x/c
    65  -0.0064   2.0000   0.0513   0.6149   0.0755   0.3067   0.3067   0.0265   0.0000  -0.0017   0.0786    0.256
    66  -0.0576   2.0000   0.1531   0.6149   0.0757   0.3067   0.3067   0.0265   0.0000  -0.0017   0.0786    0.256
    67  -0.1592   2.0000   0.2523   0.6149   0.0748   0.3067   0.3067   0.0265   0.0000  -0.0017   0.0786    0.256
    68  -0.3094   2.0000   0.3471   0.6148   0.0759   0.3066   0.3066   0.0265   0.0000  -0.0017   0.0786    0.256
    69  -0.5056   2.0000   0.4360   0.6146   0.0691   0.3065   0.3065   0.0264   0.0000  -0.0017   0.0785    0.256
    70  -0.7445   2.0000   0.5175   0.6142   0.0760   0.3063   0.3063   0.0264   0.0000  -0.0017   0.0785    0.255
    71  -1.0220   2.0000   0.5901   0.6135   0.0929   0.3060   0.3060   0.0264   0.0000  -0.0017   0.0783    0.255
    72  -1.3333   2.0000   0.6526   0.6125   0.0752   0.3055   0.3055   0.0264   0.0000  -0.0016   0.0782    0.255
    73  -1.6731   2.0000   0.7039   0.6111   0.0835   0.3048   0.3048   0.0263   0.0000  -0.0015   0.0779    0.255
    74  -2.0357   2.0000   0.7432   0.6092   0.0708   0.3038   0.3038   0.0262   0.0000  -0.0014   0.0775    0.254
    75  -2.4147   2.0000   0.7698   0.6066   0.0822   0.3025   0.3025   0.0261   0.0000  -0.0011   0.0769    0.254
    76  -2.8038   2.0000   0.7832   0.6027   0.1552   0.3006   0.3006   0.0258   0.0000  -0.0007   0.0761    0.252
    77  -3.1962   2.0000   0.7832   0.5954   0.0802   0.2970   0.2970   0.0254   0.0000  -0.0002   0.0746    0.251
    78  -3.5853   2.0000   0.7698   0.5797   0.0933   0.2891   0.2891   0.0248   0.0000   0.0005   0.0719    0.248
    79  -3.9643   2.0000   0.7432   0.5495   0.2099   0.2740   0.2740   0.0239   0.0000   0.0012   0.0675    0.246
    80  -4.3269   2.0000   0.7039   0.5131   0.0838   0.2558   0.2558   0.0227   0.0000   0.0021   0.0620    0.242
    81  -4.6667   2.0000   0.6526   0.4785   0.1000   0.2385   0.2385   0.0213   0.0000   0.0033   0.0565    0.236
    82  -4.9780   2.0000   0.5901   0.4368   0.1182   0.2177   0.2177   0.0197   0.0000   0.0043   0.0503    0.230
    83  -5.2555   2.0000   0.5175   0.3826   0.1843   0.1906   0.1906   0.0179   0.0000   0.0046   0.0432    0.226
    84  -5.4944   2.0000   0.4360   0.3202   0.0432   0.1594   0.1594   0.0156   0.0000   0.0046   0.0355    0.221
    85  -5.6906   2.0000   0.3471   0.2547   0.0772   0.1268   0.1268   0.0128   0.0000   0.0045   0.0274    0.215
    86  -5.8408   2.0000   0.2523   0.1862   0.0894   0.0926   0.0926   0.0096   0.0000   0.0040   0.0193    0.207
    87  -5.9424   2.0000   0.1531   0.1139   0.0970   0.0566   0.0566   0.0061   0.0000   0.0029   0.0114    0.199
    88  -5.9936   2.0000   0.0513   0.0384   0.1010   0.0191   0.0191   0.0021   0.0000   0.0011   0.0037    0.194

  Surface # 5     Fin                                     
     # Chordwise = 12   # Spanwise = 12     First strip = 89
     Surface area =    4.000000       Ave. chord =    1.600000
     CLsurf  =   0.00000     Clsurf  =  -0.00003
     CYsurf  =  -0.00111     Cmsurf  =  -0.00001
     CDsurf  =  -0.00001     Cnsurf  =   0.00030
     CDisurf =  -0.00001     CDvsurf =   0.00000

  Forces referred to Ssurf, Cave about hinge axis thru LE
     CLsurf  =   0.03314     CDsurf  =  -0.00019
     Deflect =

 Strip Forces referred to Strip Area, Chord
    j      Yle    Chord     Area     c cl      ai      cl_norm  cl       cd       cdv    cm_c/4    cm_LE  C.P.x/c
    89   4.0000   1.9966   0.0850   0.0050  -0.4811   0.0029   0.0025   0.0000   0.0000  -0.0002  -0.0009    0.341
    90   4.0000   1.9696   0.2459   0.0161  -0.0694   0.0094   0.0082  -0.0000   0.0000  -0.0007  -0.0028    0.338
    91   4.0000   1.9173   0.3809   0.0300  -0.0387   0.0180   0.0157  -0.0000   0.0000  -0.0012  -0.0053    0.327
    92   4.0000   1.8435   0.4773   0.0453  -0.0273   0.0283   0.0246  -0.0000   0.0000  -0.0014  -0.0079    0.308
    93   4.0000   1.7531   0.5285   0.0590  -0.0214   0.0387   0.0337  -0.0001   0.0000  -0.0012  -0.0101    0.286
    94   4.0000   1.6522   0.5345   0.0683  -0.0177   0.0475   0.0414  -0.0002   0.0000  -0.0007  -0.0117    0.267
    95   4.0000   1.5478   0.5007   0.0716  -0.0152   0.0532   0.0462  -0.0003   0.0000  -0.0000  -0.0124    0.251
    96   4.0000   1.4469   0.4362   0.0686  -0.0132   0.0545   0.0474  -0.0004   0.0000   0.0007  -0.0121    0.236
    97   4.0000   1.3565   0.3512   0.0599  -0.0116   0.0508   0.0442  -0.0004   0.0000   0.0013  -0.0106    0.220
    98   4.0000   1.2827   0.2548   0.0466  -0.0103   0.0418   0.0363  -0.0003   0.0000   0.0018  -0.0081    0.201
    99   4.0000   1.2304   0.1537   0.0296  -0.0093   0.0276   0.0240  -0.0002   0.0000   0.0017  -0.0049    0.181
   100   4.0000   1.2034   0.0513   0.0102  -0.0087   0.0097   0.0084  -0.0001   0.0000   0.0007  -0.0016    0.165

  Surface # 6     Fin (YDUP)                              
     # Chordwise = 12   # Spanwise = 12     First strip =101
     Surface area =    4.000000       Ave. chord =    1.600000
     CLsurf  =   0.00000     Clsurf  =   0.00003
     CYsurf  =   0.00111     Cmsurf  =  -0.00001
     CDsurf  =  -0.00001     Cnsurf  =  -0.00030
     CDisurf =  -0.00001     CDvsurf =   0.00000

  Forces referred to Ssurf, Cave about hinge axis thru LE
     CLsurf  =   0.03314     CDsurf  =  -0.00019
     Deflect =

 Strip Forces referred to Strip Area, Chord
    j      Yle    Chord     Area     c cl      ai      cl_norm  cl       cd       cdv    cm_c/4    cm_LE  C.P.x/c
   101  -4.0000   1.9966   0.0850   0.0050  -0.4811   0.0029   0.0025   0.0000   0.0000  -0.0002   0.0009    0.341
   102  -4.0000   1.9696   0.2459   0.0161  -0.0694   0.0094   0.0082  -0.0000   0.0000  -0.0007   0.0028    0.338
   103  -4.0000   1.9173   0.3809   0.0300  -0.0387   0.0180   0.0157  -0.0000   0.0000  -0.0012   0.0053    0.327
   104  -4.0000   1.8435   0.4773   0.0453  -0.0273   0.0283   0.0246  -0.0000   0.0000  -0.0014   0.0079    0.308
   105  -4.0000   1.7531   0.5285   0.0590  -0.0214   0.0387   0.0337  -0.0001   0.0000  -0.0012   0.0101    0.286
   106  -4.0000   1.6522   0.5345   0.0683  -0.0177   0.0475   0.0414  -0.0002   0.0000  -0.0007   0.0117    0.267
   107  -4.0000   1.5478   0.5007   0.0716  -0.0152   0.0532   0.0462  -0.0003   0.0000  -0.0000   0.0124    0.251
   108  -4.0000   1.4469   0.4362   0.0686  -0.0132   0.0545   0.0474  -0.0004   0.0000   0.0007   0.0121    0.236
   109  -4.0000   1.3565   0.3512   0.0599  -0.0116   0.0508   0.0442  -0.0004   0.0000   0.0013   0.0106    0.220
   110  -4.0000   1.2827   0.2548   0.0466  -0.0103   0.0418   0.0363  -0.0003   0.0000   0.0018   0.0081    0.201
   111  -4.0000   1.2304   0.1537   0.0296  -0.0093   0.0276   0.0240  -0.0002   0.0000   0.0017   0.0049    0.181
   112  -4.0000   1.2034   0.0513   0.0102  -0.0087   0.0097   0.0084  -0.0001   0.0000   0.0007   0.0016    0.165
 ---------------------------------------------------------------
