 ---------------------------------------------------------------
 Surface and Strip Forces by surface

  Forces referred to Sref, Cref, Bref about Xref, Yref, Zref
 Standard axis orientation,  X fwd, Z down         

  Surface # 1     FrontWing                               
     # Chordwise = 12   # Spanwise = 20     First strip =  1
     Surface area =   59.987980       Ave. chord =    2.999398
     CLsurf  =   0.66833     Clsurf  =  -0.14566
     CYsurf  =   0.00231     Cmsurf  =  -0.37671
     CDsurf  =   0.02085     Cnsurf  =  -0.01727
     CDisurf =   0.02085     CDvsurf =   0.00000

  Forces referred to Ssurf, Cave about hinge axis thru LE
     CLsurf  =   1.33247     CDsurf  =   0.04157
     Deflect =

 Strip Forces referred to Strip Area, Chord
    j      Yle    Chord     Area     c cl      ai      cl_norm  cl       cd       cdv    cm_c/4    cm_LE  C.P.x/c
     1   0.0299   3.7500   0.4480   4.8915   0.0839   1.3133   1.3133   0.0401   0.0000  -0.1386  -0.4647    0.356
     2   0.2681   3.7500   1.3330   4.8911   0.0838   1.3132   1.3132   0.0401   0.0000  -0.1386  -0.4647    0.356
     3   0.7386   3.7500   2.1851   4.8885   0.0844   1.3125   1.3125   0.0402   0.0000  -0.1386  -0.4645    0.356
     4   1.4299   3.7500   2.9835   4.8800   0.0874   1.3101   1.3101   0.0407   0.0000  -0.1387  -0.4640    0.356
     5   2.3249   3.7500   3.7084   4.8600   0.0864   1.3045   1.3045   0.0419   0.0000  -0.1389  -0.4629    0.357
     6   3.4016   3.7500   4.3420   4.8213  -0.0571   1.2936   1.2936   0.0451   0.0000  -0.1399  -0.4613    0.358
     7   4.6579   3.6729   4.9520   4.7521   0.1089   1.3118   1.3020   0.0442   0.0000  -0.1401  -0.4604    0.358
     8   6.0668   3.5078   5.1245   4.6442  -0.1678   1.3432   1.3332   0.0397   0.0000  -0.1390  -0.4668    0.354
     9   7.5707   3.3316   5.1225   4.5023   0.0334   1.3717   1.3614   0.0364   0.0000  -0.1388  -0.4734    0.352
    10   9.1324   3.1485   4.9633   4.3313   0.0430   1.3966   1.3861   0.0349   0.0000  -0.1387  -0.4793    0.350
    11  10.7137   2.9632   4.6712   4.1366   0.0467   1.4174   1.4068   0.0344   0.0000  -0.1386  -0.4843    0.349
    12  12.2755   2.7802   4.2748   3.9227   0.0501   1.4326   1.4219   0.0348   0.0000  -0.1383  -0.4877    0.347
    13  13.7793   2.6040   3.8041   3.6915   0.0551   1.4391   1.4284   0.0367   0.0000  -0.1376  -0.4886    0.346
    14  15.1883   2.4389   3.2882   3.4410   0.0633   1.4317   1.4209   0.0407   0.0000  -0.1362  -0.4856    0.346
    15  16.4675   2.2890   2.7522   3.1631   0.0765   1.4011   1.3906   0.0472   0.0000  -0.1335  -0.4757    0.346
    16  17.5856   2.1579   2.2161   2.8399   0.0971   1.3326   1.3226   0.0560   0.0000  -0.1283  -0.4542    0.347
    17  18.5151   2.0490   1.6929   2.4419   0.1273   1.2045   1.1955   0.0655   0.0000  -0.1185  -0.4136    0.349
    18  19.2329   1.9649   1.1890   1.9298   0.1680   0.9902   0.9828   0.0702   0.0000  -0.1009  -0.3441    0.353
    19  19.7216   1.9076   0.7042   1.2697   0.2198   0.6690   0.6640   0.0609   0.0000  -0.0727  -0.2374    0.359
    20  19.9689   1.8786   0.2331   0.4535   0.2802   0.2420   0.2401   0.0266   0.0000  -0.0292  -0.0890    0.372

  Surface # 2     FrontWing (YDUP)                        
     # Chordwise = 12   # Spanwise = 20     First strip = 21
     Surface area =   59.987980       Ave. chord =    2.999398
     CLsurf  =   0.66833     Clsurf  =   0.14566
     CYsurf  =  -0.00231     Cmsurf  =  -0.37671
     CDsurf  =   0.02085     Cnsurf  =   0.01727
     CDisurf =   0.02085     CDvsurf =   0.00000

  Forces referred to Ssurf, Cave about hinge axis thru LE
     CLsurf  =   1.33247     CDsurf  =   0.04157
     Deflect =

 Strip Forces referred to Strip Area, Chord
    j      Yle    Chord     Area     c cl      ai      cl_norm  cl       cd       cdv    cm_c/4    cm_LE  C.P.x/c
    21  -0.0299   3.7500   0.4480   4.8915   0.0839   1.3133   1.3133   0.0401   0.0000  -0.1386   0.4647    0.356
    22  -0.2681   3.7500   1.3330   4.8911   0.0838   1.3132   1.3132   0.0401   0.0000  -0.1386   0.4647    0.356
    23  -0.7386   3.7500   2.1851   4.8885   0.0844   1.3125   1.3125   0.0402   0.0000  -0.1386   0.4645    0.356
    24  -1.4299   3.7500   2.9835   4.8800   0.0874   1.3101   1.3101   0.0407   0.0000  -0.1387   0.4640    0.356
    25  -2.3249   3.7500   3.7084   4.8600   0.0864   1.3045   1.3045   0.0419   0.0000  -0.1389   0.4629    0.357
    26  -3.4016   3.7500   4.3420   4.8213  -0.0570   1.2936   1.2936   0.0451   0.0000  -0.1399   0.4613    0.358
    27  -4.6579   3.6729   4.9520   4.7521   0.1089   1.3118   1.3020   0.0442   0.0000  -0.1401   0.4604    0.358
    28  -6.0668   3.5078   5.1245   4.6442  -0.1678   1.3432   1.3332   0.0397   0.0000  -0.1390   0.4668    0.354
    29  -7.5707   3.3316   5.1225   4.5023   0.0334   1.3717   1.3614   0.0364   0.0000  -0.1388   0.4734    0.352
    30  -9.1324   3.1485   4.9633   4.3313   0.0430   1.3966   1.3861   0.0349   0.0000  -0.1387   0.4793    0.350
    31 -10.7137   2.9632   4.6712   4.1366   0.0467   1.4174   1.4068   0.0344   0.0000  -0.1386   0.4843    0.349
    32 -12.2755   2.7802   4.2748   3.9227   0.0501   1.4326   1.4219   0.0348   0.0000  -0.1383   0.4877    0.347
    33 -13.7793   2.6040   3.8041   3.6915   0.0551   1.4391   1.4284   0.0367   0.0000  -0.1376   0.4886    0.346
    34 -15.1883   2.4389   3.2882   3.4410   0.0633   1.4317   1.4209   0.0407   0.0000  -0.1362   0.4856    0.346
    35 -16.4675   2.2890   2.7522   3.1631   0.0765   1.4011   1.3906   0.0472   0.0000  -0.1335   0.4757    0.346
    36 -17.5856   2.1579   2.2161   2.8399   0.0971   1.3326   1.3226   0.0560   0.0000  -0.1283   0.4542    0.347
    37 -18.5151   2.0490   1.6929   2.4419   0.1273   1.2045   1.1955   0.0655   0.0000  -0.1185   0.4136    0.349
    38 -19.2329   1.9649   1.1890   1.9298   0.1680   0.9902   0.9828   0.0702   0.0000  -0.1009   0.3441    0.353
    39 -19.7216   1.9076   0.7042   1.2697   0.2198   0.6690   0.6640   0.0609   0.0000  -0.0727   0.2374    0.359
    40 -19.9689   1.8786   0.2331   0.4535   0.2802   0.2420   0.2401   0.0266   0.0000  -0.0292   0.0890    0.372

  Surface # 3     Second Wing2                            
     # Chordwise = 12   # Spanwise = 24     First strip = 41
     Surface area =   12.000000       Ave. chord =    2.000000
     CLsurf  =   0.03167     Clsurf  =  -0.00213
     CYsurf  =  -0.00000     Cmsurf  =  -0.10976
     CDsurf  =   0.00304     Cnsurf  =  -0.00011
     CDisurf =   0.00304     CDvsurf =   0.00000

  Forces referred to Ssurf, Cave about hinge axis thru LE
     CLsurf  =   0.31561     CDsurf  =   0.03027
     Deflect =

 Strip Forces referred to Strip Area, Chord
    j      Yle    Chord     Area     c cl      ai      cl_norm  cl       cd       cdv    cm_c/4    cm_LE  C.P.x/c
    41   0.0064   2.0000   0.0513   0.7311   0.0840   0.3645   0.3645   0.0343   0.0000  -0.0017  -0.0931    0.255
    42   0.0576   2.0000   0.1531   0.7311   0.0842   0.3645   0.3645   0.0343   0.0000  -0.0017  -0.0931    0.255
    43   0.1592   2.0000   0.2523   0.7311   0.0832   0.3645   0.3645   0.0343   0.0000  -0.0017  -0.0931    0.255
    44   0.3094   2.0000   0.3471   0.7310   0.0844   0.3645   0.3645   0.0343   0.0000  -0.0017  -0.0931    0.255
    45   0.5056   2.0000   0.4360   0.7307   0.0770   0.3643   0.3643   0.0343   0.0000  -0.0017  -0.0930    0.255
    46   0.7445   2.0000   0.5175   0.7301   0.0845   0.3640   0.3640   0.0343   0.0000  -0.0017  -0.0929    0.255
    47   1.0220   2.0000   0.5901   0.7292   0.1031   0.3636   0.3636   0.0343   0.0000  -0.0016  -0.0928    0.254
    48   1.3333   2.0000   0.6526   0.7278   0.0837   0.3629   0.3629   0.0342   0.0000  -0.0016  -0.0925    0.254
    49   1.6731   2.0000   0.7039   0.7259   0.0929   0.3619   0.3619   0.0341   0.0000  -0.0015  -0.0922    0.254
    50   2.0357   2.0000   0.7432   0.7232   0.0789   0.3606   0.3606   0.0340   0.0000  -0.0013  -0.0917    0.254
    51   2.4147   2.0000   0.7698   0.7195   0.0915   0.3588   0.3588   0.0338   0.0000  -0.0010  -0.0909    0.253
    52   2.8038   2.0000   0.7832   0.7142   0.1714   0.3561   0.3561   0.0335   0.0000  -0.0006  -0.0898    0.252
    53   3.1962   2.0000   0.7832   0.7049   0.0894   0.3515   0.3515   0.0329   0.0000   0.0001  -0.0880    0.250
    54   3.5853   2.0000   0.7698   0.6858   0.1036   0.3419   0.3419   0.0322   0.0000   0.0009  -0.0849    0.247
    55   3.9643   2.0000   0.7432   0.6500   0.2293   0.3240   0.3240   0.0310   0.0000   0.0017  -0.0795    0.245
    56   4.3269   2.0000   0.7039   0.6068   0.0947   0.3024   0.3024   0.0295   0.0000   0.0028  -0.0730    0.241
    57   4.6667   2.0000   0.6526   0.5655   0.1122   0.2818   0.2818   0.0276   0.0000   0.0042  -0.0665    0.235
    58   4.9780   2.0000   0.5901   0.5161   0.1321   0.2572   0.2572   0.0256   0.0000   0.0053  -0.0592    0.230
    59   5.2555   2.0000   0.5175   0.4526   0.2045   0.2254   0.2254   0.0233   0.0000   0.0057  -0.0509    0.225
    60   5.4944   2.0000   0.4360   0.3795   0.0510   0.1888   0.1888   0.0204   0.0000   0.0057  -0.0417    0.220
    61   5.6906   2.0000   0.3471   0.3022   0.0883   0.1503   0.1503   0.0168   0.0000   0.0056  -0.0322    0.213
    62   5.8408   2.0000   0.2523   0.2210   0.1018   0.1098   0.1098   0.0127   0.0000   0.0050  -0.0227    0.205
    63   5.9424   2.0000   0.1531   0.1351   0.1102   0.0671   0.0671   0.0080   0.0000   0.0035  -0.0133    0.197
    64   5.9936   2.0000   0.0513   0.0455   0.1146   0.0226   0.0226   0.0028   0.0000   0.0013  -0.0044    0.192

  Surface # 4     Second Wing2 (YDUP)                     
     # Chordwise = 12   # Spanwise = 24     First strip = 65
     Surface area =   12.000000       Ave. chord =    2.000000
     CLsurf  =   0.03167     Clsurf  =   0.00213
     CYsurf  =  -0.00000     Cmsurf  =  -0.10976
     CDsurf  =   0.00304     Cnsurf  =   0.00011
     CDisurf =   0.00304     CDvsurf =   0.00000

  Forces referred to Ssurf, Cave about hinge axis thru LE
     CLsurf  =   0.31561     CDsurf  =   0.03027
     Deflect =

 Strip Forces referred to Strip Area, Chord
    j      Yle    Chord     Area     c cl      ai      cl_norm  cl       cd       cdv    cm_c/4    cm_LE  C.P.x/c
    65  -0.0064   2.0000   0.0513   0.7311   0.0840   0.3645   0.3645   0.0343   0.0000  -0.0017   0.0931    0.255
    66  -0.0576   2.0000   0.1531   0.7311   0.0842   0.3645   0.3645   0.0343   0.0000  -0.0017   0.0931    0.255
    67  -0.1592   2.0000   0.2523   0.7311   0.0832   0.3645   0.3645   0.0343   0.0000  -0.0017   0.0931    0.255
    68  -0.3094   2.0000   0.3471   0.7310   0.0844   0.3645   0.3645   0.0343   0.0000  -0.0017   0.0931    0.255
    69  -0.5056   2.0000   0.4360   0.7307   0.0770   0.3643   0.3643   0.0343   0.0000  -0.0017   0.0930    0.255
    70  -0.7445   2.0000   0.5175   0.7301   0.0845   0.3640   0.3640   0.0343   0.0000  -0.0017   0.0929    0.255
    71  -1.0220   2.0000   0.5901   0.7292   0.1031   0.3636   0.3636   0.0343   0.0000  -0.0016   0.0928    0.254
    72  -1.3333   2.0000   0.6526   0.7278   0.0837   0.3629   0.3629   0.0342   0.0000  -0.0016   0.0925    0.254
    73  -1.6731   2.0000   0.7039   0.7259   0.0929   0.3619   0.3619   0.0341   0.0000  -0.0015   0.0922    0.254
    74  -2.0357   2.0000   0.7432   0.7232   0.0789   0.3606   0.3606   0.0340   0.0000  -0.0013   0.0917    0.254
    75  -2.4147   2.0000   0.7698   0.7195   0.0915   0.3588   0.3588   0.0338   0.0000  -0.0010   0.0909    0.253
    76  -2.8038   2.0000   0.7832   0.7142   0.1714   0.3561   0.3561   0.0335   0.0000  -0.0006   0.0898    0.252
    77  -3.1962   2.0000   0.7832   0.7049   0.0894   0.3515   0.3515   0.0329   0.0000   0.0001   0.0880    0.250
    78  -3.5853   2.0000   0.7698   0.6858   0.1036   0.3419   0.3419   0.0322   0.0000   0.0009   0.0849    0.247
    79  -3.9643   2.0000   0.7432   0.6500   0.2293   0.3240   0.3240   0.0310   0.0000   0.0017   0.0795    0.245
    80  -4.3269   2.0000   0.7039   0.6068   0.0947   0.3024   0.3024   0.0295   0.0000   0.0028   0.0730    0.241
    81  -4.6667   2.0000   0.6526   0.5655   0.1122   0.2818   0.2818   0.0276   0.0000   0.0042   0.0665    0.235
    82  -4.9780   2.0000   0.5901   0.5161   0.1321   0.2572   0.2572   0.0256   0.0000   0.0053   0.0592    0.230
    83  -5.2555   2.0000   0.5175   0.4526   0.2045   0.2254   0.2254   0.0233   0.0000   0.0057   0.0509    0.225
    84  -5.4944   2.0000   0.4360   0.3795   0.0510   0.1888   0.1888   0.0204   0.0000   0.0057   0.0417    0.220
    85  -5.6906   2.0000   0.3471   0.3022   0.0883   0.1503   0.1503   0.0168   0.0000   0.0056   0.0322    0.213
    86  -5.8408   2.0000   0.2523   0.2210   0.1018   0.1098   0.1098   0.0127   0.0000   0.0050   0.0227    0.205
    87  -5.9424   2.0000   0.1531   0.1351   0.1102   0.0671   0.0671   0.0080   0.0000   0.0035   0.0133    0.197
    88  -5.9936   2.0000   0.0513   0.0455   0.1146   0.0226   0.0226   0.0028   0.0000   0.0013   0.0044    0.192

  Surface # 5     Fin                                     
     # Chordwise = 12   # Spanwise = 12     First strip = 89
     Surface area =    4.000000       Ave. chord =    1.600000
     CLsurf  =   0.00000     Clsurf  =  -0.00004
     CYsurf  =  -0.00130     Cmsurf  =  -0.00001
     CDsurf  =  -0.00001     Cnsurf  =   0.00035
     CDisurf =  -0.00001     CDvsurf =   0.00000

  Forces referred to Ssurf, Cave about hinge axis thru LE
     CLsurf  =   0.03890     CDsurf  =  -0.00026
     Deflect =

 Strip Forces referred to Strip Area, Chord
    j      Yle    Chord     Area     c cl      ai      cl_norm  cl       cd       cdv    cm_c/4    cm_LE  C.P.x/c
    89   4.0000   1.9966   0.0850   0.0059  -0.5251   0.0034   0.0029   0.0000   0.0000  -0.0003  -0.0010    0.340
    90   4.0000   1.9696   0.2459   0.0192  -0.0770   0.0114   0.0098  -0.0000   0.0000  -0.0008  -0.0034    0.336
    91   4.0000   1.9173   0.3809   0.0359  -0.0435   0.0218   0.0187  -0.0000   0.0000  -0.0014  -0.0063    0.324
    92   4.0000   1.8435   0.4773   0.0541  -0.0307   0.0342   0.0293  -0.0001   0.0000  -0.0017  -0.0094    0.306
    93   4.0000   1.7531   0.5285   0.0700  -0.0242   0.0465   0.0399  -0.0002   0.0000  -0.0014  -0.0121    0.285
    94   4.0000   1.6522   0.5345   0.0805  -0.0201   0.0568   0.0487  -0.0003   0.0000  -0.0008  -0.0139    0.267
    95   4.0000   1.5478   0.5007   0.0838  -0.0173   0.0631   0.0541  -0.0004   0.0000  -0.0001  -0.0147    0.251
    96   4.0000   1.4469   0.4362   0.0799  -0.0151   0.0644   0.0552  -0.0005   0.0000   0.0007  -0.0143    0.237
    97   4.0000   1.3565   0.3512   0.0696  -0.0133   0.0598   0.0513  -0.0005   0.0000   0.0015  -0.0126    0.221
    98   4.0000   1.2827   0.2548   0.0540  -0.0118   0.0490   0.0421  -0.0004   0.0000   0.0020  -0.0096    0.203
    99   4.0000   1.2304   0.1537   0.0342  -0.0107   0.0324   0.0278  -0.0003   0.0000   0.0019  -0.0058    0.182
   100   4.0000   1.2034   0.0513   0.0117  -0.0100   0.0114   0.0097  -0.0001   0.0000   0.0008  -0.0019    0.166

  Surface # 6     Fin (YDUP)                              
     # Chordwise = 12   # Spanwise = 12     First strip =101
     Surface area =    4.000000       Ave. chord =    1.600000
     CLsurf  =   0.00000     Clsurf  =   0.00004
     CYsurf  =   0.00130     Cmsurf  =  -0.00001
     CDsurf  =  -0.00001     Cnsurf  =  -0.00035
     CDisurf =  -0.00001     CDvsurf =   0.00000

  Forces referred to Ssurf, Cave about hinge axis thru LE
     CLsurf  =   0.03890     CDsurf  =  -0.00026
     Deflect =

 Strip Forces referred to Strip Area, Chord
    j      Yle    Chord     Area     c cl      ai      cl_norm  cl       cd       cdv    cm_c/4    cm_LE  C.P.x/c
   101  -4.0000   1.9966   0.0850   0.0059  -0.5251   0.0034   0.0029   0.0000   0.0000  -0.0003   0.0010    0.340
   102  -4.0000   1.9696   0.2459   0.0192  -0.0770   0.0114   0.0098  -0.0000   0.0000  -0.0008   0.0034    0.336
   103  -4.0000   1.9173   0.3809   0.0359  -0.0435   0.0218   0.0187  -0.0000   0.0000  -0.0014   0.0063    0.324
   104  -4.0000   1.8435   0.4773   0.0541  -0.0307   0.0342   0.0293  -0.0001   0.0000  -0.0017   0.0094    0.306
   105  -4.0000   1.7531   0.5285   0.0700  -0.0242   0.0465   0.0399  -0.0002   0.0000  -0.0014   0.0121    0.285
   106  -4.0000   1.6522   0.5345   0.0805  -0.0201   0.0568   0.0487  -0.0003   0.0000  -0.0008   0.0139    0.267
   107  -4.0000   1.5478   0.5007   0.0838  -0.0173   0.0631   0.0541  -0.0004   0.0000  -0.0001   0.0147    0.251
   108  -4.0000   1.4469   0.4362   0.0799  -0.0151   0.0644   0.0552  -0.0005   0.0000   0.0007   0.0143    0.237
   109  -4.0000   1.3565   0.3512   0.0696  -0.0133   0.0598   0.0513  -0.0005   0.0000   0.0015   0.0126    0.221
   110  -4.0000   1.2827   0.2548   0.0540  -0.0118   0.0490   0.0421  -0.0004   0.0000   0.0020   0.0096    0.203
   111  -4.0000   1.2304   0.1537   0.0342  -0.0107   0.0324   0.0278  -0.0003   0.0000   0.0019   0.0058    0.182
   112  -4.0000   1.2034   0.0513   0.0117  -0.0100   0.0114   0.0097  -0.0001   0.0000   0.0008   0.0019    0.166
 ---------------------------------------------------------------
