 ---------------------------------------------------------------
 Surface and Strip Forces by surface

  Forces referred to Sref, Cref, Bref about Xref, Yref, Zref
 Standard axis orientation,  X fwd, Z down         

  Surface # 1     FrontWing                               
     # Chordwise = 12   # Spanwise = 20     First strip =  1
     Surface area =   59.987980       Ave. chord =    2.999398
     CLsurf  =   0.57824     Clsurf  =  -0.12681
     CYsurf  =   0.00181     Cmsurf  =  -0.33754
     CDsurf  =   0.01580     Cnsurf  =  -0.01105
     CDisurf =   0.01580     CDvsurf =   0.00000

  Forces referred to Ssurf, Cave about hinge axis thru LE
     CLsurf  =   1.15286     CDsurf  =   0.03150
     Deflect =

 Strip Forces referred to Strip Area, Chord
    j      Yle    Chord     Area     c cl      ai      cl_norm  cl       cd       cdv    cm_c/4    cm_LE  C.P.x/c
     1   0.0299   3.7500   0.4480   4.2242   0.0671   1.1306   1.1306   0.0297   0.0000  -0.1401  -0.4217    0.374
     2   0.2681   3.7500   1.3330   4.2239   0.0670   1.1305   1.1305   0.0298   0.0000  -0.1401  -0.4217    0.374
     3   0.7386   3.7500   2.1851   4.2218   0.0674   1.1300   1.1300   0.0299   0.0000  -0.1401  -0.4215    0.374
     4   1.4299   3.7500   2.9835   4.2147   0.0690   1.1280   1.1280   0.0302   0.0000  -0.1401  -0.4211    0.374
     5   2.3249   3.7500   3.7084   4.1981   0.0697   1.1235   1.1235   0.0310   0.0000  -0.1403  -0.4202    0.375
     6   3.4016   3.7500   4.3420   4.1659  -0.0217   1.1146   1.1146   0.0332   0.0000  -0.1411  -0.4188    0.377
     7   4.6579   3.6729   4.9520   4.1080   0.0856   1.1308   1.1222   0.0326   0.0000  -0.1412  -0.4180    0.376
     8   6.0668   3.5078   5.1245   4.0174  -0.1046   1.1584   1.1496   0.0296   0.0000  -0.1404  -0.4238    0.372
     9   7.5707   3.3316   5.1225   3.8983   0.0325   1.1838   1.1748   0.0273   0.0000  -0.1403  -0.4298    0.369
    10   9.1324   3.1485   4.9633   3.7546   0.0390   1.2066   1.1975   0.0264   0.0000  -0.1402  -0.4354    0.367
    11  10.7137   2.9632   4.6712   3.5909   0.0416   1.2263   1.2170   0.0262   0.0000  -0.1401  -0.4401    0.365
    12  12.2755   2.7802   4.2748   3.4106   0.0444   1.2413   1.2320   0.0266   0.0000  -0.1399  -0.4435    0.364
    13  13.7793   2.6040   3.8041   3.2152   0.0487   1.2492   1.2398   0.0283   0.0000  -0.1393  -0.4449    0.362
    14  15.1883   2.4389   3.2882   3.0026   0.0559   1.2452   1.2358   0.0316   0.0000  -0.1381  -0.4428    0.362
    15  16.4675   2.2890   2.7522   2.7655   0.0676   1.2213   1.2121   0.0368   0.0000  -0.1357  -0.4348    0.362
    16  17.5856   2.1579   2.2161   2.4883   0.0859   1.1646   1.1558   0.0439   0.0000  -0.1311  -0.4165    0.363
    17  18.5151   2.0490   1.6929   2.1450   0.1128   1.0559   1.0479   0.0515   0.0000  -0.1223  -0.3814    0.367
    18  19.2329   1.9649   1.1890   1.7008   0.1499   0.8716   0.8650   0.0555   0.0000  -0.1060  -0.3202    0.373
    19  19.7216   1.9076   0.7042   1.1240   0.1985   0.5920   0.5875   0.0484   0.0000  -0.0780  -0.2238    0.383
    20  19.9689   1.8786   0.2331   0.4034   0.2570   0.2154   0.2137   0.0211   0.0000  -0.0318  -0.0849    0.399

  Surface # 2     FrontWing (YDUP)                        
     # Chordwise = 12   # Spanwise = 20     First strip = 21
     Surface area =   59.987980       Ave. chord =    2.999398
     CLsurf  =   0.57824     Clsurf  =   0.12681
     CYsurf  =  -0.00181     Cmsurf  =  -0.33754
     CDsurf  =   0.01580     Cnsurf  =   0.01105
     CDisurf =   0.01580     CDvsurf =   0.00000

  Forces referred to Ssurf, Cave about hinge axis thru LE
     CLsurf  =   1.15286     CDsurf  =   0.03150
     Deflect =

 Strip Forces referred to Strip Area, Chord
    j      Yle    Chord     Area     c cl      ai      cl_norm  cl       cd       cdv    cm_c/4    cm_LE  C.P.x/c
    21  -0.0299   3.7500   0.4480   4.2242   0.0671   1.1306   1.1306   0.0297   0.0000  -0.1401   0.4217    0.374
    22  -0.2681   3.7500   1.3330   4.2239   0.0670   1.1305   1.1305   0.0298   0.0000  -0.1401   0.4217    0.374
    23  -0.7386   3.7500   2.1851   4.2218   0.0674   1.1300   1.1300   0.0299   0.0000  -0.1401   0.4215    0.374
    24  -1.4299   3.7500   2.9835   4.2147   0.0690   1.1280   1.1280   0.0302   0.0000  -0.1401   0.4211    0.374
    25  -2.3249   3.7500   3.7084   4.1981   0.0697   1.1235   1.1235   0.0310   0.0000  -0.1403   0.4202    0.375
    26  -3.4016   3.7500   4.3420   4.1659  -0.0217   1.1146   1.1146   0.0332   0.0000  -0.1411   0.4188    0.377
    27  -4.6579   3.6729   4.9520   4.1080   0.0856   1.1308   1.1222   0.0326   0.0000  -0.1412   0.4180    0.376
    28  -6.0668   3.5078   5.1245   4.0174  -0.1046   1.1584   1.1496   0.0296   0.0000  -0.1404   0.4238    0.372
    29  -7.5707   3.3316   5.1225   3.8983   0.0325   1.1838   1.1748   0.0273   0.0000  -0.1403   0.4298    0.369
    30  -9.1324   3.1485   4.9633   3.7546   0.0390   1.2066   1.1975   0.0264   0.0000  -0.1402   0.4354    0.367
    31 -10.7137   2.9632   4.6712   3.5909   0.0416   1.2263   1.2170   0.0262   0.0000  -0.1401   0.4401    0.365
    32 -12.2755   2.7802   4.2748   3.4106   0.0444   1.2413   1.2320   0.0266   0.0000  -0.1399   0.4435    0.364
    33 -13.7793   2.6040   3.8041   3.2152   0.0487   1.2492   1.2398   0.0283   0.0000  -0.1393   0.4449    0.362
    34 -15.1883   2.4389   3.2882   3.0026   0.0559   1.2452   1.2358   0.0316   0.0000  -0.1381   0.4428    0.362
    35 -16.4675   2.2890   2.7522   2.7655   0.0676   1.2213   1.2121   0.0368   0.0000  -0.1357   0.4348    0.362
    36 -17.5856   2.1579   2.2161   2.4883   0.0859   1.1646   1.1558   0.0439   0.0000  -0.1311   0.4165    0.363
    37 -18.5151   2.0490   1.6929   2.1450   0.1128   1.0559   1.0479   0.0515   0.0000  -0.1223   0.3814    0.367
    38 -19.2329   1.9649   1.1890   1.7008   0.1499   0.8716   0.8650   0.0555   0.0000  -0.1060   0.3202    0.373
    39 -19.7216   1.9076   0.7042   1.1240   0.1985   0.5920   0.5875   0.0484   0.0000  -0.0780   0.2238    0.383
    40 -19.9689   1.8786   0.2331   0.4034   0.2570   0.2154   0.2137   0.0211   0.0000  -0.0318   0.0849    0.399

  Surface # 3     Second Wing2                            
     # Chordwise = 12   # Spanwise = 24     First strip = 41
     Surface area =   12.000000       Ave. chord =    2.000000
     CLsurf  =   0.02176     Clsurf  =  -0.00146
     CYsurf  =  -0.00000     Cmsurf  =  -0.07540
     CDsurf  =   0.00173     Cnsurf  =  -0.00005
     CDisurf =   0.00173     CDvsurf =   0.00000

  Forces referred to Ssurf, Cave about hinge axis thru LE
     CLsurf  =   0.21685     CDsurf  =   0.01719
     Deflect =

 Strip Forces referred to Strip Area, Chord
    j      Yle    Chord     Area     c cl      ai      cl_norm  cl       cd       cdv    cm_c/4    cm_LE  C.P.x/c
    41   0.0064   2.0000   0.0513   0.4986   0.0671   0.2487   0.2487   0.0195   0.0000  -0.0017  -0.0641    0.257
    42   0.0576   2.0000   0.1531   0.4986   0.0672   0.2487   0.2487   0.0195   0.0000  -0.0017  -0.0641    0.257
    43   0.1592   2.0000   0.2523   0.4986   0.0664   0.2487   0.2487   0.0195   0.0000  -0.0017  -0.0641    0.257
    44   0.3094   2.0000   0.3471   0.4985   0.0674   0.2487   0.2487   0.0195   0.0000  -0.0017  -0.0640    0.257
    45   0.5056   2.0000   0.4360   0.4984   0.0613   0.2486   0.2486   0.0195   0.0000  -0.0017  -0.0640    0.257
    46   0.7445   2.0000   0.5175   0.4981   0.0675   0.2485   0.2485   0.0195   0.0000  -0.0017  -0.0640    0.257
    47   1.0220   2.0000   0.5901   0.4977   0.0828   0.2483   0.2483   0.0195   0.0000  -0.0017  -0.0639    0.257
    48   1.3333   2.0000   0.6526   0.4971   0.0667   0.2480   0.2480   0.0195   0.0000  -0.0016  -0.0638    0.257
    49   1.6731   2.0000   0.7039   0.4963   0.0742   0.2475   0.2475   0.0194   0.0000  -0.0016  -0.0636    0.256
    50   2.0357   2.0000   0.7432   0.4951   0.0626   0.2470   0.2470   0.0194   0.0000  -0.0014  -0.0633    0.256
    51   2.4147   2.0000   0.7698   0.4935   0.0730   0.2462   0.2462   0.0193   0.0000  -0.0012  -0.0629    0.255
    52   2.8038   2.0000   0.7832   0.4911   0.1390   0.2450   0.2450   0.0191   0.0000  -0.0009  -0.0623    0.254
    53   3.1962   2.0000   0.7832   0.4859   0.0710   0.2424   0.2424   0.0188   0.0000  -0.0004  -0.0611    0.252
    54   3.5853   2.0000   0.7698   0.4736   0.0830   0.2363   0.2363   0.0183   0.0000   0.0002  -0.0590    0.249
    55   3.9643   2.0000   0.7432   0.4490   0.1906   0.2240   0.2240   0.0177   0.0000   0.0007  -0.0554    0.247
    56   4.3269   2.0000   0.7039   0.4192   0.0730   0.2091   0.2091   0.0168   0.0000   0.0015  -0.0509    0.243
    57   4.6667   2.0000   0.6526   0.3913   0.0879   0.1952   0.1952   0.0157   0.0000   0.0025  -0.0464    0.237
    58   4.9780   2.0000   0.5901   0.3574   0.1043   0.1782   0.1782   0.0145   0.0000   0.0033  -0.0414    0.232
    59   5.2555   2.0000   0.5175   0.3125   0.1642   0.1558   0.1558   0.0131   0.0000   0.0035  -0.0356    0.228
    60   5.4944   2.0000   0.4360   0.2609   0.0354   0.1300   0.1300   0.0114   0.0000   0.0034  -0.0292    0.224
    61   5.6906   2.0000   0.3471   0.2072   0.0661   0.1032   0.1032   0.0093   0.0000   0.0034  -0.0225    0.217
    62   5.8408   2.0000   0.2523   0.1514   0.0771   0.0754   0.0754   0.0070   0.0000   0.0030  -0.0159    0.210
    63   5.9424   2.0000   0.1531   0.0926   0.0839   0.0461   0.0461   0.0044   0.0000   0.0022  -0.0094    0.202
    64   5.9936   2.0000   0.0513   0.0312   0.0875   0.0155   0.0155   0.0015   0.0000   0.0008  -0.0031    0.198

  Surface # 4     Second Wing2 (YDUP)                     
     # Chordwise = 12   # Spanwise = 24     First strip = 65
     Surface area =   12.000000       Ave. chord =    2.000000
     CLsurf  =   0.02176     Clsurf  =   0.00146
     CYsurf  =  -0.00000     Cmsurf  =  -0.07540
     CDsurf  =   0.00173     Cnsurf  =   0.00005
     CDisurf =   0.00173     CDvsurf =   0.00000

  Forces referred to Ssurf, Cave about hinge axis thru LE
     CLsurf  =   0.21685     CDsurf  =   0.01719
     Deflect =

 Strip Forces referred to Strip Area, Chord
    j      Yle    Chord     Area     c cl      ai      cl_norm  cl       cd       cdv    cm_c/4    cm_LE  C.P.x/c
    65  -0.0064   2.0000   0.0513   0.4986   0.0671   0.2487   0.2487   0.0195   0.0000  -0.0017   0.0641    0.257
    66  -0.0576   2.0000   0.1531   0.4986   0.0672   0.2487   0.2487   0.0195   0.0000  -0.0017   0.0641    0.257
    67  -0.1592   2.0000   0.2523   0.4986   0.0664   0.2487   0.2487   0.0195   0.0000  -0.0017   0.0641    0.257
    68  -0.3094   2.0000   0.3471   0.4985   0.0674   0.2487   0.2487   0.0195   0.0000  -0.0017   0.0640    0.257
    69  -0.5056   2.0000   0.4360   0.4984   0.0613   0.2486   0.2486   0.0195   0.0000  -0.0017   0.0640    0.257
    70  -0.7445   2.0000   0.5175   0.4981   0.0675   0.2485   0.2485   0.0195   0.0000  -0.0017   0.0640    0.257
    71  -1.0220   2.0000   0.5901   0.4977   0.0828   0.2483   0.2483   0.0195   0.0000  -0.0017   0.0639    0.257
    72  -1.3333   2.0000   0.6526   0.4971   0.0667   0.2480   0.2480   0.0195   0.0000  -0.0016   0.0638    0.257
    73  -1.6731   2.0000   0.7039   0.4963   0.0742   0.2475   0.2475   0.0194   0.0000  -0.0016   0.0636    0.256
    74  -2.0357   2.0000   0.7432   0.4951   0.0626   0.2470   0.2470   0.0194   0.0000  -0.0014   0.0633    0.256
    75  -2.4147   2.0000   0.7698   0.4935   0.0730   0.2462   0.2462   0.0193   0.0000  -0.0012   0.0629    0.255
    76  -2.8038   2.0000   0.7832   0.4911   0.1390   0.2450   0.2450   0.0191   0.0000  -0.0009   0.0623    0.254
    77  -3.1962   2.0000   0.7832   0.4859   0.0710   0.2424   0.2424   0.0188   0.0000  -0.0004   0.0611    0.252
    78  -3.5853   2.0000   0.7698   0.4736   0.0830   0.2363   0.2363   0.0183   0.0000   0.0002   0.0590    0.249
    79  -3.9643   2.0000   0.7432   0.4490   0.1906   0.2240   0.2240   0.0177   0.0000   0.0007   0.0554    0.247
    80  -4.3269   2.0000   0.7039   0.4192   0.0730   0.2091   0.2091   0.0168   0.0000   0.0015   0.0509    0.243
    81  -4.6667   2.0000   0.6526   0.3913   0.0879   0.1952   0.1952   0.0157   0.0000   0.0025   0.0464    0.237
    82  -4.9780   2.0000   0.5901   0.3574   0.1043   0.1782   0.1782   0.0145   0.0000   0.0033   0.0414    0.232
    83  -5.2555   2.0000   0.5175   0.3125   0.1642   0.1558   0.1558   0.0131   0.0000   0.0035   0.0356    0.228
    84  -5.4944   2.0000   0.4360   0.2609   0.0354   0.1300   0.1300   0.0114   0.0000   0.0034   0.0292    0.224
    85  -5.6906   2.0000   0.3471   0.2072   0.0661   0.1032   0.1032   0.0093   0.0000   0.0034   0.0225    0.217
    86  -5.8408   2.0000   0.2523   0.1514   0.0771   0.0754   0.0754   0.0070   0.0000   0.0030   0.0159    0.210
    87  -5.9424   2.0000   0.1531   0.0926   0.0839   0.0461   0.0461   0.0044   0.0000   0.0022   0.0094    0.202
    88  -5.9936   2.0000   0.0513   0.0312   0.0875   0.0155   0.0155   0.0015   0.0000   0.0008   0.0031    0.198

  Surface # 5     Fin                                     
     # Chordwise = 12   # Spanwise = 12     First strip = 89
     Surface area =    4.000000       Ave. chord =    1.600000
     CLsurf  =   0.00000     Clsurf  =  -0.00003
     CYsurf  =  -0.00092     Cmsurf  =  -0.00001
     CDsurf  =  -0.00000     Cnsurf  =   0.00025
     CDisurf =  -0.00000     CDvsurf =   0.00000

  Forces referred to Ssurf, Cave about hinge axis thru LE
     CLsurf  =   0.02743     CDsurf  =  -0.00014
     Deflect =

 Strip Forces referred to Strip Area, Chord
    j      Yle    Chord     Area     c cl      ai      cl_norm  cl       cd       cdv    cm_c/4    cm_LE  C.P.x/c
    89   4.0000   1.9966   0.0850   0.0040  -0.4371   0.0023   0.0020   0.0000   0.0000  -0.0002  -0.0007    0.344
    90   4.0000   1.9696   0.2459   0.0131  -0.0618   0.0075   0.0066  -0.0000   0.0000  -0.0006  -0.0023    0.340
    91   4.0000   1.9173   0.3809   0.0243  -0.0339   0.0144   0.0127  -0.0000   0.0000  -0.0010  -0.0043    0.330
    92   4.0000   1.8435   0.4773   0.0367  -0.0239   0.0226   0.0199  -0.0000   0.0000  -0.0012  -0.0064    0.311
    93   4.0000   1.7531   0.5285   0.0482  -0.0187   0.0312   0.0275  -0.0001   0.0000  -0.0010  -0.0082    0.287
    94   4.0000   1.6522   0.5345   0.0563  -0.0154   0.0387   0.0341  -0.0001   0.0000  -0.0006  -0.0095    0.266
    95   4.0000   1.5478   0.5007   0.0595  -0.0131   0.0436   0.0384  -0.0002   0.0000   0.0000  -0.0101    0.250
    96   4.0000   1.4469   0.4362   0.0574  -0.0113   0.0450   0.0396  -0.0003   0.0000   0.0006  -0.0099    0.235
    97   4.0000   1.3565   0.3512   0.0504  -0.0099   0.0421   0.0371  -0.0003   0.0000   0.0012  -0.0087    0.219
    98   4.0000   1.2827   0.2548   0.0393  -0.0088   0.0348   0.0306  -0.0002   0.0000   0.0015  -0.0067    0.200
    99   4.0000   1.2304   0.1537   0.0250  -0.0079   0.0231   0.0203  -0.0002   0.0000   0.0014  -0.0040    0.179
   100   4.0000   1.2034   0.0513   0.0086  -0.0074   0.0081   0.0071  -0.0001   0.0000   0.0006  -0.0013    0.163

  Surface # 6     Fin (YDUP)                              
     # Chordwise = 12   # Spanwise = 12     First strip =101
     Surface area =    4.000000       Ave. chord =    1.600000
     CLsurf  =   0.00000     Clsurf  =   0.00003
     CYsurf  =   0.00092     Cmsurf  =  -0.00001
     CDsurf  =  -0.00000     Cnsurf  =  -0.00025
     CDisurf =  -0.00000     CDvsurf =   0.00000

  Forces referred to Ssurf, Cave about hinge axis thru LE
     CLsurf  =   0.02743     CDsurf  =  -0.00014
     Deflect =

 Strip Forces referred to Strip Area, Chord
    j      Yle    Chord     Area     c cl      ai      cl_norm  cl       cd       cdv    cm_c/4    cm_LE  C.P.x/c
   101  -4.0000   1.9966   0.0850   0.0040  -0.4371   0.0023   0.0020   0.0000   0.0000  -0.0002   0.0007    0.344
   102  -4.0000   1.9696   0.2459   0.0131  -0.0618   0.0075   0.0066  -0.0000   0.0000  -0.0006   0.0023    0.340
   103  -4.0000   1.9173   0.3809   0.0243  -0.0339   0.0144   0.0127  -0.0000   0.0000  -0.0010   0.0043    0.330
   104  -4.0000   1.8435   0.4773   0.0367  -0.0239   0.0226   0.0199  -0.0000   0.0000  -0.0012   0.0064    0.311
   105  -4.0000   1.7531   0.5285   0.0482  -0.0187   0.0312   0.0275  -0.0001   0.0000  -0.0010   0.0082    0.287
   106  -4.0000   1.6522   0.5345   0.0563  -0.0154   0.0387   0.0341  -0.0001   0.0000  -0.0006   0.0095    0.266
   107  -4.0000   1.5478   0.5007   0.0595  -0.0131   0.0436   0.0384  -0.0002   0.0000   0.0000   0.0101    0.250
   108  -4.0000   1.4469   0.4362   0.0574  -0.0113   0.0450   0.0396  -0.0003   0.0000   0.0006   0.0099    0.235
   109  -4.0000   1.3565   0.3512   0.0504  -0.0099   0.0421   0.0371  -0.0003   0.0000   0.0012   0.0087    0.219
   110  -4.0000   1.2827   0.2548   0.0393  -0.0088   0.0348   0.0306  -0.0002   0.0000   0.0015   0.0067    0.200
   111  -4.0000   1.2304   0.1537   0.0250  -0.0079   0.0231   0.0203  -0.0002   0.0000   0.0014   0.0040    0.179
   112  -4.0000   1.2034   0.0513   0.0086  -0.0074   0.0081   0.0071  -0.0001   0.0000   0.0006   0.0013    0.163
 ---------------------------------------------------------------
