 ---------------------------------------------------------------
 Surface and Strip Forces by surface

  Forces referred to Sref, Cref, Bref about Xref, Yref, Zref
 Standard axis orientation,  X fwd, Z down         

  Surface # 1     FrontWing                               
     # Chordwise = 12   # Spanwise = 20     First strip =  1
     Surface area =   59.987980       Ave. chord =    2.999398
     CLsurf  =   0.48817     Clsurf  =  -0.10772
     CYsurf  =   0.00136     Cmsurf  =  -0.29772
     CDsurf  =   0.01144     Cnsurf  =  -0.00608
     CDisurf =   0.01144     CDvsurf =   0.00000

  Forces referred to Ssurf, Cave about hinge axis thru LE
     CLsurf  =   0.97328     CDsurf  =   0.02281
     Deflect =

 Strip Forces referred to Strip Area, Chord
    j      Yle    Chord     Area     c cl      ai      cl_norm  cl       cd       cdv    cm_c/4    cm_LE  C.P.x/c
     1   0.0299   3.7500   0.4480   3.5496   0.0503   0.9480   0.9480   0.0209   0.0000  -0.1412  -0.3778    0.399
     2   0.2681   3.7500   1.3330   3.5494   0.0504   0.9480   0.9480   0.0210   0.0000  -0.1412  -0.3778    0.399
     3   0.7386   3.7500   2.1851   3.5477   0.0505   0.9475   0.9475   0.0210   0.0000  -0.1412  -0.3777    0.399
     4   1.4299   3.7500   2.9835   3.5421   0.0508   0.9460   0.9460   0.0212   0.0000  -0.1412  -0.3774    0.399
     5   2.3249   3.7500   3.7084   3.5289   0.0531   0.9424   0.9424   0.0218   0.0000  -0.1414  -0.3766    0.400
     6   3.4016   3.7500   4.3420   3.5033   0.0132   0.9355   0.9355   0.0231   0.0000  -0.1419  -0.3754    0.402
     7   4.6579   3.6729   4.9520   3.4568   0.0625   0.9497   0.9424   0.0228   0.0000  -0.1420  -0.3747    0.401
     8   6.0668   3.5078   5.1245   3.3836  -0.0421   0.9735   0.9661   0.0210   0.0000  -0.1415  -0.3800    0.396
     9   7.5707   3.3316   5.1225   3.2874   0.0317   0.9960   0.9885   0.0196   0.0000  -0.1414  -0.3854    0.393
    10   9.1324   3.1485   4.9633   3.1714   0.0350   1.0168   1.0091   0.0191   0.0000  -0.1414  -0.3905    0.390
    11  10.7137   2.9632   4.6712   3.0389   0.0366   1.0353   1.0274   0.0190   0.0000  -0.1413  -0.3950    0.388
    12  12.2755   2.7802   4.2748   2.8925   0.0387   1.0503   1.0423   0.0196   0.0000  -0.1411  -0.3985    0.385
    13  13.7793   2.6040   3.8041   2.7331   0.0424   1.0595   1.0514   0.0210   0.0000  -0.1406  -0.4003    0.384
    14  15.1883   2.4389   3.2882   2.5587   0.0486   1.0588   1.0507   0.0235   0.0000  -0.1396  -0.3991    0.383
    15  16.4675   2.2890   2.7522   2.3629   0.0588   1.0414   1.0335   0.0276   0.0000  -0.1376  -0.3929    0.383
    16  17.5856   2.1579   2.2161   2.1321   0.0747   0.9962   0.9886   0.0331   0.0000  -0.1336  -0.3780    0.385
    17  18.5151   2.0490   1.6929   1.8441   0.0984   0.9067   0.8998   0.0391   0.0000  -0.1258  -0.3484    0.390
    18  19.2329   1.9649   1.1890   1.4686   0.1317   0.7522   0.7465   0.0424   0.0000  -0.1108  -0.2956    0.398
    19  19.7216   1.9076   0.7042   0.9761   0.1771   0.5143   0.5104   0.0373   0.0000  -0.0831  -0.2096    0.413
    20  19.9689   1.8786   0.2331   0.3526   0.2338   0.1884   0.1870   0.0163   0.0000  -0.0343  -0.0806    0.433

  Surface # 2     FrontWing (YDUP)                        
     # Chordwise = 12   # Spanwise = 20     First strip = 21
     Surface area =   59.987980       Ave. chord =    2.999398
     CLsurf  =   0.48817     Clsurf  =   0.10772
     CYsurf  =  -0.00136     Cmsurf  =  -0.29772
     CDsurf  =   0.01144     Cnsurf  =   0.00608
     CDisurf =   0.01144     CDvsurf =   0.00000

  Forces referred to Ssurf, Cave about hinge axis thru LE
     CLsurf  =   0.97328     CDsurf  =   0.02281
     Deflect =

 Strip Forces referred to Strip Area, Chord
    j      Yle    Chord     Area     c cl      ai      cl_norm  cl       cd       cdv    cm_c/4    cm_LE  C.P.x/c
    21  -0.0299   3.7500   0.4480   3.5496   0.0503   0.9480   0.9480   0.0209   0.0000  -0.1412   0.3778    0.399
    22  -0.2681   3.7500   1.3330   3.5494   0.0504   0.9480   0.9480   0.0210   0.0000  -0.1412   0.3778    0.399
    23  -0.7386   3.7500   2.1851   3.5477   0.0505   0.9475   0.9475   0.0210   0.0000  -0.1412   0.3777    0.399
    24  -1.4299   3.7500   2.9835   3.5421   0.0508   0.9460   0.9460   0.0212   0.0000  -0.1412   0.3774    0.399
    25  -2.3249   3.7500   3.7084   3.5289   0.0531   0.9424   0.9424   0.0218   0.0000  -0.1414   0.3766    0.400
    26  -3.4016   3.7500   4.3420   3.5033   0.0132   0.9355   0.9355   0.0231   0.0000  -0.1419   0.3754    0.402
    27  -4.6579   3.6729   4.9520   3.4568   0.0625   0.9497   0.9424   0.0228   0.0000  -0.1420   0.3747    0.401
    28  -6.0668   3.5078   5.1245   3.3836  -0.0421   0.9735   0.9661   0.0210   0.0000  -0.1415   0.3800    0.396
    29  -7.5707   3.3316   5.1225   3.2874   0.0317   0.9960   0.9885   0.0196   0.0000  -0.1414   0.3854    0.393
    30  -9.1324   3.1485   4.9633   3.1714   0.0350   1.0168   1.0091   0.0191   0.0000  -0.1414   0.3905    0.390
    31 -10.7137   2.9632   4.6712   3.0389   0.0366   1.0353   1.0274   0.0190   0.0000  -0.1413   0.3950    0.388
    32 -12.2755   2.7802   4.2748   2.8925   0.0387   1.0503   1.0423   0.0196   0.0000  -0.1411   0.3985    0.385
    33 -13.7793   2.6040   3.8041   2.7331   0.0424   1.0595   1.0514   0.0210   0.0000  -0.1406   0.4003    0.384
    34 -15.1883   2.4389   3.2882   2.5587   0.0486   1.0588   1.0507   0.0235   0.0000  -0.1396   0.3991    0.383
    35 -16.4675   2.2890   2.7522   2.3629   0.0588   1.0414   1.0335   0.0276   0.0000  -0.1376   0.3929    0.383
    36 -17.5856   2.1579   2.2161   2.1321   0.0747   0.9962   0.9886   0.0331   0.0000  -0.1336   0.3780    0.385
    37 -18.5151   2.0490   1.6929   1.8441   0.0984   0.9067   0.8998   0.0391   0.0000  -0.1258   0.3484    0.390
    38 -19.2329   1.9649   1.1890   1.4686   0.1317   0.7522   0.7465   0.0424   0.0000  -0.1108   0.2956    0.398
    39 -19.7216   1.9076   0.7042   0.9761   0.1771   0.5143   0.5104   0.0373   0.0000  -0.0831   0.2096    0.413
    40 -19.9689   1.8786   0.2331   0.3526   0.2338   0.1884   0.1870   0.0163   0.0000  -0.0343   0.0806    0.433

  Surface # 3     Second Wing2                            
     # Chordwise = 12   # Spanwise = 24     First strip = 41
     Surface area =   12.000000       Ave. chord =    2.000000
     CLsurf  =   0.01183     Clsurf  =  -0.00080
     CYsurf  =  -0.00000     Cmsurf  =  -0.04102
     CDsurf  =   0.00074     Cnsurf  =  -0.00001
     CDisurf =   0.00074     CDvsurf =   0.00000

  Forces referred to Ssurf, Cave about hinge axis thru LE
     CLsurf  =   0.11791     CDsurf  =   0.00740
     Deflect =

 Strip Forces referred to Strip Area, Chord
    j      Yle    Chord     Area     c cl      ai      cl_norm  cl       cd       cdv    cm_c/4    cm_LE  C.P.x/c
    41   0.0064   2.0000   0.0513   0.2660   0.0503   0.1328   0.1328   0.0083   0.0000  -0.0018  -0.0350    0.263
    42   0.0576   2.0000   0.1531   0.2660   0.0504   0.1328   0.1328   0.0083   0.0000  -0.0018  -0.0350    0.263
    43   0.1592   2.0000   0.2523   0.2660   0.0497   0.1328   0.1328   0.0083   0.0000  -0.0018  -0.0350    0.263
    44   0.3094   2.0000   0.3471   0.2660   0.0506   0.1328   0.1328   0.0083   0.0000  -0.0018  -0.0350    0.263
    45   0.5056   2.0000   0.4360   0.2660   0.0457   0.1328   0.1328   0.0083   0.0000  -0.0018  -0.0350    0.263
    46   0.7445   2.0000   0.5175   0.2661   0.0505   0.1328   0.1328   0.0083   0.0000  -0.0018  -0.0350    0.263
    47   1.0220   2.0000   0.5901   0.2662   0.0626   0.1328   0.1328   0.0083   0.0000  -0.0017  -0.0350    0.263
    48   1.3333   2.0000   0.6526   0.2663   0.0499   0.1329   0.1329   0.0083   0.0000  -0.0017  -0.0350    0.263
    49   1.6731   2.0000   0.7039   0.2666   0.0557   0.1331   0.1331   0.0083   0.0000  -0.0017  -0.0350    0.263
    50   2.0357   2.0000   0.7432   0.2670   0.0464   0.1333   0.1333   0.0083   0.0000  -0.0016  -0.0350    0.262
    51   2.4147   2.0000   0.7698   0.2674   0.0545   0.1335   0.1335   0.0083   0.0000  -0.0015  -0.0349    0.261
    52   2.8038   2.0000   0.7832   0.2678   0.1068   0.1337   0.1337   0.0083   0.0000  -0.0012  -0.0347    0.259
    53   3.1962   2.0000   0.7832   0.2669   0.0528   0.1332   0.1332   0.0082   0.0000  -0.0009  -0.0342    0.257
    54   3.5853   2.0000   0.7698   0.2613   0.0625   0.1305   0.1305   0.0080   0.0000  -0.0005  -0.0332    0.254
    55   3.9643   2.0000   0.7432   0.2478   0.1522   0.1237   0.1237   0.0077   0.0000  -0.0002  -0.0312    0.252
    56   4.3269   2.0000   0.7039   0.2314   0.0516   0.1155   0.1155   0.0073   0.0000   0.0001  -0.0288    0.249
    57   4.6667   2.0000   0.6526   0.2168   0.0638   0.1082   0.1082   0.0068   0.0000   0.0008  -0.0263    0.243
    58   4.9780   2.0000   0.5901   0.1983   0.0766   0.0990   0.0990   0.0062   0.0000   0.0013  -0.0235    0.237
    59   5.2555   2.0000   0.5175   0.1722   0.1242   0.0859   0.0859   0.0056   0.0000   0.0013  -0.0202    0.235
    60   5.4944   2.0000   0.4360   0.1421   0.0199   0.0709   0.0709   0.0048   0.0000   0.0012  -0.0166    0.234
    61   5.6906   2.0000   0.3471   0.1120   0.0441   0.0559   0.0559   0.0039   0.0000   0.0011  -0.0129    0.230
    62   5.8408   2.0000   0.2523   0.0816   0.0526   0.0407   0.0407   0.0029   0.0000   0.0011  -0.0091    0.223
    63   5.9424   2.0000   0.1531   0.0500   0.0579   0.0249   0.0249   0.0018   0.0000   0.0008  -0.0054    0.216
    64   5.9936   2.0000   0.0513   0.0168   0.0606   0.0084   0.0084   0.0006   0.0000   0.0003  -0.0018    0.212

  Surface # 4     Second Wing2 (YDUP)                     
     # Chordwise = 12   # Spanwise = 24     First strip = 65
     Surface area =   12.000000       Ave. chord =    2.000000
     CLsurf  =   0.01183     Clsurf  =   0.00080
     CYsurf  =  -0.00000     Cmsurf  =  -0.04102
     CDsurf  =   0.00074     Cnsurf  =   0.00001
     CDisurf =   0.00074     CDvsurf =   0.00000

  Forces referred to Ssurf, Cave about hinge axis thru LE
     CLsurf  =   0.11791     CDsurf  =   0.00740
     Deflect =

 Strip Forces referred to Strip Area, Chord
    j      Yle    Chord     Area     c cl      ai      cl_norm  cl       cd       cdv    cm_c/4    cm_LE  C.P.x/c
    65  -0.0064   2.0000   0.0513   0.2660   0.0503   0.1328   0.1328   0.0083   0.0000  -0.0018   0.0350    0.263
    66  -0.0576   2.0000   0.1531   0.2660   0.0504   0.1328   0.1328   0.0083   0.0000  -0.0018   0.0350    0.263
    67  -0.1592   2.0000   0.2523   0.2660   0.0497   0.1328   0.1328   0.0083   0.0000  -0.0018   0.0350    0.263
    68  -0.3094   2.0000   0.3471   0.2660   0.0506   0.1328   0.1328   0.0083   0.0000  -0.0018   0.0350    0.263
    69  -0.5056   2.0000   0.4360   0.2660   0.0457   0.1328   0.1328   0.0083   0.0000  -0.0018   0.0350    0.263
    70  -0.7445   2.0000   0.5175   0.2661   0.0505   0.1328   0.1328   0.0083   0.0000  -0.0018   0.0350    0.263
    71  -1.0220   2.0000   0.5901   0.2662   0.0626   0.1328   0.1328   0.0083   0.0000  -0.0017   0.0350    0.263
    72  -1.3333   2.0000   0.6526   0.2663   0.0499   0.1329   0.1329   0.0083   0.0000  -0.0017   0.0350    0.263
    73  -1.6731   2.0000   0.7039   0.2666   0.0557   0.1331   0.1331   0.0083   0.0000  -0.0017   0.0350    0.263
    74  -2.0357   2.0000   0.7432   0.2670   0.0464   0.1333   0.1333   0.0083   0.0000  -0.0016   0.0350    0.262
    75  -2.4147   2.0000   0.7698   0.2674   0.0545   0.1335   0.1335   0.0083   0.0000  -0.0015   0.0349    0.261
    76  -2.8038   2.0000   0.7832   0.2678   0.1068   0.1337   0.1337   0.0083   0.0000  -0.0012   0.0347    0.259
    77  -3.1962   2.0000   0.7832   0.2669   0.0528   0.1332   0.1332   0.0082   0.0000  -0.0009   0.0342    0.257
    78  -3.5853   2.0000   0.7698   0.2613   0.0625   0.1305   0.1305   0.0080   0.0000  -0.0005   0.0332    0.254
    79  -3.9643   2.0000   0.7432   0.2478   0.1522   0.1237   0.1237   0.0077   0.0000  -0.0002   0.0312    0.252
    80  -4.3269   2.0000   0.7039   0.2314   0.0516   0.1155   0.1155   0.0073   0.0000   0.0001   0.0288    0.249
    81  -4.6667   2.0000   0.6526   0.2168   0.0638   0.1082   0.1082   0.0068   0.0000   0.0008   0.0263    0.243
    82  -4.9780   2.0000   0.5901   0.1983   0.0766   0.0990   0.0990   0.0062   0.0000   0.0013   0.0235    0.237
    83  -5.2555   2.0000   0.5175   0.1722   0.1242   0.0859   0.0859   0.0056   0.0000   0.0013   0.0202    0.235
    84  -5.4944   2.0000   0.4360   0.1421   0.0199   0.0709   0.0709   0.0048   0.0000   0.0012   0.0166    0.234
    85  -5.6906   2.0000   0.3471   0.1120   0.0441   0.0559   0.0559   0.0039   0.0000   0.0011   0.0129    0.230
    86  -5.8408   2.0000   0.2523   0.0816   0.0526   0.0407   0.0407   0.0029   0.0000   0.0011   0.0091    0.223
    87  -5.9424   2.0000   0.1531   0.0500   0.0579   0.0249   0.0249   0.0018   0.0000   0.0008   0.0054    0.216
    88  -5.9936   2.0000   0.0513   0.0168   0.0606   0.0084   0.0084   0.0006   0.0000   0.0003   0.0018    0.212

  Surface # 5     Fin                                     
     # Chordwise = 12   # Spanwise = 12     First strip = 89
     Surface area =    4.000000       Ave. chord =    1.600000
     CLsurf  =   0.00000     Clsurf  =  -0.00002
     CYsurf  =  -0.00054     Cmsurf  =  -0.00000
     CDsurf  =  -0.00000     Cnsurf  =   0.00015
     CDisurf =  -0.00000     CDvsurf =   0.00000

  Forces referred to Ssurf, Cave about hinge axis thru LE
     CLsurf  =   0.01620     CDsurf  =  -0.00005
     Deflect =

 Strip Forces referred to Strip Area, Chord
    j      Yle    Chord     Area     c cl      ai      cl_norm  cl       cd       cdv    cm_c/4    cm_LE  C.P.x/c
    89   4.0000   1.9966   0.0850   0.0022  -0.3497   0.0012   0.0011   0.0000   0.0000  -0.0001  -0.0004    0.354
    90   4.0000   1.9696   0.2459   0.0070  -0.0468   0.0039   0.0035  -0.0000   0.0000  -0.0004  -0.0012    0.353
    91   4.0000   1.9173   0.3809   0.0129  -0.0243   0.0074   0.0067  -0.0000   0.0000  -0.0006  -0.0023    0.344
    92   4.0000   1.8435   0.4773   0.0198  -0.0171   0.0119   0.0107  -0.0000   0.0000  -0.0008  -0.0034    0.321
    93   4.0000   1.7531   0.5285   0.0269  -0.0133   0.0170   0.0153  -0.0000   0.0000  -0.0006  -0.0045    0.291
    94   4.0000   1.6522   0.5345   0.0327  -0.0108   0.0219   0.0198  -0.0001   0.0000  -0.0003  -0.0053    0.265
    95   4.0000   1.5478   0.5007   0.0357  -0.0089   0.0255   0.0230  -0.0001   0.0000   0.0001  -0.0058    0.246
    96   4.0000   1.4469   0.4362   0.0352  -0.0076   0.0270   0.0244  -0.0001   0.0000   0.0005  -0.0058    0.230
    97   4.0000   1.3565   0.3512   0.0315  -0.0066   0.0257   0.0232  -0.0001   0.0000   0.0009  -0.0052    0.213
    98   4.0000   1.2827   0.2548   0.0249  -0.0058   0.0215   0.0194  -0.0001   0.0000   0.0011  -0.0040    0.194
    99   4.0000   1.2304   0.1537   0.0159  -0.0052   0.0143   0.0129  -0.0001   0.0000   0.0010  -0.0024    0.172
   100   4.0000   1.2034   0.0513   0.0055  -0.0049   0.0051   0.0046  -0.0000   0.0000   0.0004  -0.0008    0.155

  Surface # 6     Fin (YDUP)                              
     # Chordwise = 12   # Spanwise = 12     First strip =101
     Surface area =    4.000000       Ave. chord =    1.600000
     CLsurf  =   0.00000     Clsurf  =   0.00002
     CYsurf  =   0.00054     Cmsurf  =  -0.00000
     CDsurf  =  -0.00000     Cnsurf  =  -0.00015
     CDisurf =  -0.00000     CDvsurf =   0.00000

  Forces referred to Ssurf, Cave about hinge axis thru LE
     CLsurf  =   0.01620     CDsurf  =  -0.00005
     Deflect =

 Strip Forces referred to Strip Area, Chord
    j      Yle    Chord     Area     c cl      ai      cl_norm  cl       cd       cdv    cm_c/4    cm_LE  C.P.x/c
   101  -4.0000   1.9966   0.0850   0.0022  -0.3497   0.0012   0.0011   0.0000   0.0000  -0.0001   0.0004    0.354
   102  -4.0000   1.9696   0.2459   0.0070  -0.0468   0.0039   0.0035  -0.0000   0.0000  -0.0004   0.0012    0.353
   103  -4.0000   1.9173   0.3809   0.0129  -0.0243   0.0074   0.0067  -0.0000   0.0000  -0.0006   0.0023    0.344
   104  -4.0000   1.8435   0.4773   0.0198  -0.0171   0.0119   0.0107  -0.0000   0.0000  -0.0008   0.0034    0.321
   105  -4.0000   1.7531   0.5285   0.0269  -0.0133   0.0170   0.0153  -0.0000   0.0000  -0.0006   0.0045    0.291
   106  -4.0000   1.6522   0.5345   0.0327  -0.0108   0.0219   0.0198  -0.0001   0.0000  -0.0003   0.0053    0.265
   107  -4.0000   1.5478   0.5007   0.0357  -0.0089   0.0255   0.0230  -0.0001   0.0000   0.0001   0.0058    0.246
   108  -4.0000   1.4469   0.4362   0.0352  -0.0076   0.0270   0.0244  -0.0001   0.0000   0.0005   0.0058    0.230
   109  -4.0000   1.3565   0.3512   0.0315  -0.0066   0.0257   0.0232  -0.0001   0.0000   0.0009   0.0052    0.213
   110  -4.0000   1.2827   0.2548   0.0249  -0.0058   0.0215   0.0194  -0.0001   0.0000   0.0011   0.0040    0.194
   111  -4.0000   1.2304   0.1537   0.0159  -0.0052   0.0143   0.0129  -0.0001   0.0000   0.0010   0.0024    0.172
   112  -4.0000   1.2034   0.0513   0.0055  -0.0049   0.0051   0.0046  -0.0000   0.0000   0.0004   0.0008    0.155
 ---------------------------------------------------------------
