 ---------------------------------------------------------------
 Surface and Strip Forces by surface

  Forces referred to Sref, Cref, Bref about Xref, Yref, Zref
 Standard axis orientation,  X fwd, Z down         

  Surface # 1     FrontWing                               
     # Chordwise = 12   # Spanwise = 20     First strip =  1
     Surface area =   59.987980       Ave. chord =    2.999398
     CLsurf  =   0.75846     Clsurf  =  -0.16424
     CYsurf  =   0.00288     Cmsurf  =  -0.41509
     CDsurf  =   0.02657     Cnsurf  =  -0.02475
     CDisurf =   0.02657     CDvsurf =   0.00000

  Forces referred to Ssurf, Cave about hinge axis thru LE
     CLsurf  =   1.51217     CDsurf  =   0.05298
     Deflect =

 Strip Forces referred to Strip Area, Chord
    j      Yle    Chord     Area     c cl      ai      cl_norm  cl       cd       cdv    cm_c/4    cm_LE  C.P.x/c
     1   0.0299   3.7500   0.4480   5.5493   0.1010   1.4961   1.4961   0.0519   0.0000  -0.1368  -0.5068    0.341
     2   0.2681   3.7500   1.3330   5.5489   0.1008   1.4960   1.4960   0.0519   0.0000  -0.1368  -0.5067    0.341
     3   0.7386   3.7500   2.1851   5.5458   0.1015   1.4951   1.4951   0.0521   0.0000  -0.1368  -0.5066    0.342
     4   1.4299   3.7500   2.9835   5.5358   0.1059   1.4923   1.4923   0.0527   0.0000  -0.1369  -0.5060    0.342
     5   2.3249   3.7500   3.7084   5.5125   0.1032   1.4856   1.4856   0.0543   0.0000  -0.1372  -0.5047    0.342
     6   3.4016   3.7500   4.3420   5.4673  -0.0928   1.4725   1.4725   0.0588   0.0000  -0.1384  -0.5029    0.344
     7   4.6579   3.6729   4.9520   5.3869   0.1324   1.4927   1.4817   0.0575   0.0000  -0.1386  -0.5018    0.344
     8   6.0668   3.5078   5.1245   5.2620  -0.2318   1.5281   1.5169   0.0512   0.0000  -0.1372  -0.5087    0.340
     9   7.5707   3.3316   5.1225   5.0976   0.0342   1.5598   1.5482   0.0466   0.0000  -0.1369  -0.5159    0.338
    10   9.1324   3.1485   4.9633   4.8995   0.0470   1.5868   1.5751   0.0446   0.0000  -0.1369  -0.5223    0.337
    11  10.7137   2.9632   4.6712   4.6742   0.0518   1.6088   1.5970   0.0436   0.0000  -0.1367  -0.5274    0.336
    12  12.2755   2.7802   4.2748   4.4271   0.0558   1.6241   1.6121   0.0439   0.0000  -0.1363  -0.5308    0.335
    13  13.7793   2.6040   3.8041   4.1606   0.0615   1.6293   1.6172   0.0461   0.0000  -0.1355  -0.5313    0.334
    14  15.1883   2.4389   3.2882   3.8727   0.0706   1.6182   1.6063   0.0509   0.0000  -0.1340  -0.5273    0.333
    15  16.4675   2.2890   2.7522   3.5544   0.0854   1.5808   1.5691   0.0588   0.0000  -0.1310  -0.5156    0.333
    16  17.5856   2.1579   2.2161   3.1859   0.1084   1.5003   1.4892   0.0696   0.0000  -0.1252  -0.4909    0.334
    17  18.5151   2.0490   1.6929   2.7340   0.1418   1.3525   1.3425   0.0811   0.0000  -0.1143  -0.4448    0.335
    18  19.2329   1.9649   1.1890   2.1550   0.1863   1.1079   1.0998   0.0865   0.0000  -0.0955  -0.3672    0.337
    19  19.7216   1.9076   0.7042   1.4128   0.2412   0.7451   0.7395   0.0748   0.0000  -0.0672  -0.2506    0.341
    20  19.9689   1.8786   0.2331   0.5027   0.3034   0.2681   0.2661   0.0328   0.0000  -0.0266  -0.0928    0.350

  Surface # 2     FrontWing (YDUP)                        
     # Chordwise = 12   # Spanwise = 20     First strip = 21
     Surface area =   59.987980       Ave. chord =    2.999398
     CLsurf  =   0.75846     Clsurf  =   0.16424
     CYsurf  =  -0.00288     Cmsurf  =  -0.41509
     CDsurf  =   0.02657     Cnsurf  =   0.02475
     CDisurf =   0.02657     CDvsurf =   0.00000

  Forces referred to Ssurf, Cave about hinge axis thru LE
     CLsurf  =   1.51217     CDsurf  =   0.05298
     Deflect =

 Strip Forces referred to Strip Area, Chord
    j      Yle    Chord     Area     c cl      ai      cl_norm  cl       cd       cdv    cm_c/4    cm_LE  C.P.x/c
    21  -0.0299   3.7500   0.4480   5.5493   0.1010   1.4961   1.4961   0.0519   0.0000  -0.1368   0.5068    0.341
    22  -0.2681   3.7500   1.3330   5.5489   0.1008   1.4960   1.4960   0.0519   0.0000  -0.1368   0.5067    0.341
    23  -0.7386   3.7500   2.1851   5.5458   0.1015   1.4951   1.4951   0.0521   0.0000  -0.1368   0.5066    0.342
    24  -1.4299   3.7500   2.9835   5.5358   0.1059   1.4923   1.4923   0.0527   0.0000  -0.1369   0.5060    0.342
    25  -2.3249   3.7500   3.7084   5.5125   0.1032   1.4856   1.4856   0.0543   0.0000  -0.1372   0.5047    0.342
    26  -3.4016   3.7500   4.3420   5.4673  -0.0928   1.4725   1.4725   0.0588   0.0000  -0.1384   0.5029    0.344
    27  -4.6579   3.6729   4.9520   5.3869   0.1324   1.4927   1.4816   0.0575   0.0000  -0.1386   0.5018    0.344
    28  -6.0668   3.5078   5.1245   5.2620  -0.2318   1.5281   1.5169   0.0512   0.0000  -0.1372   0.5087    0.340
    29  -7.5707   3.3316   5.1225   5.0976   0.0342   1.5598   1.5482   0.0466   0.0000  -0.1369   0.5159    0.338
    30  -9.1324   3.1485   4.9633   4.8995   0.0470   1.5868   1.5751   0.0446   0.0000  -0.1369   0.5223    0.337
    31 -10.7137   2.9632   4.6712   4.6743   0.0518   1.6088   1.5970   0.0436   0.0000  -0.1367   0.5274    0.336
    32 -12.2755   2.7802   4.2748   4.4271   0.0558   1.6241   1.6121   0.0439   0.0000  -0.1363   0.5308    0.335
    33 -13.7793   2.6040   3.8041   4.1606   0.0615   1.6293   1.6172   0.0461   0.0000  -0.1355   0.5313    0.334
    34 -15.1883   2.4389   3.2882   3.8727   0.0706   1.6182   1.6063   0.0509   0.0000  -0.1340   0.5273    0.333
    35 -16.4675   2.2890   2.7522   3.5544   0.0854   1.5808   1.5691   0.0588   0.0000  -0.1310   0.5156    0.333
    36 -17.5856   2.1579   2.2161   3.1859   0.1084   1.5003   1.4892   0.0696   0.0000  -0.1252   0.4909    0.334
    37 -18.5151   2.0490   1.6929   2.7340   0.1418   1.3525   1.3425   0.0811   0.0000  -0.1143   0.4448    0.335
    38 -19.2329   1.9649   1.1890   2.1550   0.1863   1.1079   1.0998   0.0865   0.0000  -0.0955   0.3672    0.337
    39 -19.7216   1.9076   0.7042   1.4128   0.2412   0.7451   0.7395   0.0748   0.0000  -0.0672   0.2506    0.341
    40 -19.9689   1.8786   0.2331   0.5027   0.3034   0.2681   0.2661   0.0328   0.0000  -0.0266   0.0928    0.350

  Surface # 3     Second Wing2                            
     # Chordwise = 12   # Spanwise = 24     First strip = 41
     Surface area =   12.000000       Ave. chord =    2.000000
     CLsurf  =   0.04153     Clsurf  =  -0.00279
     CYsurf  =   0.00000     Cmsurf  =  -0.14400
     CDsurf  =   0.00468     Cnsurf  =  -0.00020
     CDisurf =   0.00468     CDvsurf =   0.00000

  Forces referred to Ssurf, Cave about hinge axis thru LE
     CLsurf  =   0.41395     CDsurf  =   0.04663
     Deflect =

 Strip Forces referred to Strip Area, Chord
    j      Yle    Chord     Area     c cl      ai      cl_norm  cl       cd       cdv    cm_c/4    cm_LE  C.P.x/c
    41   0.0064   2.0000   0.0513   0.9629   0.1011   0.4800   0.4800   0.0528   0.0000  -0.0016  -0.1220    0.253
    42   0.0576   2.0000   0.1531   0.9629   0.1013   0.4800   0.4800   0.0528   0.0000  -0.0016  -0.1220    0.253
    43   0.1592   2.0000   0.2523   0.9628   0.1001   0.4799   0.4799   0.0528   0.0000  -0.0016  -0.1220    0.253
    44   0.3094   2.0000   0.3471   0.9626   0.1016   0.4798   0.4798   0.0528   0.0000  -0.0016  -0.1220    0.253
    45   0.5056   2.0000   0.4360   0.9622   0.0928   0.4796   0.4796   0.0528   0.0000  -0.0016  -0.1219    0.253
    46   0.7445   2.0000   0.5175   0.9613   0.1017   0.4792   0.4792   0.0527   0.0000  -0.0016  -0.1218    0.253
    47   1.0220   2.0000   0.5901   0.9599   0.1236   0.4785   0.4785   0.0527   0.0000  -0.0015  -0.1215    0.253
    48   1.3333   2.0000   0.6526   0.9577   0.1009   0.4774   0.4774   0.0526   0.0000  -0.0015  -0.1212    0.253
    49   1.6731   2.0000   0.7039   0.9547   0.1117   0.4759   0.4759   0.0525   0.0000  -0.0013  -0.1207    0.253
    50   2.0357   2.0000   0.7432   0.9506   0.0954   0.4738   0.4738   0.0523   0.0000  -0.0011  -0.1199    0.252
    51   2.4147   2.0000   0.7698   0.9448   0.1103   0.4709   0.4709   0.0520   0.0000  -0.0008  -0.1189    0.252
    52   2.8038   2.0000   0.7832   0.9367   0.2041   0.4669   0.4669   0.0515   0.0000  -0.0002  -0.1173    0.250
    53   3.1962   2.0000   0.7832   0.9232   0.1079   0.4602   0.4602   0.0507   0.0000   0.0006  -0.1148    0.249
    54   3.5853   2.0000   0.7698   0.8973   0.1243   0.4472   0.4472   0.0495   0.0000   0.0015  -0.1106    0.247
    55   3.9643   2.0000   0.7432   0.8502   0.2683   0.4236   0.4236   0.0478   0.0000   0.0027  -0.1036    0.244
    56   4.3269   2.0000   0.7039   0.7935   0.1165   0.3952   0.3952   0.0454   0.0000   0.0041  -0.0951    0.240
    57   4.6667   2.0000   0.6526   0.7388   0.1367   0.3679   0.3679   0.0427   0.0000   0.0058  -0.0865    0.234
    58   4.9780   2.0000   0.5901   0.6742   0.1602   0.3356   0.3356   0.0395   0.0000   0.0073  -0.0770    0.228
    59   5.2555   2.0000   0.5175   0.5921   0.2451   0.2944   0.2944   0.0361   0.0000   0.0079  -0.0661    0.223
    60   5.4944   2.0000   0.4360   0.4976   0.0669   0.2472   0.2472   0.0318   0.0000   0.0080  -0.0542    0.218
    61   5.6906   2.0000   0.3471   0.3968   0.1107   0.1969   0.1969   0.0263   0.0000   0.0078  -0.0418    0.210
    62   5.8408   2.0000   0.2523   0.2903   0.1267   0.1440   0.1440   0.0199   0.0000   0.0069  -0.0294    0.202
    63   5.9424   2.0000   0.1531   0.1775   0.1367   0.0879   0.0879   0.0126   0.0000   0.0049  -0.0173    0.194
    64   5.9936   2.0000   0.0513   0.0598   0.1419   0.0296   0.0296   0.0045   0.0000   0.0018  -0.0057    0.189

  Surface # 4     Second Wing2 (YDUP)                     
     # Chordwise = 12   # Spanwise = 24     First strip = 65
     Surface area =   12.000000       Ave. chord =    2.000000
     CLsurf  =   0.04153     Clsurf  =   0.00279
     CYsurf  =  -0.00000     Cmsurf  =  -0.14400
     CDsurf  =   0.00468     Cnsurf  =   0.00020
     CDisurf =   0.00468     CDvsurf =   0.00000

  Forces referred to Ssurf, Cave about hinge axis thru LE
     CLsurf  =   0.41395     CDsurf  =   0.04663
     Deflect =

 Strip Forces referred to Strip Area, Chord
    j      Yle    Chord     Area     c cl      ai      cl_norm  cl       cd       cdv    cm_c/4    cm_LE  C.P.x/c
    65  -0.0064   2.0000   0.0513   0.9629   0.1011   0.4800   0.4800   0.0528   0.0000  -0.0016   0.1220    0.253
    66  -0.0576   2.0000   0.1531   0.9629   0.1013   0.4800   0.4800   0.0528   0.0000  -0.0016   0.1220    0.253
    67  -0.1592   2.0000   0.2523   0.9628   0.1001   0.4799   0.4799   0.0528   0.0000  -0.0016   0.1220    0.253
    68  -0.3094   2.0000   0.3471   0.9626   0.1016   0.4798   0.4798   0.0528   0.0000  -0.0016   0.1220    0.253
    69  -0.5056   2.0000   0.4360   0.9622   0.0928   0.4796   0.4796   0.0528   0.0000  -0.0016   0.1219    0.253
    70  -0.7445   2.0000   0.5175   0.9613   0.1017   0.4792   0.4792   0.0527   0.0000  -0.0016   0.1218    0.253
    71  -1.0220   2.0000   0.5901   0.9599   0.1236   0.4785   0.4785   0.0527   0.0000  -0.0015   0.1215    0.253
    72  -1.3333   2.0000   0.6526   0.9577   0.1009   0.4774   0.4774   0.0526   0.0000  -0.0015   0.1212    0.253
    73  -1.6731   2.0000   0.7039   0.9547   0.1117   0.4759   0.4759   0.0525   0.0000  -0.0013   0.1207    0.253
    74  -2.0357   2.0000   0.7432   0.9506   0.0954   0.4738   0.4738   0.0523   0.0000  -0.0011   0.1199    0.252
    75  -2.4147   2.0000   0.7698   0.9448   0.1103   0.4709   0.4709   0.0520   0.0000  -0.0008   0.1189    0.252
    76  -2.8038   2.0000   0.7832   0.9367   0.2041   0.4669   0.4669   0.0515   0.0000  -0.0002   0.1173    0.250
    77  -3.1962   2.0000   0.7832   0.9232   0.1079   0.4602   0.4602   0.0507   0.0000   0.0006   0.1148    0.249
    78  -3.5853   2.0000   0.7698   0.8973   0.1243   0.4472   0.4472   0.0495   0.0000   0.0015   0.1106    0.247
    79  -3.9643   2.0000   0.7432   0.8502   0.2683   0.4236   0.4236   0.0478   0.0000   0.0027   0.1036    0.244
    80  -4.3269   2.0000   0.7039   0.7935   0.1165   0.3952   0.3952   0.0454   0.0000   0.0041   0.0951    0.240
    81  -4.6667   2.0000   0.6526   0.7388   0.1367   0.3679   0.3679   0.0427   0.0000   0.0058   0.0865    0.234
    82  -4.9780   2.0000   0.5901   0.6742   0.1602   0.3356   0.3356   0.0395   0.0000   0.0073   0.0770    0.228
    83  -5.2555   2.0000   0.5175   0.5921   0.2451   0.2944   0.2944   0.0361   0.0000   0.0079   0.0661    0.223
    84  -5.4944   2.0000   0.4360   0.4976   0.0669   0.2472   0.2472   0.0318   0.0000   0.0080   0.0542    0.218
    85  -5.6906   2.0000   0.3471   0.3968   0.1107   0.1969   0.1969   0.0263   0.0000   0.0078   0.0418    0.210
    86  -5.8408   2.0000   0.2523   0.2903   0.1267   0.1440   0.1440   0.0199   0.0000   0.0069   0.0294    0.202
    87  -5.9424   2.0000   0.1531   0.1775   0.1367   0.0879   0.0879   0.0126   0.0000   0.0049   0.0173    0.194
    88  -5.9936   2.0000   0.0513   0.0598   0.1419   0.0296   0.0296   0.0045   0.0000   0.0018   0.0057    0.189

  Surface # 5     Fin                                     
     # Chordwise = 12   # Spanwise = 12     First strip = 89
     Surface area =    4.000000       Ave. chord =    1.600000
     CLsurf  =   0.00001     Clsurf  =  -0.00005
     CYsurf  =  -0.00169     Cmsurf  =  -0.00002
     CDsurf  =  -0.00001     Cnsurf  =   0.00046
     CDisurf =  -0.00001     CDvsurf =   0.00000

  Forces referred to Ssurf, Cave about hinge axis thru LE
     CLsurf  =   0.05060     CDsurf  =  -0.00042
     Deflect =

 Strip Forces referred to Strip Area, Chord
    j      Yle    Chord     Area     c cl      ai      cl_norm  cl       cd       cdv    cm_c/4    cm_LE  C.P.x/c
    89   4.0000   1.9966   0.0850   0.0078  -0.6138   0.0047   0.0039   0.0000   0.0000  -0.0003  -0.0014    0.338
    90   4.0000   1.9696   0.2459   0.0254  -0.0922   0.0155   0.0129  -0.0000   0.0000  -0.0011  -0.0046    0.333
    91   4.0000   1.9173   0.3809   0.0477  -0.0533   0.0299   0.0249  -0.0000   0.0000  -0.0018  -0.0085    0.321
    92   4.0000   1.8435   0.4773   0.0719  -0.0376   0.0468   0.0390  -0.0001   0.0000  -0.0021  -0.0127    0.304
    93   4.0000   1.7531   0.5285   0.0924  -0.0297   0.0633   0.0527  -0.0003   0.0000  -0.0018  -0.0163    0.284
    94   4.0000   1.6522   0.5345   0.1052  -0.0248   0.0765   0.0637  -0.0005   0.0000  -0.0011  -0.0187    0.267
    95   4.0000   1.5478   0.5007   0.1086  -0.0215   0.0843   0.0702  -0.0007   0.0000  -0.0001  -0.0197    0.252
    96   4.0000   1.4469   0.4362   0.1028  -0.0189   0.0854   0.0710  -0.0008   0.0000   0.0008  -0.0190    0.238
    97   4.0000   1.3565   0.3512   0.0891  -0.0167   0.0789   0.0657  -0.0008   0.0000   0.0018  -0.0167    0.223
    98   4.0000   1.2827   0.2548   0.0688  -0.0149   0.0645   0.0537  -0.0007   0.0000   0.0025  -0.0128    0.204
    99   4.0000   1.2304   0.1537   0.0435  -0.0135   0.0425   0.0354  -0.0005   0.0000   0.0023  -0.0078    0.184
   100   4.0000   1.2034   0.0513   0.0149  -0.0126   0.0149   0.0124  -0.0002   0.0000   0.0010  -0.0025    0.168

  Surface # 6     Fin (YDUP)                              
     # Chordwise = 12   # Spanwise = 12     First strip =101
     Surface area =    4.000000       Ave. chord =    1.600000
     CLsurf  =   0.00001     Clsurf  =   0.00005
     CYsurf  =   0.00169     Cmsurf  =  -0.00002
     CDsurf  =  -0.00001     Cnsurf  =  -0.00046
     CDisurf =  -0.00001     CDvsurf =   0.00000

  Forces referred to Ssurf, Cave about hinge axis thru LE
     CLsurf  =   0.05060     CDsurf  =  -0.00042
     Deflect =

 Strip Forces referred to Strip Area, Chord
    j      Yle    Chord     Area     c cl      ai      cl_norm  cl       cd       cdv    cm_c/4    cm_LE  C.P.x/c
   101  -4.0000   1.9966   0.0850   0.0078  -0.6138   0.0047   0.0039   0.0000   0.0000  -0.0003   0.0014    0.338
   102  -4.0000   1.9696   0.2459   0.0254  -0.0922   0.0155   0.0129  -0.0000   0.0000  -0.0011   0.0046    0.333
   103  -4.0000   1.9173   0.3809   0.0477  -0.0533   0.0299   0.0249  -0.0000   0.0000  -0.0018   0.0085    0.321
   104  -4.0000   1.8435   0.4773   0.0719  -0.0376   0.0468   0.0390  -0.0001   0.0000  -0.0021   0.0127    0.304
   105  -4.0000   1.7531   0.5285   0.0924  -0.0297   0.0633   0.0527  -0.0003   0.0000  -0.0018   0.0163    0.284
   106  -4.0000   1.6522   0.5345   0.1052  -0.0248   0.0765   0.0637  -0.0005   0.0000  -0.0011   0.0187    0.267
   107  -4.0000   1.5478   0.5007   0.1086  -0.0215   0.0843   0.0702  -0.0007   0.0000  -0.0001   0.0197    0.252
   108  -4.0000   1.4469   0.4362   0.1028  -0.0189   0.0854   0.0710  -0.0008   0.0000   0.0008   0.0190    0.238
   109  -4.0000   1.3565   0.3512   0.0891  -0.0167   0.0789   0.0657  -0.0008   0.0000   0.0018   0.0167    0.223
   110  -4.0000   1.2827   0.2548   0.0688  -0.0149   0.0645   0.0537  -0.0007   0.0000   0.0025   0.0128    0.204
   111  -4.0000   1.2304   0.1537   0.0435  -0.0135   0.0425   0.0354  -0.0005   0.0000   0.0023   0.0078    0.184
   112  -4.0000   1.2034   0.0513   0.0149  -0.0126   0.0149   0.0124  -0.0002   0.0000   0.0010   0.0025    0.168
 ---------------------------------------------------------------
