 ---------------------------------------------------------------
 Surface and Strip Forces by surface

  Forces referred to Sref, Cref, Bref about Xref, Yref, Zref
 Standard axis orientation,  X fwd, Z down         

  Surface # 1     FrontWing                               
     # Chordwise = 12   # Spanwise = 20     First strip =  1
     Surface area =   59.987980       Ave. chord =    2.999398
     CLsurf  =   0.80355     Clsurf  =  -0.17340
     CYsurf  =   0.00318     Cmsurf  =  -0.43393
     CDsurf  =   0.02968     Cnsurf  =  -0.02899
     CDisurf =   0.02968     CDvsurf =   0.00000

  Forces referred to Ssurf, Cave about hinge axis thru LE
     CLsurf  =   1.60206     CDsurf  =   0.05918
     Deflect =

 Strip Forces referred to Strip Area, Chord
    j      Yle    Chord     Area     c cl      ai      cl_norm  cl       cd       cdv    cm_c/4    cm_LE  C.P.x/c
     1   0.0299   3.7500   0.4480   5.8739   0.1095   1.5875   1.5875   0.0583   0.0000  -0.1358  -0.5274    0.336
     2   0.2681   3.7500   1.3330   5.8735   0.1093   1.5874   1.5874   0.0584   0.0000  -0.1358  -0.5273    0.336
     3   0.7386   3.7500   2.1851   5.8702   0.1102   1.5865   1.5865   0.0586   0.0000  -0.1358  -0.5271    0.336
     4   1.4299   3.7500   2.9835   5.8595   0.1153   1.5834   1.5834   0.0593   0.0000  -0.1359  -0.5265    0.336
     5   2.3249   3.7500   3.7084   5.8345   0.1117   1.5762   1.5762   0.0611   0.0000  -0.1362  -0.5252    0.336
     6   3.4016   3.7500   4.3420   5.7861  -0.1109   1.5619   1.5619   0.0663   0.0000  -0.1375  -0.5233    0.338
     7   4.6579   3.6729   4.9520   5.7002   0.1442   1.5831   1.5715   0.0648   0.0000  -0.1377  -0.5221    0.338
     8   6.0668   3.5078   5.1245   5.5668  -0.2640   1.6207   1.6088   0.0574   0.0000  -0.1362  -0.5293    0.335
     9   7.5707   3.3316   5.1225   5.3913   0.0346   1.6539   1.6418   0.0522   0.0000  -0.1359  -0.5367    0.333
    10   9.1324   3.1485   4.9633   5.1798   0.0490   1.6821   1.6697   0.0498   0.0000  -0.1358  -0.5433    0.331
    11  10.7137   2.9632   4.6712   4.9394   0.0543   1.7047   1.6922   0.0487   0.0000  -0.1356  -0.5486    0.330
    12  12.2755   2.7802   4.2748   4.6759   0.0586   1.7200   1.7074   0.0489   0.0000  -0.1352  -0.5519    0.329
    13  13.7793   2.6040   3.8041   4.3919   0.0647   1.7244   1.7118   0.0512   0.0000  -0.1344  -0.5522    0.329
    14  15.1883   2.4389   3.2882   4.0855   0.0743   1.7116   1.6990   0.0564   0.0000  -0.1327  -0.5477    0.328
    15  16.4675   2.2890   2.7522   3.7473   0.0899   1.6706   1.6584   0.0651   0.0000  -0.1296  -0.5351    0.328
    16  17.5856   2.1579   2.2161   3.3564   0.1140   1.5841   1.5725   0.0769   0.0000  -0.1235  -0.5088    0.329
    17  18.5151   2.0490   1.6929   2.8779   0.1491   1.4263   1.4158   0.0894   0.0000  -0.1121  -0.4601    0.329
    18  19.2329   1.9649   1.1890   2.2659   0.1954   1.1665   1.1579   0.0953   0.0000  -0.0927  -0.3784    0.330
    19  19.7216   1.9076   0.7042   1.4832   0.2519   0.7827   0.7770   0.0822   0.0000  -0.0643  -0.2569    0.333
    20  19.9689   1.8786   0.2331   0.5269   0.3150   0.2810   0.2789   0.0361   0.0000  -0.0252  -0.0947    0.340

  Surface # 2     FrontWing (YDUP)                        
     # Chordwise = 12   # Spanwise = 20     First strip = 21
     Surface area =   59.987980       Ave. chord =    2.999398
     CLsurf  =   0.80355     Clsurf  =   0.17340
     CYsurf  =  -0.00318     Cmsurf  =  -0.43393
     CDsurf  =   0.02968     Cnsurf  =   0.02899
     CDisurf =   0.02968     CDvsurf =   0.00000

  Forces referred to Ssurf, Cave about hinge axis thru LE
     CLsurf  =   1.60206     CDsurf  =   0.05918
     Deflect =

 Strip Forces referred to Strip Area, Chord
    j      Yle    Chord     Area     c cl      ai      cl_norm  cl       cd       cdv    cm_c/4    cm_LE  C.P.x/c
    21  -0.0299   3.7500   0.4480   5.8739   0.1095   1.5875   1.5875   0.0583   0.0000  -0.1358   0.5274    0.336
    22  -0.2681   3.7500   1.3330   5.8735   0.1093   1.5874   1.5874   0.0584   0.0000  -0.1358   0.5273    0.336
    23  -0.7386   3.7500   2.1851   5.8702   0.1102   1.5865   1.5865   0.0586   0.0000  -0.1358   0.5271    0.336
    24  -1.4299   3.7500   2.9835   5.8595   0.1153   1.5834   1.5834   0.0593   0.0000  -0.1359   0.5265    0.336
    25  -2.3249   3.7500   3.7084   5.8345   0.1117   1.5762   1.5762   0.0611   0.0000  -0.1362   0.5252    0.336
    26  -3.4016   3.7500   4.3420   5.7861  -0.1109   1.5619   1.5619   0.0663   0.0000  -0.1375   0.5233    0.338
    27  -4.6579   3.6729   4.9520   5.7002   0.1442   1.5831   1.5715   0.0648   0.0000  -0.1377   0.5221    0.338
    28  -6.0668   3.5078   5.1245   5.5668  -0.2640   1.6207   1.6088   0.0574   0.0000  -0.1362   0.5293    0.335
    29  -7.5707   3.3316   5.1225   5.3913   0.0346   1.6539   1.6418   0.0522   0.0000  -0.1359   0.5367    0.333
    30  -9.1324   3.1485   4.9633   5.1798   0.0490   1.6821   1.6697   0.0498   0.0000  -0.1358   0.5433    0.331
    31 -10.7137   2.9632   4.6712   4.9394   0.0543   1.7047   1.6922   0.0487   0.0000  -0.1356   0.5486    0.330
    32 -12.2755   2.7802   4.2748   4.6759   0.0586   1.7200   1.7074   0.0489   0.0000  -0.1352   0.5519    0.329
    33 -13.7793   2.6040   3.8041   4.3919   0.0647   1.7244   1.7118   0.0512   0.0000  -0.1344   0.5522    0.329
    34 -15.1883   2.4389   3.2882   4.0855   0.0743   1.7116   1.6990   0.0564   0.0000  -0.1327   0.5477    0.328
    35 -16.4675   2.2890   2.7522   3.7473   0.0899   1.6706   1.6584   0.0651   0.0000  -0.1296   0.5351    0.328
    36 -17.5856   2.1579   2.2161   3.3564   0.1140   1.5841   1.5725   0.0769   0.0000  -0.1235   0.5088    0.329
    37 -18.5151   2.0490   1.6929   2.8779   0.1491   1.4263   1.4158   0.0894   0.0000  -0.1121   0.4601    0.329
    38 -19.2329   1.9649   1.1890   2.2659   0.1954   1.1665   1.1579   0.0953   0.0000  -0.0927   0.3784    0.330
    39 -19.7216   1.9076   0.7042   1.4832   0.2519   0.7827   0.7770   0.0822   0.0000  -0.0643   0.2569    0.333
    40 -19.9689   1.8786   0.2331   0.5269   0.3150   0.2810   0.2789   0.0361   0.0000  -0.0252   0.0947    0.340

  Surface # 3     Second Wing2                            
     # Chordwise = 12   # Spanwise = 24     First strip = 41
     Surface area =   12.000000       Ave. chord =    2.000000
     CLsurf  =   0.04644     Clsurf  =  -0.00311
     CYsurf  =   0.00000     Cmsurf  =  -0.16104
     CDsurf  =   0.00562     Cnsurf  =  -0.00025
     CDisurf =   0.00562     CDvsurf =   0.00000

  Forces referred to Ssurf, Cave about hinge axis thru LE
     CLsurf  =   0.46288     CDsurf  =   0.05605
     Deflect =

 Strip Forces referred to Strip Area, Chord
    j      Yle    Chord     Area     c cl      ai      cl_norm  cl       cd       cdv    cm_c/4    cm_LE  C.P.x/c
    41   0.0064   2.0000   0.0513   1.0782   0.1097   0.5374   0.5374   0.0634   0.0000  -0.0016  -0.1364    0.253
    42   0.0576   2.0000   0.1531   1.0782   0.1099   0.5374   0.5374   0.0634   0.0000  -0.0016  -0.1364    0.253
    43   0.1592   2.0000   0.2523   1.0782   0.1087   0.5374   0.5374   0.0634   0.0000  -0.0016  -0.1364    0.253
    44   0.3094   2.0000   0.3471   1.0779   0.1103   0.5373   0.5373   0.0634   0.0000  -0.0016  -0.1364    0.253
    45   0.5056   2.0000   0.4360   1.0774   0.1008   0.5370   0.5370   0.0634   0.0000  -0.0016  -0.1363    0.253
    46   0.7445   2.0000   0.5175   1.0764   0.1104   0.5365   0.5365   0.0633   0.0000  -0.0016  -0.1361    0.253
    47   1.0220   2.0000   0.5901   1.0747   0.1339   0.5357   0.5357   0.0633   0.0000  -0.0015  -0.1359    0.253
    48   1.3333   2.0000   0.6526   1.0722   0.1095   0.5344   0.5344   0.0632   0.0000  -0.0014  -0.1354    0.253
    49   1.6731   2.0000   0.7039   1.0687   0.1212   0.5326   0.5326   0.0630   0.0000  -0.0013  -0.1349    0.252
    50   2.0357   2.0000   0.7432   1.0638   0.1037   0.5302   0.5302   0.0628   0.0000  -0.0010  -0.1340    0.252
    51   2.4147   2.0000   0.7698   1.0570   0.1197   0.5268   0.5268   0.0624   0.0000  -0.0007  -0.1328    0.251
    52   2.8038   2.0000   0.7832   1.0475   0.2206   0.5221   0.5221   0.0618   0.0000  -0.0001  -0.1310    0.250
    53   3.1962   2.0000   0.7832   1.0320   0.1172   0.5143   0.5143   0.0609   0.0000   0.0008  -0.1282    0.248
    54   3.5853   2.0000   0.7698   1.0026   0.1348   0.4996   0.4996   0.0595   0.0000   0.0019  -0.1234    0.246
    55   3.9643   2.0000   0.7432   0.9499   0.2879   0.4731   0.4731   0.0574   0.0000   0.0032  -0.1156    0.243
    56   4.3269   2.0000   0.7039   0.8863   0.1275   0.4413   0.4413   0.0546   0.0000   0.0048  -0.1060    0.239
    57   4.6667   2.0000   0.6526   0.8250   0.1491   0.4106   0.4106   0.0513   0.0000   0.0067  -0.0965    0.234
    58   4.9780   2.0000   0.5901   0.7528   0.1744   0.3745   0.3745   0.0476   0.0000   0.0083  -0.0858    0.228
    59   5.2555   2.0000   0.5175   0.6614   0.2656   0.3287   0.3287   0.0435   0.0000   0.0090  -0.0737    0.223
    60   5.4944   2.0000   0.4360   0.5563   0.0748   0.2761   0.2761   0.0384   0.0000   0.0091  -0.0604    0.217
    61   5.6906   2.0000   0.3471   0.4439   0.1220   0.2201   0.2201   0.0318   0.0000   0.0089  -0.0466    0.210
    62   5.8408   2.0000   0.2523   0.3248   0.1393   0.1609   0.1609   0.0241   0.0000   0.0079  -0.0327    0.201
    63   5.9424   2.0000   0.1531   0.1986   0.1501   0.0982   0.0982   0.0153   0.0000   0.0056  -0.0193    0.193
    64   5.9936   2.0000   0.0513   0.0669   0.1557   0.0330   0.0330   0.0054   0.0000   0.0020  -0.0063    0.188

  Surface # 4     Second Wing2 (YDUP)                     
     # Chordwise = 12   # Spanwise = 24     First strip = 65
     Surface area =   12.000000       Ave. chord =    2.000000
     CLsurf  =   0.04644     Clsurf  =   0.00311
     CYsurf  =  -0.00000     Cmsurf  =  -0.16104
     CDsurf  =   0.00562     Cnsurf  =   0.00025
     CDisurf =   0.00562     CDvsurf =   0.00000

  Forces referred to Ssurf, Cave about hinge axis thru LE
     CLsurf  =   0.46288     CDsurf  =   0.05605
     Deflect =

 Strip Forces referred to Strip Area, Chord
    j      Yle    Chord     Area     c cl      ai      cl_norm  cl       cd       cdv    cm_c/4    cm_LE  C.P.x/c
    65  -0.0064   2.0000   0.0513   1.0782   0.1097   0.5374   0.5374   0.0634   0.0000  -0.0016   0.1364    0.253
    66  -0.0576   2.0000   0.1531   1.0782   0.1099   0.5374   0.5374   0.0634   0.0000  -0.0016   0.1364    0.253
    67  -0.1592   2.0000   0.2523   1.0782   0.1087   0.5374   0.5374   0.0634   0.0000  -0.0016   0.1364    0.253
    68  -0.3094   2.0000   0.3471   1.0779   0.1103   0.5373   0.5373   0.0634   0.0000  -0.0016   0.1364    0.253
    69  -0.5056   2.0000   0.4360   1.0774   0.1008   0.5370   0.5370   0.0634   0.0000  -0.0016   0.1363    0.253
    70  -0.7445   2.0000   0.5175   1.0764   0.1104   0.5365   0.5365   0.0633   0.0000  -0.0016   0.1361    0.253
    71  -1.0220   2.0000   0.5901   1.0747   0.1339   0.5357   0.5357   0.0633   0.0000  -0.0015   0.1359    0.253
    72  -1.3333   2.0000   0.6526   1.0722   0.1095   0.5344   0.5344   0.0632   0.0000  -0.0014   0.1354    0.253
    73  -1.6731   2.0000   0.7039   1.0687   0.1212   0.5326   0.5326   0.0630   0.0000  -0.0013   0.1349    0.252
    74  -2.0357   2.0000   0.7432   1.0638   0.1037   0.5302   0.5302   0.0628   0.0000  -0.0010   0.1340    0.252
    75  -2.4147   2.0000   0.7698   1.0570   0.1197   0.5268   0.5268   0.0624   0.0000  -0.0007   0.1328    0.251
    76  -2.8038   2.0000   0.7832   1.0475   0.2206   0.5221   0.5221   0.0618   0.0000  -0.0001   0.1310    0.250
    77  -3.1962   2.0000   0.7832   1.0320   0.1172   0.5143   0.5143   0.0609   0.0000   0.0008   0.1282    0.248
    78  -3.5853   2.0000   0.7698   1.0026   0.1348   0.4996   0.4996   0.0595   0.0000   0.0019   0.1234    0.246
    79  -3.9643   2.0000   0.7432   0.9499   0.2879   0.4731   0.4731   0.0574   0.0000   0.0032   0.1156    0.243
    80  -4.3269   2.0000   0.7039   0.8863   0.1275   0.4413   0.4413   0.0546   0.0000   0.0048   0.1060    0.239
    81  -4.6667   2.0000   0.6526   0.8250   0.1491   0.4106   0.4106   0.0513   0.0000   0.0067   0.0965    0.234
    82  -4.9780   2.0000   0.5901   0.7528   0.1744   0.3745   0.3745   0.0476   0.0000   0.0083   0.0858    0.228
    83  -5.2555   2.0000   0.5175   0.6614   0.2656   0.3287   0.3287   0.0435   0.0000   0.0090   0.0737    0.223
    84  -5.4944   2.0000   0.4360   0.5563   0.0748   0.2761   0.2761   0.0384   0.0000   0.0091   0.0604    0.217
    85  -5.6906   2.0000   0.3471   0.4439   0.1220   0.2201   0.2201   0.0318   0.0000   0.0089   0.0466    0.210
    86  -5.8408   2.0000   0.2523   0.3248   0.1393   0.1609   0.1609   0.0241   0.0000   0.0079   0.0327    0.201
    87  -5.9424   2.0000   0.1531   0.1986   0.1501   0.0982   0.0982   0.0153   0.0000   0.0056   0.0193    0.193
    88  -5.9936   2.0000   0.0513   0.0669   0.1557   0.0330   0.0330   0.0054   0.0000   0.0020   0.0063    0.188

  Surface # 5     Fin                                     
     # Chordwise = 12   # Spanwise = 12     First strip = 89
     Surface area =    4.000000       Ave. chord =    1.600000
     CLsurf  =   0.00001     Clsurf  =  -0.00005
     CYsurf  =  -0.00189     Cmsurf  =  -0.00003
     CDsurf  =  -0.00002     Cnsurf  =   0.00051
     CDisurf =  -0.00002     CDvsurf =   0.00000

  Forces referred to Ssurf, Cave about hinge axis thru LE
     CLsurf  =   0.05652     CDsurf  =  -0.00051
     Deflect =

 Strip Forces referred to Strip Area, Chord
    j      Yle    Chord     Area     c cl      ai      cl_norm  cl       cd       cdv    cm_c/4    cm_LE  C.P.x/c
    89   4.0000   1.9966   0.0850   0.0087  -0.6585   0.0053   0.0044   0.0000   0.0000  -0.0004  -0.0016    0.337
    90   4.0000   1.9696   0.2459   0.0286  -0.0999   0.0177   0.0145  -0.0000   0.0000  -0.0012  -0.0052    0.332
    91   4.0000   1.9173   0.3809   0.0537  -0.0582   0.0342   0.0280  -0.0000   0.0000  -0.0020  -0.0097    0.320
    92   4.0000   1.8435   0.4773   0.0809  -0.0411   0.0536   0.0439  -0.0001   0.0000  -0.0023  -0.0144    0.303
    93   4.0000   1.7531   0.5285   0.1037  -0.0324   0.0723   0.0592  -0.0003   0.0000  -0.0020  -0.0184    0.284
    94   4.0000   1.6522   0.5345   0.1177  -0.0272   0.0870   0.0713  -0.0006   0.0000  -0.0012  -0.0211    0.266
    95   4.0000   1.5478   0.5007   0.1211  -0.0236   0.0956   0.0783  -0.0008   0.0000  -0.0002  -0.0222    0.252
    96   4.0000   1.4469   0.4362   0.1144  -0.0208   0.0966   0.0790  -0.0010   0.0000   0.0009  -0.0215    0.238
    97   4.0000   1.3565   0.3512   0.0989  -0.0185   0.0891   0.0729  -0.0010   0.0000   0.0020  -0.0189    0.223
    98   4.0000   1.2827   0.2548   0.0763  -0.0164   0.0727   0.0595  -0.0008   0.0000   0.0027  -0.0144    0.204
    99   4.0000   1.2304   0.1537   0.0482  -0.0149   0.0479   0.0392  -0.0005   0.0000   0.0026  -0.0088    0.184
   100   4.0000   1.2034   0.0513   0.0165  -0.0139   0.0168   0.0137  -0.0002   0.0000   0.0011  -0.0029    0.169

  Surface # 6     Fin (YDUP)                              
     # Chordwise = 12   # Spanwise = 12     First strip =101
     Surface area =    4.000000       Ave. chord =    1.600000
     CLsurf  =   0.00001     Clsurf  =   0.00005
     CYsurf  =   0.00189     Cmsurf  =  -0.00003
     CDsurf  =  -0.00002     Cnsurf  =  -0.00051
     CDisurf =  -0.00002     CDvsurf =   0.00000

  Forces referred to Ssurf, Cave about hinge axis thru LE
     CLsurf  =   0.05652     CDsurf  =  -0.00051
     Deflect =

 Strip Forces referred to Strip Area, Chord
    j      Yle    Chord     Area     c cl      ai      cl_norm  cl       cd       cdv    cm_c/4    cm_LE  C.P.x/c
   101  -4.0000   1.9966   0.0850   0.0087  -0.6585   0.0053   0.0044   0.0000   0.0000  -0.0004   0.0016    0.337
   102  -4.0000   1.9696   0.2459   0.0286  -0.0999   0.0177   0.0145  -0.0000   0.0000  -0.0012   0.0052    0.332
   103  -4.0000   1.9173   0.3809   0.0537  -0.0582   0.0342   0.0280  -0.0000   0.0000  -0.0020   0.0097    0.320
   104  -4.0000   1.8435   0.4773   0.0809  -0.0411   0.0536   0.0439  -0.0001   0.0000  -0.0023   0.0144    0.303
   105  -4.0000   1.7531   0.5285   0.1037  -0.0324   0.0723   0.0592  -0.0003   0.0000  -0.0020   0.0184    0.284
   106  -4.0000   1.6522   0.5345   0.1177  -0.0272   0.0870   0.0713  -0.0006   0.0000  -0.0012   0.0211    0.266
   107  -4.0000   1.5478   0.5007   0.1211  -0.0236   0.0956   0.0783  -0.0008   0.0000  -0.0002   0.0222    0.252
   108  -4.0000   1.4469   0.4362   0.1144  -0.0208   0.0966   0.0790  -0.0010   0.0000   0.0009   0.0215    0.238
   109  -4.0000   1.3565   0.3512   0.0989  -0.0185   0.0891   0.0729  -0.0010   0.0000   0.0020   0.0189    0.223
   110  -4.0000   1.2827   0.2548   0.0763  -0.0164   0.0727   0.0595  -0.0008   0.0000   0.0027   0.0144    0.204
   111  -4.0000   1.2304   0.1537   0.0482  -0.0149   0.0479   0.0392  -0.0005   0.0000   0.0026   0.0088    0.184
   112  -4.0000   1.2034   0.0513   0.0165  -0.0139   0.0168   0.0137  -0.0002   0.0000   0.0011   0.0029    0.169
 ---------------------------------------------------------------
