 ---------------------------------------------------------------
 Surface and Strip Forces by surface

  Forces referred to Sref, Cref, Bref about Xref, Yref, Zref
 Standard axis orientation,  X fwd, Z down         

  Surface # 1     FrontWing                               
     # Chordwise = 12   # Spanwise = 20     First strip =  1
     Surface area =   59.987980       Ave. chord =    2.999398
     CLsurf  =   0.71339     Clsurf  =  -0.15499
     CYsurf  =   0.00259     Cmsurf  =  -0.39601
     CDsurf  =   0.02363     Cnsurf  =  -0.02085
     CDisurf =   0.02363     CDvsurf =   0.00000

  Forces referred to Ssurf, Cave about hinge axis thru LE
     CLsurf  =   1.42231     CDsurf  =   0.04711
     Deflect =

 Strip Forces referred to Strip Area, Chord
    j      Yle    Chord     Area     c cl      ai      cl_norm  cl       cd       cdv    cm_c/4    cm_LE  C.P.x/c
     1   0.0299   3.7500   0.4480   5.2217   0.0924   1.4047   1.4047   0.0458   0.0000  -0.1378  -0.4859    0.348
     2   0.2681   3.7500   1.3330   5.2213   0.0923   1.4046   1.4046   0.0458   0.0000  -0.1378  -0.4858    0.348
     3   0.7386   3.7500   2.1851   5.2185   0.0929   1.4038   1.4038   0.0460   0.0000  -0.1378  -0.4857    0.348
     4   1.4299   3.7500   2.9835   5.2092   0.0967   1.4012   1.4012   0.0465   0.0000  -0.1378  -0.4851    0.348
     5   2.3249   3.7500   3.7084   5.1876   0.0948   1.3951   1.3951   0.0479   0.0000  -0.1381  -0.4840    0.349
     6   3.4016   3.7500   4.3420   5.1456  -0.0749   1.3831   1.3831   0.0517   0.0000  -0.1392  -0.4823    0.351
     7   4.6579   3.6729   4.9520   5.0708   0.1206   1.4023   1.3918   0.0506   0.0000  -0.1394  -0.4812    0.350
     8   6.0668   3.5078   5.1245   4.9544  -0.1997   1.4357   1.4250   0.0452   0.0000  -0.1382  -0.4879    0.347
     9   7.5707   3.3316   5.1225   4.8012   0.0338   1.4657   1.4548   0.0413   0.0000  -0.1379  -0.4948    0.345
    10   9.1324   3.1485   4.9633   4.6166   0.0450   1.4917   1.4806   0.0396   0.0000  -0.1378  -0.5010    0.343
    11  10.7137   2.9632   4.6712   4.4066   0.0492   1.5131   1.5018   0.0389   0.0000  -0.1377  -0.5060    0.342
    12  12.2755   2.7802   4.2748   4.1760   0.0529   1.5283   1.5169   0.0392   0.0000  -0.1374  -0.5094    0.341
    13  13.7793   2.6040   3.8041   3.9271   0.0583   1.5342   1.5228   0.0413   0.0000  -0.1366  -0.5101    0.340
    14  15.1883   2.4389   3.2882   3.6578   0.0669   1.5249   1.5136   0.0457   0.0000  -0.1351  -0.5066    0.339
    15  16.4675   2.2890   2.7522   3.3596   0.0810   1.4909   1.4798   0.0529   0.0000  -0.1323  -0.4958    0.339
    16  17.5856   2.1579   2.2161   3.0137   0.1027   1.4165   1.4060   0.0626   0.0000  -0.1268  -0.4727    0.340
    17  18.5151   2.0490   1.6929   2.5886   0.1345   1.2786   1.2691   0.0731   0.0000  -0.1164  -0.4293    0.342
    18  19.2329   1.9649   1.1890   2.0430   0.1772   1.0492   1.0414   0.0782   0.0000  -0.0982  -0.3557    0.344
    19  19.7216   1.9076   0.7042   1.3416   0.2305   0.7071   0.7019   0.0677   0.0000  -0.0700  -0.2441    0.350
    20  19.9689   1.8786   0.2331   0.4782   0.2918   0.2551   0.2532   0.0296   0.0000  -0.0279  -0.0909    0.360

  Surface # 2     FrontWing (YDUP)                        
     # Chordwise = 12   # Spanwise = 20     First strip = 21
     Surface area =   59.987980       Ave. chord =    2.999398
     CLsurf  =   0.71339     Clsurf  =   0.15499
     CYsurf  =  -0.00259     Cmsurf  =  -0.39601
     CDsurf  =   0.02363     Cnsurf  =   0.02085
     CDisurf =   0.02363     CDvsurf =   0.00000

  Forces referred to Ssurf, Cave about hinge axis thru LE
     CLsurf  =   1.42231     CDsurf  =   0.04711
     Deflect =

 Strip Forces referred to Strip Area, Chord
    j      Yle    Chord     Area     c cl      ai      cl_norm  cl       cd       cdv    cm_c/4    cm_LE  C.P.x/c
    21  -0.0299   3.7500   0.4480   5.2217   0.0924   1.4047   1.4047   0.0458   0.0000  -0.1378   0.4859    0.348
    22  -0.2681   3.7500   1.3330   5.2213   0.0923   1.4046   1.4046   0.0458   0.0000  -0.1378   0.4858    0.348
    23  -0.7386   3.7500   2.1851   5.2185   0.0929   1.4038   1.4038   0.0460   0.0000  -0.1378   0.4857    0.348
    24  -1.4299   3.7500   2.9835   5.2092   0.0967   1.4012   1.4012   0.0465   0.0000  -0.1378   0.4851    0.348
    25  -2.3249   3.7500   3.7084   5.1876   0.0948   1.3951   1.3951   0.0479   0.0000  -0.1381   0.4840    0.349
    26  -3.4016   3.7500   4.3420   5.1456  -0.0749   1.3831   1.3831   0.0517   0.0000  -0.1392   0.4823    0.351
    27  -4.6579   3.6729   4.9520   5.0708   0.1206   1.4023   1.3918   0.0506   0.0000  -0.1394   0.4812    0.350
    28  -6.0668   3.5078   5.1245   4.9544  -0.1997   1.4357   1.4250   0.0452   0.0000  -0.1382   0.4879    0.347
    29  -7.5707   3.3316   5.1225   4.8012   0.0338   1.4657   1.4548   0.0413   0.0000  -0.1379   0.4948    0.345
    30  -9.1324   3.1485   4.9633   4.6166   0.0450   1.4917   1.4806   0.0396   0.0000  -0.1378   0.5010    0.343
    31 -10.7137   2.9632   4.6712   4.4066   0.0492   1.5131   1.5018   0.0389   0.0000  -0.1377   0.5060    0.342
    32 -12.2755   2.7802   4.2748   4.1760   0.0529   1.5283   1.5169   0.0392   0.0000  -0.1374   0.5094    0.341
    33 -13.7793   2.6040   3.8041   3.9271   0.0583   1.5342   1.5228   0.0413   0.0000  -0.1366   0.5101    0.340
    34 -15.1883   2.4389   3.2882   3.6578   0.0669   1.5249   1.5136   0.0457   0.0000  -0.1351   0.5066    0.339
    35 -16.4675   2.2890   2.7522   3.3596   0.0810   1.4909   1.4798   0.0529   0.0000  -0.1323   0.4958    0.339
    36 -17.5856   2.1579   2.2161   3.0137   0.1027   1.4165   1.4060   0.0626   0.0000  -0.1268   0.4727    0.340
    37 -18.5151   2.0490   1.6929   2.5886   0.1345   1.2786   1.2691   0.0731   0.0000  -0.1164   0.4293    0.342
    38 -19.2329   1.9649   1.1890   2.0430   0.1772   1.0492   1.0414   0.0782   0.0000  -0.0982   0.3557    0.344
    39 -19.7216   1.9076   0.7042   1.3416   0.2305   0.7071   0.7019   0.0677   0.0000  -0.0700   0.2441    0.350
    40 -19.9689   1.8786   0.2331   0.4782   0.2918   0.2551   0.2532   0.0296   0.0000  -0.0279   0.0909    0.360

  Surface # 3     Second Wing2                            
     # Chordwise = 12   # Spanwise = 24     First strip = 41
     Surface area =   12.000000       Ave. chord =    2.000000
     CLsurf  =   0.03661     Clsurf  =  -0.00246
     CYsurf  =   0.00000     Cmsurf  =  -0.12690
     CDsurf  =   0.00382     Cnsurf  =  -0.00015
     CDisurf =   0.00382     CDvsurf =   0.00000

  Forces referred to Ssurf, Cave about hinge axis thru LE
     CLsurf  =   0.36485     CDsurf  =   0.03804
     Deflect =

 Strip Forces referred to Strip Area, Chord
    j      Yle    Chord     Area     c cl      ai      cl_norm  cl       cd       cdv    cm_c/4    cm_LE  C.P.x/c
    41   0.0064   2.0000   0.0513   0.8471   0.0925   0.4223   0.4223   0.0431   0.0000  -0.0017  -0.1076    0.254
    42   0.0576   2.0000   0.1531   0.8471   0.0927   0.4223   0.4223   0.0431   0.0000  -0.0017  -0.1076    0.254
    43   0.1592   2.0000   0.2523   0.8471   0.0916   0.4223   0.4223   0.0431   0.0000  -0.0017  -0.1076    0.254
    44   0.3094   2.0000   0.3471   0.8469   0.0930   0.4222   0.4222   0.0431   0.0000  -0.0017  -0.1075    0.254
    45   0.5056   2.0000   0.4360   0.8465   0.0849   0.4220   0.4220   0.0431   0.0000  -0.0017  -0.1075    0.254
    46   0.7445   2.0000   0.5175   0.8458   0.0931   0.4217   0.4217   0.0431   0.0000  -0.0016  -0.1074    0.254
    47   1.0220   2.0000   0.5901   0.8447   0.1133   0.4211   0.4211   0.0430   0.0000  -0.0016  -0.1072    0.254
    48   1.3333   2.0000   0.6526   0.8429   0.0923   0.4202   0.4202   0.0429   0.0000  -0.0015  -0.1069    0.254
    49   1.6731   2.0000   0.7039   0.8404   0.1023   0.4190   0.4190   0.0428   0.0000  -0.0014  -0.1064    0.253
    50   2.0357   2.0000   0.7432   0.8370   0.0871   0.4173   0.4173   0.0427   0.0000  -0.0012  -0.1058    0.253
    51   2.4147   2.0000   0.7698   0.8323   0.1009   0.4149   0.4149   0.0424   0.0000  -0.0009  -0.1049    0.252
    52   2.8038   2.0000   0.7832   0.8256   0.1877   0.4116   0.4116   0.0420   0.0000  -0.0004  -0.1036    0.251
    53   3.1962   2.0000   0.7832   0.8142   0.0986   0.4059   0.4059   0.0414   0.0000   0.0003  -0.1014    0.249
    54   3.5853   2.0000   0.7698   0.7916   0.1139   0.3946   0.3946   0.0404   0.0000   0.0012  -0.0978    0.247
    55   3.9643   2.0000   0.7432   0.7502   0.2487   0.3739   0.3739   0.0390   0.0000   0.0022  -0.0916    0.244
    56   4.3269   2.0000   0.7039   0.7002   0.1056   0.3489   0.3489   0.0370   0.0000   0.0035  -0.0841    0.240
    57   4.6667   2.0000   0.6526   0.6523   0.1244   0.3249   0.3249   0.0348   0.0000   0.0050  -0.0765    0.235
    58   4.9780   2.0000   0.5901   0.5953   0.1462   0.2964   0.2964   0.0322   0.0000   0.0063  -0.0681    0.229
    59   5.2555   2.0000   0.5175   0.5224   0.2247   0.2600   0.2600   0.0294   0.0000   0.0068  -0.0585    0.224
    60   5.4944   2.0000   0.4360   0.4386   0.0589   0.2181   0.2181   0.0258   0.0000   0.0068  -0.0480    0.219
    61   5.6906   2.0000   0.3471   0.3496   0.0995   0.1737   0.1737   0.0213   0.0000   0.0067  -0.0370    0.212
    62   5.8408   2.0000   0.2523   0.2557   0.1142   0.1269   0.1269   0.0161   0.0000   0.0059  -0.0260    0.203
    63   5.9424   2.0000   0.1531   0.1563   0.1234   0.0776   0.0776   0.0102   0.0000   0.0042  -0.0153    0.196
    64   5.9936   2.0000   0.0513   0.0527   0.1282   0.0261   0.0261   0.0036   0.0000   0.0016  -0.0050    0.191

  Surface # 4     Second Wing2 (YDUP)                     
     # Chordwise = 12   # Spanwise = 24     First strip = 65
     Surface area =   12.000000       Ave. chord =    2.000000
     CLsurf  =   0.03661     Clsurf  =   0.00246
     CYsurf  =   0.00000     Cmsurf  =  -0.12690
     CDsurf  =   0.00382     Cnsurf  =   0.00015
     CDisurf =   0.00382     CDvsurf =   0.00000

  Forces referred to Ssurf, Cave about hinge axis thru LE
     CLsurf  =   0.36485     CDsurf  =   0.03804
     Deflect =

 Strip Forces referred to Strip Area, Chord
    j      Yle    Chord     Area     c cl      ai      cl_norm  cl       cd       cdv    cm_c/4    cm_LE  C.P.x/c
    65  -0.0064   2.0000   0.0513   0.8471   0.0925   0.4223   0.4223   0.0431   0.0000  -0.0017   0.1076    0.254
    66  -0.0576   2.0000   0.1531   0.8471   0.0927   0.4223   0.4223   0.0431   0.0000  -0.0017   0.1076    0.254
    67  -0.1592   2.0000   0.2523   0.8471   0.0916   0.4223   0.4223   0.0431   0.0000  -0.0017   0.1076    0.254
    68  -0.3094   2.0000   0.3471   0.8469   0.0930   0.4222   0.4222   0.0431   0.0000  -0.0017   0.1075    0.254
    69  -0.5056   2.0000   0.4360   0.8465   0.0849   0.4220   0.4220   0.0431   0.0000  -0.0017   0.1075    0.254
    70  -0.7445   2.0000   0.5175   0.8458   0.0931   0.4217   0.4217   0.0431   0.0000  -0.0016   0.1074    0.254
    71  -1.0220   2.0000   0.5901   0.8447   0.1133   0.4211   0.4211   0.0430   0.0000  -0.0016   0.1072    0.254
    72  -1.3333   2.0000   0.6526   0.8429   0.0923   0.4202   0.4202   0.0429   0.0000  -0.0015   0.1069    0.254
    73  -1.6731   2.0000   0.7039   0.8404   0.1023   0.4190   0.4190   0.0428   0.0000  -0.0014   0.1064    0.253
    74  -2.0357   2.0000   0.7432   0.8370   0.0871   0.4173   0.4173   0.0427   0.0000  -0.0012   0.1058    0.253
    75  -2.4147   2.0000   0.7698   0.8323   0.1009   0.4149   0.4149   0.0424   0.0000  -0.0009   0.1049    0.252
    76  -2.8038   2.0000   0.7832   0.8256   0.1877   0.4116   0.4116   0.0420   0.0000  -0.0004   0.1036    0.251
    77  -3.1962   2.0000   0.7832   0.8142   0.0986   0.4059   0.4059   0.0414   0.0000   0.0003   0.1014    0.249
    78  -3.5853   2.0000   0.7698   0.7916   0.1139   0.3946   0.3946   0.0404   0.0000   0.0012   0.0978    0.247
    79  -3.9643   2.0000   0.7432   0.7502   0.2487   0.3739   0.3739   0.0390   0.0000   0.0022   0.0916    0.244
    80  -4.3269   2.0000   0.7039   0.7002   0.1056   0.3489   0.3489   0.0370   0.0000   0.0035   0.0841    0.240
    81  -4.6667   2.0000   0.6526   0.6523   0.1244   0.3249   0.3249   0.0348   0.0000   0.0050   0.0765    0.235
    82  -4.9780   2.0000   0.5901   0.5953   0.1462   0.2964   0.2964   0.0322   0.0000   0.0063   0.0681    0.229
    83  -5.2555   2.0000   0.5175   0.5224   0.2247   0.2600   0.2600   0.0294   0.0000   0.0068   0.0585    0.224
    84  -5.4944   2.0000   0.4360   0.4386   0.0589   0.2181   0.2181   0.0258   0.0000   0.0068   0.0480    0.219
    85  -5.6906   2.0000   0.3471   0.3496   0.0995   0.1737   0.1737   0.0213   0.0000   0.0067   0.0370    0.212
    86  -5.8408   2.0000   0.2523   0.2557   0.1142   0.1269   0.1269   0.0161   0.0000   0.0059   0.0260    0.203
    87  -5.9424   2.0000   0.1531   0.1563   0.1234   0.0776   0.0776   0.0102   0.0000   0.0042   0.0153    0.196
    88  -5.9936   2.0000   0.0513   0.0527   0.1282   0.0261   0.0261   0.0036   0.0000   0.0016   0.0050    0.191

  Surface # 5     Fin                                     
     # Chordwise = 12   # Spanwise = 12     First strip = 89
     Surface area =    4.000000       Ave. chord =    1.600000
     CLsurf  =   0.00001     Clsurf  =  -0.00004
     CYsurf  =  -0.00150     Cmsurf  =  -0.00002
     CDsurf  =  -0.00001     Cnsurf  =   0.00040
     CDisurf =  -0.00001     CDvsurf =   0.00000

  Forces referred to Ssurf, Cave about hinge axis thru LE
     CLsurf  =   0.04472     CDsurf  =  -0.00033
     Deflect =

 Strip Forces referred to Strip Area, Chord
    j      Yle    Chord     Area     c cl      ai      cl_norm  cl       cd       cdv    cm_c/4    cm_LE  C.P.x/c
    89   4.0000   1.9966   0.0850   0.0068  -0.5694   0.0040   0.0034   0.0000   0.0000  -0.0003  -0.0012    0.338
    90   4.0000   1.9696   0.2459   0.0223  -0.0846   0.0134   0.0113  -0.0000   0.0000  -0.0010  -0.0040    0.334
    91   4.0000   1.9173   0.3809   0.0418  -0.0484   0.0258   0.0218  -0.0000   0.0000  -0.0016  -0.0074    0.322
    92   4.0000   1.8435   0.4773   0.0629  -0.0342   0.0404   0.0341  -0.0001   0.0000  -0.0019  -0.0111    0.305
    93   4.0000   1.7531   0.5285   0.0811  -0.0269   0.0547   0.0463  -0.0002   0.0000  -0.0016  -0.0142    0.285
    94   4.0000   1.6522   0.5345   0.0928  -0.0224   0.0664   0.0562  -0.0004   0.0000  -0.0009  -0.0163    0.267
    95   4.0000   1.5478   0.5007   0.0961  -0.0194   0.0735   0.0621  -0.0005   0.0000  -0.0001  -0.0172    0.252
    96   4.0000   1.4469   0.4362   0.0913  -0.0170   0.0747   0.0631  -0.0006   0.0000   0.0008  -0.0166    0.238
    97   4.0000   1.3565   0.3512   0.0793  -0.0150   0.0692   0.0585  -0.0006   0.0000   0.0016  -0.0146    0.222
    98   4.0000   1.2827   0.2548   0.0614  -0.0134   0.0566   0.0478  -0.0005   0.0000   0.0022  -0.0112    0.203
    99   4.0000   1.2304   0.1537   0.0388  -0.0121   0.0374   0.0316  -0.0004   0.0000   0.0021  -0.0068    0.183
   100   4.0000   1.2034   0.0513   0.0133  -0.0113   0.0131   0.0111  -0.0001   0.0000   0.0009  -0.0022    0.167

  Surface # 6     Fin (YDUP)                              
     # Chordwise = 12   # Spanwise = 12     First strip =101
     Surface area =    4.000000       Ave. chord =    1.600000
     CLsurf  =   0.00001     Clsurf  =   0.00004
     CYsurf  =   0.00150     Cmsurf  =  -0.00002
     CDsurf  =  -0.00001     Cnsurf  =  -0.00040
     CDisurf =  -0.00001     CDvsurf =   0.00000

  Forces referred to Ssurf, Cave about hinge axis thru LE
     CLsurf  =   0.04472     CDsurf  =  -0.00033
     Deflect =

 Strip Forces referred to Strip Area, Chord
    j      Yle    Chord     Area     c cl      ai      cl_norm  cl       cd       cdv    cm_c/4    cm_LE  C.P.x/c
   101  -4.0000   1.9966   0.0850   0.0068  -0.5694   0.0040   0.0034   0.0000   0.0000  -0.0003   0.0012    0.338
   102  -4.0000   1.9696   0.2459   0.0223  -0.0846   0.0134   0.0113  -0.0000   0.0000  -0.0010   0.0040    0.334
   103  -4.0000   1.9173   0.3809   0.0418  -0.0484   0.0258   0.0218  -0.0000   0.0000  -0.0016   0.0074    0.322
   104  -4.0000   1.8435   0.4773   0.0629  -0.0342   0.0404   0.0341  -0.0001   0.0000  -0.0019   0.0111    0.305
   105  -4.0000   1.7531   0.5285   0.0811  -0.0269   0.0547   0.0463  -0.0002   0.0000  -0.0016   0.0142    0.285
   106  -4.0000   1.6522   0.5345   0.0928  -0.0224   0.0664   0.0562  -0.0004   0.0000  -0.0009   0.0163    0.267
   107  -4.0000   1.5478   0.5007   0.0961  -0.0194   0.0735   0.0621  -0.0005   0.0000  -0.0001   0.0172    0.252
   108  -4.0000   1.4469   0.4362   0.0913  -0.0170   0.0747   0.0631  -0.0006   0.0000   0.0008   0.0166    0.238
   109  -4.0000   1.3565   0.3512   0.0793  -0.0150   0.0692   0.0585  -0.0006   0.0000   0.0016   0.0146    0.222
   110  -4.0000   1.2827   0.2548   0.0614  -0.0134   0.0566   0.0478  -0.0005   0.0000   0.0022   0.0112    0.203
   111  -4.0000   1.2304   0.1537   0.0388  -0.0121   0.0374   0.0316  -0.0004   0.0000   0.0021   0.0068    0.183
   112  -4.0000   1.2034   0.0513   0.0133  -0.0113   0.0131   0.0111  -0.0001   0.0000   0.0009   0.0022    0.167
 ---------------------------------------------------------------
