 ---------------------------------------------------------------
 Surface and Strip Forces by surface

  Forces referred to Sref, Cref, Bref about Xref, Yref, Zref
 Standard axis orientation,  X fwd, Z down         

  Surface # 1     FrontWing                               
     # Chordwise = 12   # Spanwise = 20     First strip =  1
     Surface area =   60.000000       Ave. chord =    3.000000
     CLsurf  =   0.72370     Clsurf  =  -0.16439
     CYsurf  =   0.00000     Cmsurf  =   0.35200
     CDsurf  =   0.02363     Cnsurf  =  -0.02391
     CDisurf =   0.02363     CDvsurf =   0.00000

  Forces referred to Ssurf, Cave about hinge axis thru LE
     CLsurf  =   1.44740     CDsurf  =   0.04727
     Deflect =

 Strip Forces referred to Strip Area, Chord
    j      Yle    Chord     Area     c cl      ai      cl_norm  cl       cd       cdv    cm_c/4    cm_LE  C.P.x/c
     1   0.0308   3.0000   0.3693   4.8222   0.1519   1.6305   1.6305   0.0288   0.0000  -0.1393  -0.5411    0.335
     2   0.2763   3.0000   1.0990   4.8221   0.1512   1.6304   1.6304   0.0288   0.0000  -0.1393  -0.5411    0.335
     3   0.7612   3.0000   1.8015   4.8211   0.1554   1.6301   1.6301   0.0289   0.0000  -0.1393  -0.5410    0.335
     4   1.4736   3.0000   2.4597   4.8181   0.2134   1.6290   1.6290   0.0291   0.0000  -0.1392  -0.5407    0.335
     5   2.3959   3.0000   3.0573   4.8112   0.1612   1.6266   1.6266   0.0295   0.0000  -0.1391  -0.5401    0.336
     6   3.5055   3.0000   3.5796   4.7984   0.1265   1.6221   1.6221   0.0302   0.0000  -0.1390  -0.5388    0.336
     7   4.7750   3.0000   4.0138   4.7776   0.4977   1.6149   1.6149   0.0314   0.0000  -0.1387  -0.5368    0.336
     8   6.1732   3.0000   4.3492   4.7460  -0.4736   1.6038   1.6038   0.0334   0.0000  -0.1383  -0.5338    0.336
     9   7.6655   3.0000   4.5775   4.7032  -0.0325   1.5888   1.5888   0.0359   0.0000  -0.1378  -0.5298    0.337
    10   9.2154   3.0000   4.6930   4.6452   0.0140   1.5684   1.5684   0.0393   0.0000  -0.1372  -0.5243    0.338
    11  10.7846   3.0000   4.6930   4.5671   0.0360   1.5411   1.5411   0.0438   0.0000  -0.1364  -0.5170    0.339
    12  12.3345   3.0000   4.5775   4.4617   0.0523   1.5043   1.5043   0.0494   0.0000  -0.1353  -0.5071    0.340
    13  13.8268   3.0000   4.3492   4.3181   0.0681   1.4543   1.4543   0.0562   0.0000  -0.1336  -0.4934    0.342
    14  15.2250   3.0000   4.0138   4.1210   0.0859   1.3859   1.3859   0.0642   0.0000  -0.1308  -0.4743    0.344
    15  16.4945   3.0000   3.5796   3.8494   0.1072   1.2922   1.2922   0.0725   0.0000  -0.1264  -0.4472    0.348
    16  17.6041   3.0000   3.0573   3.4769   0.1333   1.1644   1.1644   0.0797   0.0000  -0.1193  -0.4090    0.352
    17  18.5264   3.0000   2.4597   2.9746   0.1646   0.9935   0.9935   0.0827   0.0000  -0.1078  -0.3557    0.359
    18  19.2388   3.0000   1.8015   2.3187   0.2016   0.7720   0.7720   0.0772   0.0000  -0.0901  -0.2834    0.367
    19  19.7237   3.0000   1.0989   1.4983   0.2454   0.4972   0.4972   0.0586   0.0000  -0.0636  -0.1885    0.378
    20  19.9692   3.0000   0.3694   0.5255   0.2908   0.1739   0.1739   0.0231   0.0000  -0.0243  -0.0681    0.390

  Surface # 2     FrontWing (YDUP)                        
     # Chordwise = 12   # Spanwise = 20     First strip = 21
     Surface area =   60.000000       Ave. chord =    3.000000
     CLsurf  =   0.72370     Clsurf  =   0.16439
     CYsurf  =  -0.00000     Cmsurf  =   0.35200
     CDsurf  =   0.02363     Cnsurf  =   0.02391
     CDisurf =   0.02363     CDvsurf =   0.00000

  Forces referred to Ssurf, Cave about hinge axis thru LE
     CLsurf  =   1.44740     CDsurf  =   0.04727
     Deflect =

 Strip Forces referred to Strip Area, Chord
    j      Yle    Chord     Area     c cl      ai      cl_norm  cl       cd       cdv    cm_c/4    cm_LE  C.P.x/c
    21  -0.0308   3.0000   0.3693   4.8222   0.1519   1.6305   1.6305   0.0288   0.0000  -0.1393   0.5411    0.335
    22  -0.2763   3.0000   1.0990   4.8221   0.1512   1.6304   1.6304   0.0288   0.0000  -0.1393   0.5411    0.335
    23  -0.7612   3.0000   1.8015   4.8211   0.1554   1.6301   1.6301   0.0289   0.0000  -0.1393   0.5410    0.335
    24  -1.4736   3.0000   2.4597   4.8181   0.2134   1.6290   1.6290   0.0291   0.0000  -0.1392   0.5407    0.335
    25  -2.3959   3.0000   3.0573   4.8112   0.1612   1.6266   1.6266   0.0295   0.0000  -0.1391   0.5401    0.336
    26  -3.5055   3.0000   3.5796   4.7984   0.1265   1.6221   1.6221   0.0302   0.0000  -0.1390   0.5388    0.336
    27  -4.7750   3.0000   4.0138   4.7776   0.4977   1.6149   1.6149   0.0314   0.0000  -0.1387   0.5368    0.336
    28  -6.1732   3.0000   4.3492   4.7460  -0.4736   1.6038   1.6038   0.0334   0.0000  -0.1383   0.5338    0.336
    29  -7.6655   3.0000   4.5775   4.7032  -0.0325   1.5888   1.5888   0.0359   0.0000  -0.1378   0.5298    0.337
    30  -9.2154   3.0000   4.6930   4.6452   0.0140   1.5684   1.5684   0.0393   0.0000  -0.1372   0.5243    0.338
    31 -10.7846   3.0000   4.6930   4.5671   0.0360   1.5411   1.5411   0.0438   0.0000  -0.1364   0.5170    0.339
    32 -12.3345   3.0000   4.5775   4.4617   0.0523   1.5043   1.5043   0.0494   0.0000  -0.1353   0.5071    0.340
    33 -13.8268   3.0000   4.3492   4.3181   0.0681   1.4543   1.4543   0.0562   0.0000  -0.1336   0.4934    0.342
    34 -15.2250   3.0000   4.0138   4.1210   0.0859   1.3859   1.3859   0.0642   0.0000  -0.1308   0.4743    0.344
    35 -16.4945   3.0000   3.5796   3.8494   0.1072   1.2922   1.2922   0.0725   0.0000  -0.1264   0.4472    0.348
    36 -17.6041   3.0000   3.0573   3.4769   0.1333   1.1644   1.1644   0.0797   0.0000  -0.1193   0.4090    0.352
    37 -18.5264   3.0000   2.4597   2.9746   0.1646   0.9935   0.9935   0.0827   0.0000  -0.1078   0.3557    0.359
    38 -19.2388   3.0000   1.8015   2.3187   0.2016   0.7720   0.7720   0.0772   0.0000  -0.0901   0.2834    0.367
    39 -19.7237   3.0000   1.0989   1.4983   0.2454   0.4972   0.4972   0.0586   0.0000  -0.0636   0.1885    0.378
    40 -19.9692   3.0000   0.3694   0.5255   0.2908   0.1739   0.1739   0.0231   0.0000  -0.0243   0.0681    0.390

  Surface # 3     Second Wing2                            
     # Chordwise = 12   # Spanwise = 24     First strip = 41
     Surface area =   12.000000       Ave. chord =    2.000000
     CLsurf  =   0.12626     Clsurf  =  -0.00850
     CYsurf  =  -0.00000     Cmsurf  =  -0.35190
     CDsurf  =   0.01799     Cnsurf  =  -0.00029
     CDisurf =   0.01799     CDvsurf =   0.00000

  Forces referred to Ssurf, Cave about hinge axis thru LE
     CLsurf  =   1.26263     CDsurf  =   0.17986
     Deflect =

 Strip Forces referred to Strip Area, Chord
    j      Yle    Chord     Area     c cl      ai      cl_norm  cl       cd       cdv    cm_c/4    cm_LE  C.P.x/c
    41   0.0064   2.0000   0.0513   2.9954   0.1528   1.4890   1.4890   0.1862   0.0000  -0.1990  -0.5735    0.384
    42   0.0576   2.0000   0.1531   2.9954   0.1528   1.4890   1.4890   0.1862   0.0000  -0.1990  -0.5735    0.384
    43   0.1592   2.0000   0.2523   2.9950   0.1525   1.4888   1.4888   0.1862   0.0000  -0.1990  -0.5734    0.384
    44   0.3094   2.0000   0.3471   2.9939   0.1531   1.4883   1.4883   0.1863   0.0000  -0.1990  -0.5733    0.384
    45   0.5056   2.0000   0.4360   2.9912   0.1485   1.4869   1.4869   0.1864   0.0000  -0.1990  -0.5729    0.384
    46   0.7445   2.0000   0.5175   2.9863   0.1539   1.4843   1.4843   0.1866   0.0000  -0.1989  -0.5722    0.384
    47   1.0220   2.0000   0.5901   2.9780   0.1581   1.4800   1.4800   0.1869   0.0000  -0.1988  -0.5710    0.384
    48   1.3333   2.0000   0.6526   2.9652   0.1557   1.4735   1.4735   0.1873   0.0000  -0.1986  -0.5692    0.385
    49   1.6731   2.0000   0.7039   2.9469   0.1602   1.4640   1.4640   0.1880   0.0000  -0.1983  -0.5667    0.385
    50   2.0357   2.0000   0.7432   2.9216   0.1573   1.4510   1.4510   0.1888   0.0000  -0.1979  -0.5631    0.386
    51   2.4147   2.0000   0.7698   2.8873   0.1657   1.4334   1.4334   0.1899   0.0000  -0.1973  -0.5582    0.388
    52   2.8038   2.0000   0.7832   2.8417   0.1778   1.4099   1.4099   0.1911   0.0000  -0.1964  -0.5517    0.389
    53   3.1962   2.0000   0.7832   2.7796   0.1718   1.3781   1.3781   0.1921   0.0000  -0.1950  -0.5425    0.392
    54   3.5853   2.0000   0.7698   2.6897   0.1745   1.3323   1.3323   0.1926   0.0000  -0.1924  -0.5286    0.394
    55   3.9643   2.0000   0.7432   2.5541   0.1141   1.2636   1.2636   0.1905   0.0000  -0.1876  -0.5069    0.398
    56   4.3269   2.0000   0.7039   2.3930   0.2305   1.1824   1.1824   0.1868   0.0000  -0.1815  -0.4807    0.404
    57   4.6667   2.0000   0.6526   2.2309   0.2384   1.1006   1.1006   0.1829   0.0000  -0.1752  -0.4541    0.409
    58   4.9780   2.0000   0.5901   2.0497   0.2566   1.0096   1.0096   0.1768   0.0000  -0.1674  -0.4236    0.416
    59   5.2555   2.0000   0.5175   1.8376   0.2848   0.9036   0.9036   0.1668   0.0000  -0.1566  -0.3863    0.423
    60   5.4944   2.0000   0.4360   1.5883   0.2227   0.7796   0.7796   0.1517   0.0000  -0.1414  -0.3400    0.431
    61   5.6906   2.0000   0.3471   1.2979   0.3127   0.6358   0.6358   0.1302   0.0000  -0.1206  -0.2828    0.440
    62   5.8408   2.0000   0.2523   0.9658   0.3426   0.4722   0.4722   0.1015   0.0000  -0.0930  -0.2137    0.447
    63   5.9424   2.0000   0.1531   0.5968   0.3645   0.2913   0.2913   0.0656   0.0000  -0.0589  -0.1335    0.452
    64   5.9936   2.0000   0.0513   0.2021   0.3771   0.0985   0.0985   0.0230   0.0000  -0.0202  -0.0454    0.455

  Surface # 4     Second Wing2 (YDUP)                     
     # Chordwise = 12   # Spanwise = 24     First strip = 65
     Surface area =   12.000000       Ave. chord =    2.000000
     CLsurf  =   0.12626     Clsurf  =   0.00850
     CYsurf  =   0.00000     Cmsurf  =  -0.35190
     CDsurf  =   0.01799     Cnsurf  =   0.00029
     CDisurf =   0.01799     CDvsurf =   0.00000

  Forces referred to Ssurf, Cave about hinge axis thru LE
     CLsurf  =   1.26263     CDsurf  =   0.17986
     Deflect =

 Strip Forces referred to Strip Area, Chord
    j      Yle    Chord     Area     c cl      ai      cl_norm  cl       cd       cdv    cm_c/4    cm_LE  C.P.x/c
    65  -0.0064   2.0000   0.0513   2.9954   0.1528   1.4890   1.4890   0.1862   0.0000  -0.1990   0.5735    0.384
    66  -0.0576   2.0000   0.1531   2.9954   0.1528   1.4890   1.4890   0.1862   0.0000  -0.1990   0.5735    0.384
    67  -0.1592   2.0000   0.2523   2.9950   0.1525   1.4888   1.4888   0.1862   0.0000  -0.1990   0.5734    0.384
    68  -0.3094   2.0000   0.3471   2.9939   0.1531   1.4883   1.4883   0.1863   0.0000  -0.1990   0.5733    0.384
    69  -0.5056   2.0000   0.4360   2.9912   0.1485   1.4869   1.4869   0.1864   0.0000  -0.1990   0.5729    0.384
    70  -0.7445   2.0000   0.5175   2.9863   0.1539   1.4843   1.4843   0.1866   0.0000  -0.1989   0.5722    0.384
    71  -1.0220   2.0000   0.5901   2.9780   0.1581   1.4800   1.4800   0.1869   0.0000  -0.1988   0.5710    0.384
    72  -1.3333   2.0000   0.6526   2.9652   0.1557   1.4735   1.4735   0.1873   0.0000  -0.1986   0.5692    0.385
    73  -1.6731   2.0000   0.7039   2.9469   0.1602   1.4640   1.4640   0.1880   0.0000  -0.1983   0.5667    0.385
    74  -2.0357   2.0000   0.7432   2.9216   0.1573   1.4510   1.4510   0.1888   0.0000  -0.1979   0.5631    0.386
    75  -2.4147   2.0000   0.7698   2.8873   0.1657   1.4334   1.4334   0.1899   0.0000  -0.1973   0.5582    0.388
    76  -2.8038   2.0000   0.7832   2.8417   0.1778   1.4099   1.4099   0.1911   0.0000  -0.1964   0.5517    0.389
    77  -3.1962   2.0000   0.7832   2.7796   0.1718   1.3781   1.3781   0.1921   0.0000  -0.1950   0.5425    0.392
    78  -3.5853   2.0000   0.7698   2.6897   0.1745   1.3323   1.3323   0.1926   0.0000  -0.1924   0.5286    0.394
    79  -3.9643   2.0000   0.7432   2.5541   0.1141   1.2636   1.2636   0.1905   0.0000  -0.1876   0.5069    0.398
    80  -4.3269   2.0000   0.7039   2.3930   0.2305   1.1824   1.1824   0.1868   0.0000  -0.1815   0.4807    0.404
    81  -4.6667   2.0000   0.6526   2.2309   0.2384   1.1006   1.1006   0.1829   0.0000  -0.1752   0.4541    0.409
    82  -4.9780   2.0000   0.5901   2.0497   0.2566   1.0096   1.0096   0.1768   0.0000  -0.1674   0.4236    0.416
    83  -5.2555   2.0000   0.5175   1.8376   0.2848   0.9036   0.9036   0.1668   0.0000  -0.1566   0.3863    0.423
    84  -5.4944   2.0000   0.4360   1.5883   0.2227   0.7796   0.7796   0.1517   0.0000  -0.1414   0.3400    0.431
    85  -5.6906   2.0000   0.3471   1.2979   0.3127   0.6358   0.6358   0.1302   0.0000  -0.1206   0.2828    0.440
    86  -5.8408   2.0000   0.2523   0.9658   0.3426   0.4722   0.4722   0.1015   0.0000  -0.0930   0.2137    0.447
    87  -5.9424   2.0000   0.1531   0.5968   0.3645   0.2913   0.2913   0.0656   0.0000  -0.0589   0.1335    0.452
    88  -5.9936   2.0000   0.0513   0.2021   0.3771   0.0985   0.0985   0.0230   0.0000  -0.0202   0.0454    0.455

  Surface # 5     Fin                                     
     # Chordwise = 12   # Spanwise = 12     First strip = 89
     Surface area =    4.000000       Ave. chord =    1.600000
     CLsurf  =   0.00004     Clsurf  =  -0.00012
     CYsurf  =  -0.00431     Cmsurf  =  -0.00010
     CDsurf  =  -0.00007     Cnsurf  =   0.00089
     CDisurf =  -0.00007     CDvsurf =   0.00000

  Forces referred to Ssurf, Cave about hinge axis thru LE
     CLsurf  =   0.12927     CDsurf  =  -0.00204
     Deflect =

 Strip Forces referred to Strip Area, Chord
    j      Yle    Chord     Area     c cl      ai      cl_norm  cl       cd       cdv    cm_c/4    cm_LE  C.P.x/c
    89   4.0000   1.9966   0.0850   0.0214  -0.0153   0.0129   0.0107   0.0000   0.0000  -0.0009  -0.0038    0.335
    90   4.0000   1.9696   0.2459   0.0725  -0.0668   0.0443   0.0368  -0.0001   0.0000  -0.0029  -0.0129    0.329
    91   4.0000   1.9173   0.3809   0.1409  -0.0702   0.0883   0.0735  -0.0003   0.0000  -0.0050  -0.0248    0.318
    92   4.0000   1.8435   0.4773   0.2115  -0.0533   0.1380   0.1147  -0.0009   0.0000  -0.0062  -0.0373    0.304
    93   4.0000   1.7531   0.5285   0.2599  -0.0453   0.1783   0.1483  -0.0018   0.0000  -0.0062  -0.0464    0.292
    94   4.0000   1.6522   0.5345   0.2779  -0.0425   0.2023   0.1682  -0.0026   0.0000  -0.0049  -0.0509    0.279
    95   4.0000   1.5478   0.5007   0.2698  -0.0409   0.2096   0.1743  -0.0033   0.0000  -0.0031  -0.0510    0.268
    96   4.0000   1.4469   0.4362   0.2427  -0.0388   0.2017   0.1677  -0.0035   0.0000  -0.0009  -0.0473    0.256
    97   4.0000   1.3565   0.3512   0.2021  -0.0360   0.1792   0.1490  -0.0032   0.0000   0.0013  -0.0402    0.242
    98   4.0000   1.2827   0.2548   0.1519  -0.0329   0.1424   0.1184  -0.0026   0.0000   0.0030  -0.0302    0.225
    99   4.0000   1.2304   0.1537   0.0944  -0.0302   0.0923   0.0767  -0.0017   0.0000   0.0034  -0.0183    0.206
   100   4.0000   1.2034   0.0513   0.0321  -0.0283   0.0321   0.0267  -0.0006   0.0000   0.0015  -0.0060    0.192

  Surface # 6     Fin (YDUP)                              
     # Chordwise = 12   # Spanwise = 12     First strip =101
     Surface area =    4.000000       Ave. chord =    1.600000
     CLsurf  =   0.00004     Clsurf  =   0.00012
     CYsurf  =   0.00431     Cmsurf  =  -0.00010
     CDsurf  =  -0.00007     Cnsurf  =  -0.00089
     CDisurf =  -0.00007     CDvsurf =   0.00000

  Forces referred to Ssurf, Cave about hinge axis thru LE
     CLsurf  =   0.12927     CDsurf  =  -0.00204
     Deflect =

 Strip Forces referred to Strip Area, Chord
    j      Yle    Chord     Area     c cl      ai      cl_norm  cl       cd       cdv    cm_c/4    cm_LE  C.P.x/c
   101  -4.0000   1.9966   0.0850   0.0214  -0.0153   0.0129   0.0107   0.0000   0.0000  -0.0009   0.0038    0.335
   102  -4.0000   1.9696   0.2459   0.0725  -0.0668   0.0443   0.0368  -0.0001   0.0000  -0.0029   0.0129    0.329
   103  -4.0000   1.9173   0.3809   0.1409  -0.0702   0.0883   0.0735  -0.0003   0.0000  -0.0050   0.0248    0.318
   104  -4.0000   1.8435   0.4773   0.2115  -0.0533   0.1380   0.1147  -0.0009   0.0000  -0.0062   0.0373    0.304
   105  -4.0000   1.7531   0.5285   0.2599  -0.0453   0.1783   0.1483  -0.0018   0.0000  -0.0062   0.0464    0.292
   106  -4.0000   1.6522   0.5345   0.2779  -0.0425   0.2023   0.1682  -0.0026   0.0000  -0.0049   0.0509    0.279
   107  -4.0000   1.5478   0.5007   0.2698  -0.0409   0.2096   0.1743  -0.0033   0.0000  -0.0031   0.0510    0.268
   108  -4.0000   1.4469   0.4362   0.2427  -0.0388   0.2017   0.1677  -0.0035   0.0000  -0.0009   0.0473    0.256
   109  -4.0000   1.3565   0.3512   0.2021  -0.0360   0.1792   0.1490  -0.0032   0.0000   0.0013   0.0402    0.242
   110  -4.0000   1.2827   0.2548   0.1519  -0.0329   0.1424   0.1184  -0.0026   0.0000   0.0030   0.0302    0.225
   111  -4.0000   1.2304   0.1537   0.0944  -0.0302   0.0923   0.0767  -0.0017   0.0000   0.0034   0.0183    0.206
   112  -4.0000   1.2034   0.0513   0.0321  -0.0283   0.0321   0.0267  -0.0006   0.0000   0.0015   0.0060    0.192
 ---------------------------------------------------------------
