 ---------------------------------------------------------------
 Surface and Strip Forces by surface

  Forces referred to Sref, Cref, Bref about Xref, Yref, Zref
 Standard axis orientation,  X fwd, Z down         

  Surface # 1     FrontWing                               
     # Chordwise = 13   # Spanwise = 20     First strip =  1
     Surface area =   60.108913       Ave. chord =    3.005444
     CLsurf  =   0.12437     Clsurf  =  -0.02490
     CYsurf  =   0.00014     Cmsurf  =  -0.12017
     CDsurf  =   0.00091     Cnsurf  =   0.00109
     CDisurf =   0.00091     CDvsurf =   0.00000

  Forces referred to Ssurf, Cave about hinge axis thru LE
     CLsurf  =   0.24881     CDsurf  =   0.00182
     Deflect =

 Strip Forces referred to Strip Area, Chord
    j      Yle    Chord     Area     c cl      ai      cl_norm  cl       cd       cdv    cm_c/4    cm_LE  C.P.x/c
     1   0.0282   3.7000   0.4171   1.0440  -0.0052   0.2825   0.2825   0.0027   0.0000  -0.1422  -0.2128    0.754
     2   0.2530   3.7000   1.2412   1.0439  -0.0052   0.2825   0.2825   0.0027   0.0000  -0.1422  -0.2128    0.754
     3   0.6971   3.7000   2.0346   1.0435  -0.0053   0.2823   0.2823   0.0027   0.0000  -0.1422  -0.2127    0.754
     4   1.3494   3.7000   2.7780   1.0420  -0.0056   0.2819   0.2819   0.0027   0.0000  -0.1422  -0.2126    0.754
     5   2.1940   3.7000   3.4529   1.0385  -0.0063   0.2810   0.2810   0.0028   0.0000  -0.1421  -0.2123    0.756
     6   3.2101   3.7000   4.0429   1.0313  -0.0072   0.2790   0.2790   0.0028   0.0000  -0.1420  -0.2116    0.759
     7   4.3726   3.7000   4.5333   1.0172  -0.0107   0.2752   0.2752   0.0030   0.0000  -0.1415  -0.2102    0.764
     8   5.7356   3.6093   5.3981   0.9845   0.0155   0.2754   0.2731   0.0028   0.0000  -0.1415  -0.2081    0.768
     9   7.2752   3.4194   5.3825   0.9270   0.0336   0.2737   0.2714   0.0023   0.0000  -0.1421  -0.2083    0.774
    10   8.8741   3.2222   5.2001   0.8563   0.0210   0.2683   0.2660   0.0019   0.0000  -0.1424  -0.2072    0.785
    11  10.4930   3.0225   4.8779   0.7773   0.0154   0.2596   0.2574   0.0015   0.0000  -0.1425  -0.2052    0.803
    12  12.0919   2.8253   4.4474   0.6938   0.0119   0.2479   0.2458   0.0011   0.0000  -0.1425  -0.2024    0.830
    13  13.6315   2.6354   3.9416   0.6094   0.0094   0.2334   0.2314   0.0008   0.0000  -0.1425  -0.1988    0.866
    14  15.0739   2.4576   3.3921   0.5272   0.0075   0.2165   0.2147   0.0005   0.0000  -0.1425  -0.1946    0.914
    15  16.3836   2.2960   2.8264   0.4501   0.0063   0.1979   0.1962   0.0003   0.0000  -0.1423  -0.1899    0.975
    16  17.5282   2.1549   2.2655   0.3808   0.0063   0.1784   0.1768   0.0002   0.0000  -0.1418  -0.1846    1.052
    17  18.4798   2.0375   1.7234   0.3203   0.0091   0.1587   0.1573   0.0002   0.0000  -0.1400  -0.1780    1.140
    18  19.2147   1.9469   1.2061   0.2651   0.0190   0.1374   0.1363   0.0004   0.0000  -0.1328  -0.1655    1.224
    19  19.7150   1.8852   0.7124   0.1977   0.0440   0.1059   0.1050   0.0011   0.0000  -0.1082  -0.1334    1.281
    20  19.9682   1.8539   0.2355   0.0826   0.0885   0.0450   0.0446   0.0012   0.0000  -0.0469  -0.0576    1.301

  Surface # 2     FrontWing (YDUP)                        
     # Chordwise = 13   # Spanwise = 20     First strip = 21
     Surface area =   60.108913       Ave. chord =    3.005444
     CLsurf  =   0.12437     Clsurf  =   0.02490
     CYsurf  =  -0.00014     Cmsurf  =  -0.12017
     CDsurf  =   0.00091     Cnsurf  =  -0.00109
     CDisurf =   0.00091     CDvsurf =   0.00000

  Forces referred to Ssurf, Cave about hinge axis thru LE
     CLsurf  =   0.24881     CDsurf  =   0.00182
     Deflect =

 Strip Forces referred to Strip Area, Chord
    j      Yle    Chord     Area     c cl      ai      cl_norm  cl       cd       cdv    cm_c/4    cm_LE  C.P.x/c
    21  -0.0282   3.7000   0.4171   1.0440  -0.0052   0.2825   0.2825   0.0027   0.0000  -0.1422   0.2128    0.754
    22  -0.2530   3.7000   1.2412   1.0439  -0.0052   0.2825   0.2825   0.0027   0.0000  -0.1422   0.2128    0.754
    23  -0.6971   3.7000   2.0346   1.0435  -0.0053   0.2823   0.2823   0.0027   0.0000  -0.1422   0.2127    0.754
    24  -1.3494   3.7000   2.7780   1.0420  -0.0056   0.2819   0.2819   0.0027   0.0000  -0.1422   0.2126    0.754
    25  -2.1940   3.7000   3.4529   1.0385  -0.0063   0.2810   0.2810   0.0028   0.0000  -0.1421   0.2123    0.756
    26  -3.2101   3.7000   4.0429   1.0313  -0.0072   0.2790   0.2790   0.0028   0.0000  -0.1420   0.2116    0.759
    27  -4.3726   3.7000   4.5333   1.0172  -0.0107   0.2752   0.2752   0.0030   0.0000  -0.1415   0.2102    0.764
    28  -5.7356   3.6093   5.3981   0.9845   0.0155   0.2754   0.2731   0.0028   0.0000  -0.1415   0.2081    0.768
    29  -7.2752   3.4194   5.3825   0.9270   0.0336   0.2737   0.2714   0.0023   0.0000  -0.1421   0.2083    0.774
    30  -8.8741   3.2222   5.2001   0.8563   0.0210   0.2683   0.2660   0.0019   0.0000  -0.1424   0.2072    0.785
    31 -10.4930   3.0225   4.8779   0.7773   0.0154   0.2596   0.2574   0.0015   0.0000  -0.1425   0.2052    0.803
    32 -12.0919   2.8253   4.4474   0.6938   0.0119   0.2479   0.2458   0.0011   0.0000  -0.1425   0.2024    0.830
    33 -13.6315   2.6354   3.9416   0.6094   0.0094   0.2334   0.2314   0.0008   0.0000  -0.1425   0.1988    0.866
    34 -15.0739   2.4576   3.3921   0.5272   0.0075   0.2165   0.2147   0.0005   0.0000  -0.1425   0.1946    0.914
    35 -16.3836   2.2960   2.8264   0.4501   0.0063   0.1979   0.1962   0.0003   0.0000  -0.1423   0.1899    0.975
    36 -17.5282   2.1549   2.2655   0.3808   0.0063   0.1784   0.1768   0.0002   0.0000  -0.1418   0.1846    1.052
    37 -18.4798   2.0375   1.7234   0.3203   0.0091   0.1587   0.1573   0.0002   0.0000  -0.1400   0.1780    1.140
    38 -19.2147   1.9469   1.2061   0.2651   0.0190   0.1374   0.1363   0.0004   0.0000  -0.1328   0.1655    1.224
    39 -19.7150   1.8852   0.7124   0.1977   0.0440   0.1059   0.1050   0.0011   0.0000  -0.1082   0.1334    1.281
    40 -19.9682   1.8539   0.2355   0.0826   0.0885   0.0450   0.0446   0.0012   0.0000  -0.0469   0.0576    1.301

  Surface # 3     Second Wing2                            
     # Chordwise = 13   # Spanwise = 24     First strip = 41
     Surface area =   12.000000       Ave. chord =    2.000000
     CLsurf  =  -0.02437     Clsurf  =   0.00161
     CYsurf  =   0.00000     Cmsurf  =   0.08103
     CDsurf  =  -0.00017     Cnsurf  =  -0.00007
     CDisurf =  -0.00017     CDvsurf =   0.00000

  Forces referred to Ssurf, Cave about hinge axis thru LE
     CLsurf  =  -0.24424     CDsurf  =  -0.00170
     Deflect =

 Strip Forces referred to Strip Area, Chord
    j      Yle    Chord     Area     c cl      ai      cl_norm  cl       cd       cdv    cm_c/4    cm_LE  C.P.x/c
    41   0.0064   2.0000   0.0513  -0.5807  -0.0060  -0.2907  -0.2907  -0.0029   0.0000  -0.0018   0.0708    0.244
    42   0.0576   2.0000   0.1531  -0.5807  -0.0060  -0.2907  -0.2907  -0.0029   0.0000  -0.0018   0.0708    0.244
    43   0.1592   2.0000   0.2523  -0.5807  -0.0060  -0.2907  -0.2907  -0.0029   0.0000  -0.0018   0.0708    0.244
    44   0.3094   2.0000   0.3471  -0.5804  -0.0060  -0.2905  -0.2905  -0.0029   0.0000  -0.0018   0.0707    0.244
    45   0.5056   2.0000   0.4360  -0.5798  -0.0061  -0.2903  -0.2903  -0.0029   0.0000  -0.0018   0.0707    0.244
    46   0.7445   2.0000   0.5175  -0.5788  -0.0062  -0.2897  -0.2897  -0.0028   0.0000  -0.0018   0.0705    0.244
    47   1.0220   2.0000   0.5901  -0.5769  -0.0064  -0.2888  -0.2888  -0.0028   0.0000  -0.0019   0.0702    0.244
    48   1.3333   2.0000   0.6526  -0.5741  -0.0066  -0.2874  -0.2874  -0.0027   0.0000  -0.0019   0.0698    0.243
    49   1.6731   2.0000   0.7039  -0.5701  -0.0070  -0.2854  -0.2854  -0.0027   0.0000  -0.0020   0.0693    0.243
    50   2.0357   2.0000   0.7432  -0.5644  -0.0077  -0.2825  -0.2825  -0.0026   0.0000  -0.0021   0.0684    0.243
    51   2.4147   2.0000   0.7698  -0.5566  -0.0077  -0.2786  -0.2786  -0.0024   0.0000  -0.0022   0.0673    0.242
    52   2.8038   2.0000   0.7832  -0.5463  -0.0094  -0.2734  -0.2734  -0.0022   0.0000  -0.0024   0.0658    0.241
    53   3.1962   2.0000   0.7832  -0.5325  -0.0095  -0.2665  -0.2665  -0.0020   0.0000  -0.0027   0.0639    0.240
    54   3.5853   2.0000   0.7698  -0.5137  -0.0083  -0.2571  -0.2571  -0.0017   0.0000  -0.0031   0.0611    0.238
    55   3.9643   2.0000   0.7432  -0.4877   0.0001  -0.2441  -0.2441  -0.0013   0.0000  -0.0037   0.0572    0.235
    56   4.3269   2.0000   0.7039  -0.4567  -0.0180  -0.2285  -0.2285  -0.0010   0.0000  -0.0045   0.0526    0.230
    57   4.6667   2.0000   0.6526  -0.4232  -0.0160  -0.2118  -0.2118  -0.0006   0.0000  -0.0052   0.0477    0.225
    58   4.9780   2.0000   0.5901  -0.3853  -0.0205  -0.1928  -0.1928  -0.0003   0.0000  -0.0059   0.0422    0.219
    59   5.2555   2.0000   0.5175  -0.3412  -0.0263  -0.1707  -0.1707  -0.0000   0.0000  -0.0065   0.0361    0.212
    60   5.4944   2.0000   0.4360  -0.2903  -0.0268  -0.1453  -0.1453   0.0003   0.0000  -0.0068   0.0295    0.203
    61   5.6906   2.0000   0.3471  -0.2331  -0.0265  -0.1166  -0.1166   0.0005   0.0000  -0.0066   0.0226    0.194
    62   5.8408   2.0000   0.2523  -0.1706  -0.0262  -0.0853  -0.0853   0.0006   0.0000  -0.0056   0.0157    0.184
    63   5.9424   2.0000   0.1531  -0.1041  -0.0261  -0.0520  -0.0520   0.0005   0.0000  -0.0039   0.0091    0.176
    64   5.9936   2.0000   0.0513  -0.0350  -0.0262  -0.0175  -0.0175   0.0003   0.0000  -0.0014   0.0030    0.170

  Surface # 4     Second Wing2 (YDUP)                     
     # Chordwise = 13   # Spanwise = 24     First strip = 65
     Surface area =   12.000000       Ave. chord =    2.000000
     CLsurf  =  -0.02437     Clsurf  =  -0.00161
     CYsurf  =   0.00000     Cmsurf  =   0.08103
     CDsurf  =  -0.00017     Cnsurf  =   0.00007
     CDisurf =  -0.00017     CDvsurf =   0.00000

  Forces referred to Ssurf, Cave about hinge axis thru LE
     CLsurf  =  -0.24424     CDsurf  =  -0.00170
     Deflect =

 Strip Forces referred to Strip Area, Chord
    j      Yle    Chord     Area     c cl      ai      cl_norm  cl       cd       cdv    cm_c/4    cm_LE  C.P.x/c
    65  -0.0064   2.0000   0.0513  -0.5807  -0.0060  -0.2907  -0.2907  -0.0029   0.0000  -0.0018  -0.0708    0.244
    66  -0.0576   2.0000   0.1531  -0.5807  -0.0060  -0.2907  -0.2907  -0.0029   0.0000  -0.0018  -0.0708    0.244
    67  -0.1592   2.0000   0.2523  -0.5807  -0.0060  -0.2907  -0.2907  -0.0029   0.0000  -0.0018  -0.0708    0.244
    68  -0.3094   2.0000   0.3471  -0.5804  -0.0060  -0.2905  -0.2905  -0.0029   0.0000  -0.0018  -0.0707    0.244
    69  -0.5056   2.0000   0.4360  -0.5798  -0.0061  -0.2903  -0.2903  -0.0029   0.0000  -0.0018  -0.0707    0.244
    70  -0.7445   2.0000   0.5175  -0.5788  -0.0062  -0.2897  -0.2897  -0.0028   0.0000  -0.0018  -0.0705    0.244
    71  -1.0220   2.0000   0.5901  -0.5769  -0.0064  -0.2888  -0.2888  -0.0028   0.0000  -0.0019  -0.0702    0.244
    72  -1.3333   2.0000   0.6526  -0.5741  -0.0066  -0.2874  -0.2874  -0.0027   0.0000  -0.0019  -0.0698    0.243
    73  -1.6731   2.0000   0.7039  -0.5701  -0.0070  -0.2854  -0.2854  -0.0027   0.0000  -0.0020  -0.0693    0.243
    74  -2.0357   2.0000   0.7432  -0.5644  -0.0077  -0.2825  -0.2825  -0.0026   0.0000  -0.0021  -0.0684    0.243
    75  -2.4147   2.0000   0.7698  -0.5566  -0.0077  -0.2786  -0.2786  -0.0024   0.0000  -0.0022  -0.0673    0.242
    76  -2.8038   2.0000   0.7832  -0.5463  -0.0094  -0.2734  -0.2734  -0.0022   0.0000  -0.0024  -0.0658    0.241
    77  -3.1962   2.0000   0.7832  -0.5325  -0.0095  -0.2665  -0.2665  -0.0020   0.0000  -0.0027  -0.0639    0.240
    78  -3.5853   2.0000   0.7698  -0.5137  -0.0083  -0.2571  -0.2571  -0.0017   0.0000  -0.0031  -0.0611    0.238
    79  -3.9643   2.0000   0.7432  -0.4877   0.0001  -0.2441  -0.2441  -0.0013   0.0000  -0.0037  -0.0572    0.235
    80  -4.3269   2.0000   0.7039  -0.4567  -0.0180  -0.2285  -0.2285  -0.0010   0.0000  -0.0045  -0.0526    0.230
    81  -4.6667   2.0000   0.6526  -0.4232  -0.0160  -0.2118  -0.2118  -0.0006   0.0000  -0.0052  -0.0477    0.225
    82  -4.9780   2.0000   0.5901  -0.3853  -0.0205  -0.1928  -0.1928  -0.0003   0.0000  -0.0059  -0.0422    0.219
    83  -5.2555   2.0000   0.5175  -0.3412  -0.0263  -0.1707  -0.1707  -0.0000   0.0000  -0.0065  -0.0361    0.212
    84  -5.4944   2.0000   0.4360  -0.2903  -0.0268  -0.1453  -0.1453   0.0003   0.0000  -0.0068  -0.0295    0.203
    85  -5.6906   2.0000   0.3471  -0.2331  -0.0265  -0.1166  -0.1166   0.0005   0.0000  -0.0066  -0.0226    0.194
    86  -5.8408   2.0000   0.2523  -0.1706  -0.0262  -0.0853  -0.0853   0.0006   0.0000  -0.0056  -0.0157    0.184
    87  -5.9424   2.0000   0.1531  -0.1041  -0.0261  -0.0520  -0.0520   0.0005   0.0000  -0.0039  -0.0091    0.176
    88  -5.9936   2.0000   0.0513  -0.0350  -0.0262  -0.0175  -0.0175   0.0003   0.0000  -0.0014  -0.0030    0.170

  Surface # 5     Fin                                     
     # Chordwise = 11   # Spanwise = 12     First strip = 89
     Surface area =    4.000000       Ave. chord =    1.600000
     CLsurf  =   0.00000     Clsurf  =   0.00003
     CYsurf  =   0.00055     Cmsurf  =  -0.00000
     CDsurf  =  -0.00000     Cnsurf  =  -0.00015
     CDisurf =  -0.00000     CDvsurf =   0.00000

  Forces referred to Ssurf, Cave about hinge axis thru LE
     CLsurf  =  -0.01662     CDsurf  =  -0.00004
     Deflect =

 Strip Forces referred to Strip Area, Chord
    j      Yle    Chord     Area     c cl      ai      cl_norm  cl       cd       cdv    cm_c/4    cm_LE  C.P.x/c
    89   4.0000   1.9966   0.0850  -0.0031  -0.0001  -0.0016  -0.0015   0.0000   0.0000   0.0002   0.0005    0.364
    90   4.0000   1.9696   0.2459  -0.0103   0.0093  -0.0054  -0.0052  -0.0000   0.0000   0.0005   0.0017    0.354
    91   4.0000   1.9173   0.3809  -0.0194   0.0104  -0.0105  -0.0101  -0.0000   0.0000   0.0009   0.0032    0.339
    92   4.0000   1.8435   0.4773  -0.0282   0.0075  -0.0159  -0.0153  -0.0000   0.0000   0.0011   0.0046    0.324
    93   4.0000   1.7531   0.5285  -0.0341   0.0062  -0.0202  -0.0194  -0.0000   0.0000   0.0012   0.0056    0.310
    94   4.0000   1.6522   0.5345  -0.0360   0.0059  -0.0227  -0.0218  -0.0001   0.0000   0.0010   0.0060    0.298
    95   4.0000   1.5478   0.5007  -0.0344   0.0057  -0.0231  -0.0222  -0.0001   0.0000   0.0008   0.0059    0.287
    96   4.0000   1.4469   0.4362  -0.0304   0.0055  -0.0219  -0.0210  -0.0001   0.0000   0.0005   0.0053    0.276
    97   4.0000   1.3565   0.3512  -0.0249   0.0052  -0.0191  -0.0183  -0.0001   0.0000   0.0003   0.0044    0.264
    98   4.0000   1.2827   0.2548  -0.0184   0.0047  -0.0149  -0.0143  -0.0000   0.0000  -0.0000   0.0033    0.249
    99   4.0000   1.2304   0.1537  -0.0113   0.0043  -0.0095  -0.0092  -0.0000   0.0000  -0.0001   0.0020    0.234
   100   4.0000   1.2034   0.0513  -0.0038   0.0041  -0.0033  -0.0032  -0.0000   0.0000  -0.0001   0.0006    0.223

  Surface # 6     Fin (YDUP)                              
     # Chordwise = 11   # Spanwise = 12     First strip =101
     Surface area =    4.000000       Ave. chord =    1.600000
     CLsurf  =   0.00000     Clsurf  =  -0.00003
     CYsurf  =  -0.00055     Cmsurf  =  -0.00000
     CDsurf  =  -0.00000     Cnsurf  =   0.00015
     CDisurf =  -0.00000     CDvsurf =   0.00000

  Forces referred to Ssurf, Cave about hinge axis thru LE
     CLsurf  =  -0.01662     CDsurf  =  -0.00004
     Deflect =

 Strip Forces referred to Strip Area, Chord
    j      Yle    Chord     Area     c cl      ai      cl_norm  cl       cd       cdv    cm_c/4    cm_LE  C.P.x/c
   101  -4.0000   1.9966   0.0850  -0.0031  -0.0001  -0.0016  -0.0015   0.0000   0.0000   0.0002  -0.0005    0.364
   102  -4.0000   1.9696   0.2459  -0.0103   0.0093  -0.0054  -0.0052  -0.0000   0.0000   0.0005  -0.0017    0.354
   103  -4.0000   1.9173   0.3809  -0.0194   0.0104  -0.0105  -0.0101  -0.0000   0.0000   0.0009  -0.0032    0.339
   104  -4.0000   1.8435   0.4773  -0.0282   0.0075  -0.0159  -0.0153  -0.0000   0.0000   0.0011  -0.0046    0.324
   105  -4.0000   1.7531   0.5285  -0.0341   0.0062  -0.0202  -0.0194  -0.0000   0.0000   0.0012  -0.0056    0.310
   106  -4.0000   1.6522   0.5345  -0.0360   0.0059  -0.0227  -0.0218  -0.0001   0.0000   0.0010  -0.0060    0.298
   107  -4.0000   1.5478   0.5007  -0.0344   0.0057  -0.0231  -0.0222  -0.0001   0.0000   0.0008  -0.0059    0.287
   108  -4.0000   1.4469   0.4362  -0.0304   0.0055  -0.0219  -0.0210  -0.0001   0.0000   0.0005  -0.0053    0.276
   109  -4.0000   1.3565   0.3512  -0.0249   0.0052  -0.0191  -0.0183  -0.0001   0.0000   0.0003  -0.0044    0.264
   110  -4.0000   1.2827   0.2548  -0.0184   0.0047  -0.0149  -0.0143  -0.0000   0.0000  -0.0000  -0.0033    0.249
   111  -4.0000   1.2304   0.1537  -0.0113   0.0043  -0.0095  -0.0092  -0.0000   0.0000  -0.0001  -0.0020    0.234
   112  -4.0000   1.2034   0.0513  -0.0038   0.0041  -0.0033  -0.0032  -0.0000   0.0000  -0.0001  -0.0006    0.223
 ---------------------------------------------------------------
