 ---------------------------------------------------------------
 Surface and Strip Forces by surface

  Forces referred to Sref, Cref, Bref about Xref, Yref, Zref
 Standard axis orientation,  X fwd, Z down         

  Surface # 1     FrontWing                               
     # Chordwise = 13   # Spanwise = 20     First strip =  1
     Surface area =   60.108913       Ave. chord =    3.005444
     CLsurf  =   0.16948     Clsurf  =  -0.03463
     CYsurf  =   0.00024     Cmsurf  =  -0.13951
     CDsurf  =   0.00155     Cnsurf  =   0.00101
     CDisurf =   0.00155     CDvsurf =   0.00000

  Forces referred to Ssurf, Cave about hinge axis thru LE
     CLsurf  =   0.33905     CDsurf  =   0.00310
     Deflect =

 Strip Forces referred to Strip Area, Chord
    j      Yle    Chord     Area     c cl      ai      cl_norm  cl       cd       cdv    cm_c/4    cm_LE  C.P.x/c
     1   0.0282   3.7000   0.4171   1.3867   0.0029   0.3750   0.3750   0.0043   0.0000  -0.1423  -0.2360    0.630
     2   0.2530   3.7000   1.2412   1.3867   0.0029   0.3750   0.3750   0.0043   0.0000  -0.1423  -0.2360    0.630
     3   0.6971   3.7000   2.0346   1.3861   0.0029   0.3748   0.3748   0.0043   0.0000  -0.1423  -0.2360    0.630
     4   1.3494   3.7000   2.7780   1.3840   0.0026   0.3742   0.3742   0.0043   0.0000  -0.1423  -0.2358    0.630
     5   2.1940   3.7000   3.4529   1.3792   0.0021   0.3729   0.3729   0.0043   0.0000  -0.1422  -0.2354    0.631
     6   3.2101   3.7000   4.0429   1.3695   0.0016   0.3703   0.3703   0.0045   0.0000  -0.1421  -0.2346    0.634
     7   4.3726   3.7000   4.5333   1.3512  -0.0003   0.3654   0.3654   0.0047   0.0000  -0.1417  -0.2330    0.638
     8   5.7356   3.6093   5.3981   1.3114   0.0203   0.3667   0.3635   0.0044   0.0000  -0.1417  -0.2308    0.640
     9   7.2752   3.4194   5.3825   1.2431   0.0338   0.3668   0.3637   0.0037   0.0000  -0.1422  -0.2313    0.641
    10   8.8741   3.2222   5.2001   1.1585   0.0230   0.3628   0.3597   0.0031   0.0000  -0.1424  -0.2305    0.646
    11  10.4930   3.0225   4.8779   1.0634   0.0180   0.3550   0.3520   0.0025   0.0000  -0.1425  -0.2287    0.655
    12  12.0919   2.8253   4.4474   0.9622   0.0148   0.3436   0.3407   0.0021   0.0000  -0.1425  -0.2260    0.668
    13  13.6315   2.6354   3.9416   0.8588   0.0126   0.3288   0.3260   0.0017   0.0000  -0.1425  -0.2223    0.687
    14  15.0739   2.4576   3.3921   0.7565   0.0111   0.3106   0.3079   0.0013   0.0000  -0.1424  -0.2177    0.712
    15  16.3836   2.2960   2.8264   0.6579   0.0106   0.2891   0.2866   0.0012   0.0000  -0.1420  -0.2121    0.746
    16  17.5282   2.1549   2.2655   0.5645   0.0117   0.2643   0.2621   0.0011   0.0000  -0.1412  -0.2052    0.789
    17  18.4798   2.0375   1.7234   0.4757   0.0161   0.2356   0.2335   0.0013   0.0000  -0.1389  -0.1958    0.845
    18  19.2147   1.9469   1.2061   0.3853   0.0279   0.1997   0.1980   0.0017   0.0000  -0.1309  -0.1790    0.911
    19  19.7150   1.8852   0.7124   0.2745   0.0547   0.1469   0.1457   0.0022   0.0000  -0.1061  -0.1414    0.978
    20  19.9682   1.8539   0.2355   0.1091   0.1002   0.0594   0.0589   0.0016   0.0000  -0.0458  -0.0601    1.028

  Surface # 2     FrontWing (YDUP)                        
     # Chordwise = 13   # Spanwise = 20     First strip = 21
     Surface area =   60.108913       Ave. chord =    3.005444
     CLsurf  =   0.16948     Clsurf  =   0.03463
     CYsurf  =  -0.00024     Cmsurf  =  -0.13951
     CDsurf  =   0.00155     Cnsurf  =  -0.00101
     CDisurf =   0.00155     CDvsurf =   0.00000

  Forces referred to Ssurf, Cave about hinge axis thru LE
     CLsurf  =   0.33905     CDsurf  =   0.00310
     Deflect =

 Strip Forces referred to Strip Area, Chord
    j      Yle    Chord     Area     c cl      ai      cl_norm  cl       cd       cdv    cm_c/4    cm_LE  C.P.x/c
    21  -0.0282   3.7000   0.4171   1.3867   0.0029   0.3750   0.3750   0.0043   0.0000  -0.1423   0.2360    0.630
    22  -0.2530   3.7000   1.2412   1.3867   0.0029   0.3750   0.3750   0.0043   0.0000  -0.1423   0.2360    0.630
    23  -0.6971   3.7000   2.0346   1.3861   0.0029   0.3748   0.3748   0.0043   0.0000  -0.1423   0.2360    0.630
    24  -1.3494   3.7000   2.7780   1.3840   0.0026   0.3742   0.3742   0.0043   0.0000  -0.1423   0.2358    0.630
    25  -2.1940   3.7000   3.4529   1.3792   0.0021   0.3729   0.3729   0.0043   0.0000  -0.1422   0.2354    0.631
    26  -3.2101   3.7000   4.0429   1.3695   0.0016   0.3703   0.3703   0.0045   0.0000  -0.1421   0.2346    0.634
    27  -4.3726   3.7000   4.5333   1.3512  -0.0003   0.3654   0.3654   0.0047   0.0000  -0.1417   0.2330    0.638
    28  -5.7356   3.6093   5.3981   1.3114   0.0203   0.3667   0.3635   0.0044   0.0000  -0.1417   0.2308    0.640
    29  -7.2752   3.4194   5.3825   1.2431   0.0338   0.3668   0.3637   0.0037   0.0000  -0.1422   0.2313    0.641
    30  -8.8741   3.2222   5.2001   1.1585   0.0230   0.3628   0.3597   0.0031   0.0000  -0.1424   0.2305    0.646
    31 -10.4930   3.0225   4.8779   1.0634   0.0180   0.3550   0.3520   0.0025   0.0000  -0.1425   0.2287    0.655
    32 -12.0919   2.8253   4.4474   0.9622   0.0148   0.3436   0.3407   0.0021   0.0000  -0.1425   0.2260    0.668
    33 -13.6315   2.6354   3.9416   0.8588   0.0126   0.3288   0.3260   0.0017   0.0000  -0.1425   0.2223    0.687
    34 -15.0739   2.4576   3.3921   0.7565   0.0111   0.3106   0.3079   0.0013   0.0000  -0.1424   0.2177    0.712
    35 -16.3836   2.2960   2.8264   0.6579   0.0106   0.2891   0.2866   0.0012   0.0000  -0.1420   0.2121    0.746
    36 -17.5282   2.1549   2.2655   0.5645   0.0117   0.2643   0.2621   0.0011   0.0000  -0.1412   0.2052    0.789
    37 -18.4798   2.0375   1.7234   0.4757   0.0161   0.2356   0.2335   0.0013   0.0000  -0.1389   0.1958    0.845
    38 -19.2147   1.9469   1.2061   0.3853   0.0279   0.1997   0.1980   0.0017   0.0000  -0.1309   0.1790    0.911
    39 -19.7150   1.8852   0.7124   0.2745   0.0547   0.1469   0.1457   0.0022   0.0000  -0.1061   0.1414    0.978
    40 -19.9682   1.8539   0.2355   0.1091   0.1002   0.0594   0.0589   0.0016   0.0000  -0.0458   0.0601    1.028

  Surface # 3     Second Wing2                            
     # Chordwise = 13   # Spanwise = 24     First strip = 41
     Surface area =   12.000000       Ave. chord =    2.000000
     CLsurf  =  -0.01948     Clsurf  =   0.00129
     CYsurf  =  -0.00000     Cmsurf  =   0.06484
     CDsurf  =  -0.00029     Cnsurf  =  -0.00005
     CDisurf =  -0.00029     CDvsurf =   0.00000

  Forces referred to Ssurf, Cave about hinge axis thru LE
     CLsurf  =  -0.19522     CDsurf  =  -0.00294
     Deflect =

 Strip Forces referred to Strip Area, Chord
    j      Yle    Chord     Area     c cl      ai      cl_norm  cl       cd       cdv    cm_c/4    cm_LE  C.P.x/c
    41   0.0064   2.0000   0.0513  -0.4658   0.0021  -0.2330  -0.2330  -0.0041   0.0000  -0.0018   0.0564    0.242
    42   0.0576   2.0000   0.1531  -0.4658   0.0021  -0.2330  -0.2330  -0.0041   0.0000  -0.0018   0.0564    0.242
    43   0.1592   2.0000   0.2523  -0.4657   0.0021  -0.2330  -0.2330  -0.0041   0.0000  -0.0018   0.0564    0.242
    44   0.3094   2.0000   0.3471  -0.4655   0.0021  -0.2329  -0.2329  -0.0041   0.0000  -0.0018   0.0564    0.242
    45   0.5056   2.0000   0.4360  -0.4651   0.0021  -0.2327  -0.2327  -0.0041   0.0000  -0.0018   0.0563    0.242
    46   0.7445   2.0000   0.5175  -0.4642   0.0020  -0.2322  -0.2322  -0.0040   0.0000  -0.0018   0.0562    0.242
    47   1.0220   2.0000   0.5901  -0.4626   0.0018  -0.2315  -0.2315  -0.0040   0.0000  -0.0018   0.0560    0.242
    48   1.3333   2.0000   0.6526  -0.4603   0.0017  -0.2303  -0.2303  -0.0040   0.0000  -0.0019   0.0557    0.242
    49   1.6731   2.0000   0.7039  -0.4569   0.0015  -0.2286  -0.2286  -0.0039   0.0000  -0.0019   0.0552    0.241
    50   2.0357   2.0000   0.7432  -0.4521   0.0008  -0.2262  -0.2262  -0.0038   0.0000  -0.0020   0.0545    0.241
    51   2.4147   2.0000   0.7698  -0.4457   0.0011  -0.2230  -0.2230  -0.0037   0.0000  -0.0022   0.0536    0.240
    52   2.8038   2.0000   0.7832  -0.4370  -0.0007  -0.2186  -0.2186  -0.0035   0.0000  -0.0023   0.0523    0.239
    53   3.1962   2.0000   0.7832  -0.4254  -0.0004  -0.2128  -0.2128  -0.0033   0.0000  -0.0025   0.0507    0.238
    54   3.5853   2.0000   0.7698  -0.4099   0.0010  -0.2051  -0.2051  -0.0030   0.0000  -0.0028   0.0484    0.236
    55   3.9643   2.0000   0.7432  -0.3889   0.0053  -0.1946  -0.1946  -0.0027   0.0000  -0.0033   0.0454    0.233
    56   4.3269   2.0000   0.7039  -0.3639  -0.0060  -0.1821  -0.1821  -0.0023   0.0000  -0.0038   0.0417    0.229
    57   4.6667   2.0000   0.6526  -0.3371  -0.0037  -0.1686  -0.1686  -0.0019   0.0000  -0.0044   0.0377    0.224
    58   4.9780   2.0000   0.5901  -0.3070  -0.0086  -0.1536  -0.1536  -0.0016   0.0000  -0.0050   0.0334    0.218
    59   5.2555   2.0000   0.5175  -0.2719  -0.0148  -0.1360  -0.1360  -0.0013   0.0000  -0.0055   0.0285    0.210
    60   5.4944   2.0000   0.4360  -0.2312  -0.0145  -0.1156  -0.1156  -0.0009   0.0000  -0.0056   0.0232    0.201
    61   5.6906   2.0000   0.3471  -0.1854  -0.0133  -0.0927  -0.0927  -0.0006   0.0000  -0.0054   0.0178    0.192
    62   5.8408   2.0000   0.2523  -0.1355  -0.0123  -0.0678  -0.0678  -0.0003   0.0000  -0.0046   0.0123    0.182
    63   5.9424   2.0000   0.1531  -0.0826  -0.0117  -0.0413  -0.0413  -0.0000   0.0000  -0.0032   0.0072    0.174
    64   5.9936   2.0000   0.0513  -0.0278  -0.0115  -0.0139  -0.0139   0.0000   0.0000  -0.0011   0.0023    0.168

  Surface # 4     Second Wing2 (YDUP)                     
     # Chordwise = 13   # Spanwise = 24     First strip = 65
     Surface area =   12.000000       Ave. chord =    2.000000
     CLsurf  =  -0.01948     Clsurf  =  -0.00129
     CYsurf  =   0.00000     Cmsurf  =   0.06484
     CDsurf  =  -0.00029     Cnsurf  =   0.00005
     CDisurf =  -0.00029     CDvsurf =   0.00000

  Forces referred to Ssurf, Cave about hinge axis thru LE
     CLsurf  =  -0.19522     CDsurf  =  -0.00294
     Deflect =

 Strip Forces referred to Strip Area, Chord
    j      Yle    Chord     Area     c cl      ai      cl_norm  cl       cd       cdv    cm_c/4    cm_LE  C.P.x/c
    65  -0.0064   2.0000   0.0513  -0.4658   0.0021  -0.2330  -0.2330  -0.0041   0.0000  -0.0018  -0.0564    0.242
    66  -0.0576   2.0000   0.1531  -0.4658   0.0021  -0.2330  -0.2330  -0.0041   0.0000  -0.0018  -0.0564    0.242
    67  -0.1592   2.0000   0.2523  -0.4657   0.0021  -0.2330  -0.2330  -0.0041   0.0000  -0.0018  -0.0564    0.242
    68  -0.3094   2.0000   0.3471  -0.4655   0.0021  -0.2329  -0.2329  -0.0041   0.0000  -0.0018  -0.0564    0.242
    69  -0.5056   2.0000   0.4360  -0.4651   0.0021  -0.2327  -0.2327  -0.0041   0.0000  -0.0018  -0.0563    0.242
    70  -0.7445   2.0000   0.5175  -0.4642   0.0020  -0.2322  -0.2322  -0.0040   0.0000  -0.0018  -0.0562    0.242
    71  -1.0220   2.0000   0.5901  -0.4626   0.0018  -0.2315  -0.2315  -0.0040   0.0000  -0.0018  -0.0560    0.242
    72  -1.3333   2.0000   0.6526  -0.4603   0.0017  -0.2303  -0.2303  -0.0040   0.0000  -0.0019  -0.0557    0.242
    73  -1.6731   2.0000   0.7039  -0.4569   0.0015  -0.2286  -0.2286  -0.0039   0.0000  -0.0019  -0.0552    0.241
    74  -2.0357   2.0000   0.7432  -0.4521   0.0008  -0.2262  -0.2262  -0.0038   0.0000  -0.0020  -0.0545    0.241
    75  -2.4147   2.0000   0.7698  -0.4457   0.0011  -0.2230  -0.2230  -0.0037   0.0000  -0.0022  -0.0536    0.240
    76  -2.8038   2.0000   0.7832  -0.4370  -0.0007  -0.2186  -0.2186  -0.0035   0.0000  -0.0023  -0.0523    0.239
    77  -3.1962   2.0000   0.7832  -0.4254  -0.0004  -0.2128  -0.2128  -0.0033   0.0000  -0.0025  -0.0507    0.238
    78  -3.5853   2.0000   0.7698  -0.4099   0.0010  -0.2051  -0.2051  -0.0030   0.0000  -0.0028  -0.0484    0.236
    79  -3.9643   2.0000   0.7432  -0.3889   0.0053  -0.1946  -0.1946  -0.0027   0.0000  -0.0033  -0.0454    0.233
    80  -4.3269   2.0000   0.7039  -0.3639  -0.0060  -0.1821  -0.1821  -0.0023   0.0000  -0.0038  -0.0417    0.229
    81  -4.6667   2.0000   0.6526  -0.3371  -0.0037  -0.1686  -0.1686  -0.0019   0.0000  -0.0044  -0.0377    0.224
    82  -4.9780   2.0000   0.5901  -0.3070  -0.0086  -0.1536  -0.1536  -0.0016   0.0000  -0.0050  -0.0334    0.218
    83  -5.2555   2.0000   0.5175  -0.2719  -0.0148  -0.1360  -0.1360  -0.0013   0.0000  -0.0055  -0.0285    0.210
    84  -5.4944   2.0000   0.4360  -0.2312  -0.0145  -0.1156  -0.1156  -0.0009   0.0000  -0.0056  -0.0232    0.201
    85  -5.6906   2.0000   0.3471  -0.1854  -0.0133  -0.0927  -0.0927  -0.0006   0.0000  -0.0054  -0.0178    0.192
    86  -5.8408   2.0000   0.2523  -0.1355  -0.0123  -0.0678  -0.0678  -0.0003   0.0000  -0.0046  -0.0123    0.182
    87  -5.9424   2.0000   0.1531  -0.0826  -0.0117  -0.0413  -0.0413  -0.0000   0.0000  -0.0032  -0.0072    0.174
    88  -5.9936   2.0000   0.0513  -0.0278  -0.0115  -0.0139  -0.0139   0.0000   0.0000  -0.0011  -0.0023    0.168

  Surface # 5     Fin                                     
     # Chordwise = 11   # Spanwise = 12     First strip = 89
     Surface area =    4.000000       Ave. chord =    1.600000
     CLsurf  =   0.00000     Clsurf  =   0.00002
     CYsurf  =   0.00037     Cmsurf  =  -0.00000
     CDsurf  =  -0.00000     Cnsurf  =  -0.00010
     CDisurf =  -0.00000     CDvsurf =   0.00000

  Forces referred to Ssurf, Cave about hinge axis thru LE
     CLsurf  =  -0.01106     CDsurf  =  -0.00001
     Deflect =

 Strip Forces referred to Strip Area, Chord
    j      Yle    Chord     Area     c cl      ai      cl_norm  cl       cd       cdv    cm_c/4    cm_LE  C.P.x/c
    89   4.0000   1.9966   0.0850  -0.0020  -0.0015  -0.0011  -0.0010   0.0000   0.0000   0.0001   0.0004    0.394
    90   4.0000   1.9696   0.2459  -0.0069   0.0061  -0.0037  -0.0035   0.0000   0.0000   0.0005   0.0013    0.378
    91   4.0000   1.9173   0.3809  -0.0133   0.0072  -0.0073  -0.0069  -0.0000   0.0000   0.0007   0.0023    0.358
    92   4.0000   1.8435   0.4773  -0.0195   0.0050  -0.0111  -0.0106  -0.0000   0.0000   0.0010   0.0034    0.340
    93   4.0000   1.7531   0.5285  -0.0234   0.0041  -0.0140  -0.0134  -0.0000   0.0000   0.0010   0.0041    0.325
    94   4.0000   1.6522   0.5345  -0.0244   0.0039  -0.0154  -0.0147  -0.0000   0.0000   0.0009   0.0043    0.313
    95   4.0000   1.5478   0.5007  -0.0228   0.0039  -0.0154  -0.0147  -0.0000   0.0000   0.0008   0.0042    0.303
    96   4.0000   1.4469   0.4362  -0.0197   0.0038  -0.0142  -0.0136  -0.0000   0.0000   0.0006   0.0037    0.293
    97   4.0000   1.3565   0.3512  -0.0157   0.0036  -0.0122  -0.0116  -0.0000   0.0000   0.0004   0.0031    0.283
    98   4.0000   1.2827   0.2548  -0.0114   0.0033  -0.0093  -0.0089  -0.0000   0.0000   0.0002   0.0023    0.272
    99   4.0000   1.2304   0.1537  -0.0069   0.0031  -0.0059  -0.0056  -0.0000   0.0000   0.0001   0.0014    0.260
   100   4.0000   1.2034   0.0513  -0.0023   0.0029  -0.0020  -0.0019  -0.0000   0.0000   0.0000   0.0005    0.252

  Surface # 6     Fin (YDUP)                              
     # Chordwise = 11   # Spanwise = 12     First strip =101
     Surface area =    4.000000       Ave. chord =    1.600000
     CLsurf  =   0.00000     Clsurf  =  -0.00002
     CYsurf  =  -0.00037     Cmsurf  =  -0.00000
     CDsurf  =  -0.00000     Cnsurf  =   0.00010
     CDisurf =  -0.00000     CDvsurf =   0.00000

  Forces referred to Ssurf, Cave about hinge axis thru LE
     CLsurf  =  -0.01106     CDsurf  =  -0.00001
     Deflect =

 Strip Forces referred to Strip Area, Chord
    j      Yle    Chord     Area     c cl      ai      cl_norm  cl       cd       cdv    cm_c/4    cm_LE  C.P.x/c
   101  -4.0000   1.9966   0.0850  -0.0020  -0.0015  -0.0011  -0.0010   0.0000   0.0000   0.0001  -0.0004    0.394
   102  -4.0000   1.9696   0.2459  -0.0069   0.0061  -0.0037  -0.0035   0.0000   0.0000   0.0005  -0.0013    0.378
   103  -4.0000   1.9173   0.3809  -0.0133   0.0072  -0.0073  -0.0069  -0.0000   0.0000   0.0007  -0.0023    0.358
   104  -4.0000   1.8435   0.4773  -0.0195   0.0050  -0.0111  -0.0106  -0.0000   0.0000   0.0010  -0.0034    0.340
   105  -4.0000   1.7531   0.5285  -0.0234   0.0041  -0.0140  -0.0134  -0.0000   0.0000   0.0010  -0.0041    0.325
   106  -4.0000   1.6522   0.5345  -0.0244   0.0039  -0.0154  -0.0147  -0.0000   0.0000   0.0009  -0.0043    0.313
   107  -4.0000   1.5478   0.5007  -0.0228   0.0039  -0.0154  -0.0147  -0.0000   0.0000   0.0008  -0.0042    0.303
   108  -4.0000   1.4469   0.4362  -0.0197   0.0038  -0.0142  -0.0136  -0.0000   0.0000   0.0006  -0.0037    0.293
   109  -4.0000   1.3565   0.3512  -0.0157   0.0036  -0.0122  -0.0116  -0.0000   0.0000   0.0004  -0.0031    0.283
   110  -4.0000   1.2827   0.2548  -0.0114   0.0033  -0.0093  -0.0089  -0.0000   0.0000   0.0002  -0.0023    0.272
   111  -4.0000   1.2304   0.1537  -0.0069   0.0031  -0.0059  -0.0056  -0.0000   0.0000   0.0001  -0.0014    0.260
   112  -4.0000   1.2034   0.0513  -0.0023   0.0029  -0.0020  -0.0019  -0.0000   0.0000   0.0000  -0.0005    0.252
 ---------------------------------------------------------------
