 ---------------------------------------------------------------
 Surface and Strip Forces by surface

  Forces referred to Sref, Cref, Bref about Xref, Yref, Zref
 Standard axis orientation,  X fwd, Z down         

  Surface # 1     FrontWing                               
     # Chordwise = 13   # Spanwise = 20     First strip =  1
     Surface area =   60.108913       Ave. chord =    3.005444
     CLsurf  =   0.34977     Clsurf  =  -0.07348
     CYsurf  =   0.00077     Cmsurf  =  -0.21993
     CDsurf  =   0.00589     Cnsurf  =  -0.00225
     CDisurf =   0.00589     CDvsurf =   0.00000

  Forces referred to Ssurf, Cave about hinge axis thru LE
     CLsurf  =   0.69973     CDsurf  =   0.01179
     Deflect =

 Strip Forces referred to Strip Area, Chord
    j      Yle    Chord     Area     c cl      ai      cl_norm  cl       cd       cdv    cm_c/4    cm_LE  C.P.x/c
     1   0.0282   3.7000   0.4171   2.7542   0.0354   0.7445   0.7445   0.0142   0.0000  -0.1418  -0.3279    0.440
     2   0.2530   3.7000   1.2412   2.7541   0.0354   0.7445   0.7445   0.0142   0.0000  -0.1418  -0.3279    0.440
     3   0.6971   3.7000   2.0346   2.7528   0.0355   0.7441   0.7441   0.0142   0.0000  -0.1418  -0.3278    0.441
     4   1.3494   3.7000   2.7780   2.7485   0.0356   0.7430   0.7430   0.0143   0.0000  -0.1417  -0.3275    0.441
     5   2.1940   3.7000   3.4529   2.7386   0.0360   0.7403   0.7403   0.0145   0.0000  -0.1417  -0.3267    0.441
     6   3.2101   3.7000   4.0429   2.7191   0.0370   0.7350   0.7350   0.0150   0.0000  -0.1416  -0.3254    0.443
     7   4.3726   3.7000   4.5333   2.6838   0.0416   0.7254   0.7254   0.0160   0.0000  -0.1417  -0.3230    0.445
     8   5.7356   3.6093   5.3981   2.6157   0.0392   0.7310   0.7248   0.0153   0.0000  -0.1417  -0.3205    0.446
     9   7.2752   3.4194   5.3825   2.5042   0.0342   0.7388   0.7325   0.0130   0.0000  -0.1417  -0.3223    0.443
    10   8.8741   3.2222   5.2001   2.3647   0.0311   0.7404   0.7341   0.0113   0.0000  -0.1418  -0.3228    0.443
    11  10.4930   3.0225   4.8779   2.2056   0.0283   0.7363   0.7300   0.0098   0.0000  -0.1418  -0.3218    0.444
    12  12.0919   2.8253   4.4474   2.0338   0.0263   0.7264   0.7202   0.0086   0.0000  -0.1418  -0.3193    0.447
    13  13.6315   2.6354   3.9416   1.8548   0.0252   0.7102   0.7042   0.0079   0.0000  -0.1415  -0.3151    0.451
    14  15.0739   2.4576   3.3921   1.6725   0.0255   0.6867   0.6809   0.0075   0.0000  -0.1410  -0.3088    0.457
    15  16.3836   2.2960   2.8264   1.4880   0.0279   0.6540   0.6484   0.0076   0.0000  -0.1401  -0.2998    0.466
    16  17.5282   2.1549   2.2655   1.2988   0.0336   0.6081   0.6030   0.0084   0.0000  -0.1380  -0.2865    0.479
    17  18.4798   2.0375   1.7234   1.0965   0.0445   0.5429   0.5383   0.0098   0.0000  -0.1335  -0.2661    0.498
    18  19.2147   1.9469   1.2061   0.8654   0.0638   0.4483   0.4445   0.0111   0.0000  -0.1228  -0.2321    0.526
    19  19.7150   1.8852   0.7124   0.5810   0.0973   0.3107   0.3081   0.0105   0.0000  -0.0968  -0.1726    0.564
    20  19.9682   1.8539   0.2355   0.2149   0.1470   0.1168   0.1158   0.0049   0.0000  -0.0412  -0.0697    0.606

  Surface # 2     FrontWing (YDUP)                        
     # Chordwise = 13   # Spanwise = 20     First strip = 21
     Surface area =   60.108913       Ave. chord =    3.005444
     CLsurf  =   0.34977     Clsurf  =   0.07348
     CYsurf  =  -0.00077     Cmsurf  =  -0.21993
     CDsurf  =   0.00589     Cnsurf  =   0.00225
     CDisurf =   0.00589     CDvsurf =   0.00000

  Forces referred to Ssurf, Cave about hinge axis thru LE
     CLsurf  =   0.69973     CDsurf  =   0.01179
     Deflect =

 Strip Forces referred to Strip Area, Chord
    j      Yle    Chord     Area     c cl      ai      cl_norm  cl       cd       cdv    cm_c/4    cm_LE  C.P.x/c
    21  -0.0282   3.7000   0.4171   2.7542   0.0354   0.7445   0.7445   0.0142   0.0000  -0.1418   0.3279    0.440
    22  -0.2530   3.7000   1.2412   2.7541   0.0354   0.7445   0.7445   0.0142   0.0000  -0.1418   0.3279    0.440
    23  -0.6971   3.7000   2.0346   2.7528   0.0355   0.7441   0.7441   0.0142   0.0000  -0.1418   0.3278    0.441
    24  -1.3494   3.7000   2.7780   2.7485   0.0356   0.7430   0.7430   0.0143   0.0000  -0.1417   0.3275    0.441
    25  -2.1940   3.7000   3.4529   2.7386   0.0360   0.7403   0.7403   0.0145   0.0000  -0.1417   0.3267    0.441
    26  -3.2101   3.7000   4.0429   2.7191   0.0370   0.7350   0.7350   0.0150   0.0000  -0.1416   0.3254    0.443
    27  -4.3726   3.7000   4.5333   2.6838   0.0416   0.7254   0.7254   0.0160   0.0000  -0.1417   0.3230    0.445
    28  -5.7356   3.6093   5.3981   2.6157   0.0392   0.7310   0.7248   0.0153   0.0000  -0.1417   0.3205    0.446
    29  -7.2752   3.4194   5.3825   2.5042   0.0342   0.7388   0.7325   0.0130   0.0000  -0.1417   0.3223    0.443
    30  -8.8741   3.2222   5.2001   2.3647   0.0311   0.7404   0.7341   0.0113   0.0000  -0.1418   0.3228    0.443
    31 -10.4930   3.0225   4.8779   2.2056   0.0283   0.7363   0.7300   0.0098   0.0000  -0.1418   0.3218    0.444
    32 -12.0919   2.8253   4.4474   2.0338   0.0263   0.7264   0.7202   0.0086   0.0000  -0.1418   0.3193    0.447
    33 -13.6315   2.6354   3.9416   1.8548   0.0252   0.7102   0.7042   0.0079   0.0000  -0.1415   0.3151    0.451
    34 -15.0739   2.4576   3.3921   1.6725   0.0255   0.6867   0.6809   0.0075   0.0000  -0.1410   0.3088    0.457
    35 -16.3836   2.2960   2.8264   1.4880   0.0279   0.6540   0.6484   0.0076   0.0000  -0.1401   0.2998    0.466
    36 -17.5282   2.1549   2.2655   1.2988   0.0336   0.6081   0.6030   0.0084   0.0000  -0.1380   0.2865    0.479
    37 -18.4798   2.0375   1.7234   1.0965   0.0445   0.5429   0.5383   0.0098   0.0000  -0.1335   0.2661    0.498
    38 -19.2147   1.9469   1.2061   0.8654   0.0638   0.4483   0.4445   0.0111   0.0000  -0.1228   0.2321    0.526
    39 -19.7150   1.8852   0.7124   0.5810   0.0973   0.3107   0.3081   0.0105   0.0000  -0.0968   0.1726    0.564
    40 -19.9682   1.8539   0.2355   0.2149   0.1470   0.1168   0.1158   0.0049   0.0000  -0.0412   0.0697    0.606

  Surface # 3     Second Wing2                            
     # Chordwise = 13   # Spanwise = 24     First strip = 41
     Surface area =   12.000000       Ave. chord =    2.000000
     CLsurf  =   0.00023     Clsurf  =  -0.00003
     CYsurf  =  -0.00000     Cmsurf  =  -0.00086
     CDsurf  =   0.00001     Cnsurf  =  -0.00000
     CDisurf =   0.00001     CDvsurf =   0.00000

  Forces referred to Ssurf, Cave about hinge axis thru LE
     CLsurf  =   0.00230     CDsurf  =   0.00010
     Deflect =

 Strip Forces referred to Strip Area, Chord
    j      Yle    Chord     Area     c cl      ai      cl_norm  cl       cd       cdv    cm_c/4    cm_LE  C.P.x/c
    41   0.0064   2.0000   0.0513  -0.0015   0.0348  -0.0007  -0.0007  -0.0000   0.0000  -0.0017  -0.0015
    42   0.0576   2.0000   0.1531  -0.0015   0.0348  -0.0007  -0.0007  -0.0000   0.0000  -0.0017  -0.0015
    43   0.1592   2.0000   0.2523  -0.0015   0.0348  -0.0007  -0.0007  -0.0000   0.0000  -0.0017  -0.0015
    44   0.3094   2.0000   0.3471  -0.0014   0.0349  -0.0007  -0.0007  -0.0000   0.0000  -0.0017  -0.0015
    45   0.5056   2.0000   0.4360  -0.0013   0.0348  -0.0007  -0.0007  -0.0000   0.0000  -0.0017  -0.0015
    46   0.7445   2.0000   0.5175  -0.0012   0.0350  -0.0006  -0.0006  -0.0000   0.0000  -0.0017  -0.0015
    47   1.0220   2.0000   0.5901  -0.0009   0.0348  -0.0004  -0.0004  -0.0000   0.0000  -0.0017  -0.0016
    48   1.3333   2.0000   0.6526  -0.0004   0.0350  -0.0002  -0.0002  -0.0000   0.0000  -0.0017  -0.0017
    49   1.6731   2.0000   0.7039   0.0003   0.0352   0.0002   0.0002  -0.0000   0.0000  -0.0017  -0.0018
    50   2.0357   2.0000   0.7432   0.0014   0.0347   0.0007   0.0007   0.0000   0.0000  -0.0017  -0.0019
    51   2.4147   2.0000   0.7698   0.0029   0.0364   0.0014   0.0014   0.0001   0.0000  -0.0018  -0.0021    1.483
    52   2.8038   2.0000   0.7832   0.0049   0.0342   0.0024   0.0024   0.0001   0.0000  -0.0018  -0.0024    0.975
    53   3.1962   2.0000   0.7832   0.0071   0.0360   0.0036   0.0036   0.0002   0.0000  -0.0017  -0.0026    0.733
    54   3.5853   2.0000   0.7698   0.0093   0.0381   0.0047   0.0047   0.0002   0.0000  -0.0016  -0.0028    0.593
    55   3.9643   2.0000   0.7432   0.0102   0.0260   0.0051   0.0051   0.0002   0.0000  -0.0014  -0.0026    0.516
    56   4.3269   2.0000   0.7039   0.0101   0.0421   0.0051   0.0051   0.0002   0.0000  -0.0011  -0.0024    0.470
    57   4.6667   2.0000   0.6526   0.0100   0.0456   0.0050   0.0050   0.0002   0.0000  -0.0010  -0.0023    0.453
    58   4.9780   2.0000   0.5901   0.0089   0.0393   0.0044   0.0044   0.0002   0.0000  -0.0011  -0.0022    0.491
    59   5.2555   2.0000   0.5175   0.0078   0.0314   0.0039   0.0039   0.0002   0.0000  -0.0011  -0.0020    0.528
    60   5.4944   2.0000   0.4360   0.0075   0.0348   0.0037   0.0037   0.0002   0.0000  -0.0009  -0.0019    0.502
    61   5.6906   2.0000   0.3471   0.0072   0.0396   0.0036   0.0036   0.0002   0.0000  -0.0007  -0.0016    0.452
    62   5.8408   2.0000   0.2523   0.0061   0.0436   0.0030   0.0030   0.0001   0.0000  -0.0005  -0.0013    0.413
    63   5.9424   2.0000   0.1531   0.0041   0.0463   0.0020   0.0020   0.0001   0.0000  -0.0003  -0.0008    0.392
    64   5.9936   2.0000   0.0513   0.0014   0.0476   0.0007   0.0007   0.0000   0.0000  -0.0001  -0.0003    0.384

  Surface # 4     Second Wing2 (YDUP)                     
     # Chordwise = 13   # Spanwise = 24     First strip = 65
     Surface area =   12.000000       Ave. chord =    2.000000
     CLsurf  =   0.00023     Clsurf  =   0.00003
     CYsurf  =   0.00000     Cmsurf  =  -0.00086
     CDsurf  =   0.00001     Cnsurf  =   0.00000
     CDisurf =   0.00001     CDvsurf =   0.00000

  Forces referred to Ssurf, Cave about hinge axis thru LE
     CLsurf  =   0.00230     CDsurf  =   0.00010
     Deflect =

 Strip Forces referred to Strip Area, Chord
    j      Yle    Chord     Area     c cl      ai      cl_norm  cl       cd       cdv    cm_c/4    cm_LE  C.P.x/c
    65  -0.0064   2.0000   0.0513  -0.0015   0.0348  -0.0007  -0.0007  -0.0000   0.0000  -0.0017   0.0015
    66  -0.0576   2.0000   0.1531  -0.0015   0.0348  -0.0007  -0.0007  -0.0000   0.0000  -0.0017   0.0015
    67  -0.1592   2.0000   0.2523  -0.0015   0.0348  -0.0007  -0.0007  -0.0000   0.0000  -0.0017   0.0015
    68  -0.3094   2.0000   0.3471  -0.0014   0.0349  -0.0007  -0.0007  -0.0000   0.0000  -0.0017   0.0015
    69  -0.5056   2.0000   0.4360  -0.0013   0.0348  -0.0007  -0.0007  -0.0000   0.0000  -0.0017   0.0015
    70  -0.7445   2.0000   0.5175  -0.0012   0.0350  -0.0006  -0.0006  -0.0000   0.0000  -0.0017   0.0015
    71  -1.0220   2.0000   0.5901  -0.0009   0.0348  -0.0004  -0.0004  -0.0000   0.0000  -0.0017   0.0016
    72  -1.3333   2.0000   0.6526  -0.0004   0.0350  -0.0002  -0.0002  -0.0000   0.0000  -0.0017   0.0017
    73  -1.6731   2.0000   0.7039   0.0003   0.0352   0.0002   0.0002  -0.0000   0.0000  -0.0017   0.0018
    74  -2.0357   2.0000   0.7432   0.0014   0.0347   0.0007   0.0007   0.0000   0.0000  -0.0017   0.0019
    75  -2.4147   2.0000   0.7698   0.0029   0.0364   0.0014   0.0014   0.0001   0.0000  -0.0018   0.0021    1.483
    76  -2.8038   2.0000   0.7832   0.0049   0.0342   0.0024   0.0024   0.0001   0.0000  -0.0018   0.0024    0.975
    77  -3.1962   2.0000   0.7832   0.0071   0.0360   0.0036   0.0036   0.0002   0.0000  -0.0017   0.0026    0.733
    78  -3.5853   2.0000   0.7698   0.0093   0.0381   0.0047   0.0047   0.0002   0.0000  -0.0016   0.0028    0.593
    79  -3.9643   2.0000   0.7432   0.0102   0.0260   0.0051   0.0051   0.0002   0.0000  -0.0014   0.0026    0.516
    80  -4.3269   2.0000   0.7039   0.0101   0.0421   0.0051   0.0051   0.0002   0.0000  -0.0011   0.0024    0.470
    81  -4.6667   2.0000   0.6526   0.0100   0.0456   0.0050   0.0050   0.0002   0.0000  -0.0010   0.0023    0.453
    82  -4.9780   2.0000   0.5901   0.0089   0.0393   0.0044   0.0044   0.0002   0.0000  -0.0011   0.0022    0.491
    83  -5.2555   2.0000   0.5175   0.0078   0.0314   0.0039   0.0039   0.0002   0.0000  -0.0011   0.0020    0.528
    84  -5.4944   2.0000   0.4360   0.0075   0.0348   0.0037   0.0037   0.0002   0.0000  -0.0009   0.0019    0.502
    85  -5.6906   2.0000   0.3471   0.0072   0.0396   0.0036   0.0036   0.0002   0.0000  -0.0007   0.0016    0.452
    86  -5.8408   2.0000   0.2523   0.0061   0.0436   0.0030   0.0030   0.0001   0.0000  -0.0005   0.0013    0.413
    87  -5.9424   2.0000   0.1531   0.0041   0.0463   0.0020   0.0020   0.0001   0.0000  -0.0003   0.0008    0.392
    88  -5.9936   2.0000   0.0513   0.0014   0.0476   0.0007   0.0007   0.0000   0.0000  -0.0001   0.0003    0.384

  Surface # 5     Fin                                     
     # Chordwise = 11   # Spanwise = 12     First strip = 89
     Surface area =    4.000000       Ave. chord =    1.600000
     CLsurf  =   0.00000     Clsurf  =  -0.00002
     CYsurf  =  -0.00040     Cmsurf  =  -0.00000
     CDsurf  =  -0.00000     Cnsurf  =   0.00011
     CDisurf =  -0.00000     CDvsurf =   0.00000

  Forces referred to Ssurf, Cave about hinge axis thru LE
     CLsurf  =   0.01198     CDsurf  =  -0.00004
     Deflect =

 Strip Forces referred to Strip Area, Chord
    j      Yle    Chord     Area     c cl      ai      cl_norm  cl       cd       cdv    cm_c/4    cm_LE  C.P.x/c
    89   4.0000   1.9966   0.0850   0.0023  -0.0071   0.0012   0.0011  -0.0000   0.0000   0.0000  -0.0003    0.227
    90   4.0000   1.9696   0.2459   0.0069  -0.0067   0.0038   0.0035  -0.0000   0.0000   0.0001  -0.0008    0.227
    91   4.0000   1.9173   0.3809   0.0118  -0.0059   0.0066   0.0061  -0.0000   0.0000   0.0002  -0.0014    0.225
    92   4.0000   1.8435   0.4773   0.0166  -0.0051   0.0098   0.0090  -0.0000   0.0000   0.0003  -0.0020    0.222
    93   4.0000   1.7531   0.5285   0.0210  -0.0044   0.0130   0.0120  -0.0000   0.0000   0.0004  -0.0026    0.218
    94   4.0000   1.6522   0.5345   0.0241  -0.0038   0.0158   0.0146  -0.0000   0.0000   0.0005  -0.0031    0.215
    95   4.0000   1.5478   0.5007   0.0254  -0.0033   0.0178   0.0164  -0.0001   0.0000   0.0006  -0.0035    0.211
    96   4.0000   1.4469   0.4362   0.0246  -0.0029   0.0184   0.0170  -0.0001   0.0000   0.0008  -0.0035    0.203
    97   4.0000   1.3565   0.3512   0.0218  -0.0026   0.0174   0.0161  -0.0001   0.0000   0.0010  -0.0031    0.191
    98   4.0000   1.2827   0.2548   0.0172  -0.0023   0.0145   0.0134  -0.0001   0.0000   0.0010  -0.0024    0.172
    99   4.0000   1.2304   0.1537   0.0110  -0.0020   0.0097   0.0089  -0.0000   0.0000   0.0009  -0.0014    0.151
   100   4.0000   1.2034   0.0513   0.0038  -0.0019   0.0034   0.0031  -0.0000   0.0000   0.0004  -0.0004    0.133

  Surface # 6     Fin (YDUP)                              
     # Chordwise = 11   # Spanwise = 12     First strip =101
     Surface area =    4.000000       Ave. chord =    1.600000
     CLsurf  =   0.00000     Clsurf  =   0.00002
     CYsurf  =   0.00040     Cmsurf  =  -0.00000
     CDsurf  =  -0.00000     Cnsurf  =  -0.00011
     CDisurf =  -0.00000     CDvsurf =   0.00000

  Forces referred to Ssurf, Cave about hinge axis thru LE
     CLsurf  =   0.01198     CDsurf  =  -0.00004
     Deflect =

 Strip Forces referred to Strip Area, Chord
    j      Yle    Chord     Area     c cl      ai      cl_norm  cl       cd       cdv    cm_c/4    cm_LE  C.P.x/c
   101  -4.0000   1.9966   0.0850   0.0023  -0.0071   0.0012   0.0011  -0.0000   0.0000   0.0000   0.0003    0.227
   102  -4.0000   1.9696   0.2459   0.0069  -0.0067   0.0038   0.0035  -0.0000   0.0000   0.0001   0.0008    0.227
   103  -4.0000   1.9173   0.3809   0.0118  -0.0059   0.0066   0.0061  -0.0000   0.0000   0.0002   0.0014    0.225
   104  -4.0000   1.8435   0.4773   0.0166  -0.0051   0.0098   0.0090  -0.0000   0.0000   0.0003   0.0020    0.222
   105  -4.0000   1.7531   0.5285   0.0210  -0.0044   0.0130   0.0120  -0.0000   0.0000   0.0004   0.0026    0.218
   106  -4.0000   1.6522   0.5345   0.0241  -0.0038   0.0158   0.0146  -0.0000   0.0000   0.0005   0.0031    0.215
   107  -4.0000   1.5478   0.5007   0.0254  -0.0033   0.0178   0.0164  -0.0001   0.0000   0.0006   0.0035    0.211
   108  -4.0000   1.4469   0.4362   0.0246  -0.0029   0.0184   0.0170  -0.0001   0.0000   0.0008   0.0035    0.203
   109  -4.0000   1.3565   0.3512   0.0218  -0.0026   0.0174   0.0161  -0.0001   0.0000   0.0010   0.0031    0.191
   110  -4.0000   1.2827   0.2548   0.0172  -0.0023   0.0145   0.0134  -0.0001   0.0000   0.0010   0.0024    0.172
   111  -4.0000   1.2304   0.1537   0.0110  -0.0020   0.0097   0.0089  -0.0000   0.0000   0.0009   0.0014    0.151
   112  -4.0000   1.2034   0.0513   0.0038  -0.0019   0.0034   0.0031  -0.0000   0.0000   0.0004   0.0004    0.133
 ---------------------------------------------------------------
