 ---------------------------------------------------------------
 Surface and Strip Forces by surface

  Forces referred to Sref, Cref, Bref about Xref, Yref, Zref
 Standard axis orientation,  X fwd, Z down         

  Surface # 1     FrontWing                               
     # Chordwise = 13   # Spanwise = 20     First strip =  1
     Surface area =   60.108913       Ave. chord =    3.005444
     CLsurf  =   0.52995     Clsurf  =  -0.11193
     CYsurf  =   0.00152     Cmsurf  =  -0.30474
     CDsurf  =   0.01308     Cnsurf  =  -0.01024
     CDisurf =   0.01308     CDvsurf =   0.00000

  Forces referred to Ssurf, Cave about hinge axis thru LE
     CLsurf  =   1.06019     CDsurf  =   0.02616
     Deflect =

 Strip Forces referred to Strip Area, Chord
    j      Yle    Chord     Area     c cl      ai      cl_norm  cl       cd       cdv    cm_c/4    cm_LE  C.P.x/c
     1   0.0282   3.7000   0.4171   4.1060   0.0682   1.1136   1.1136   0.0300   0.0000  -0.1399  -0.4174    0.376
     2   0.2530   3.7000   1.2412   4.1057   0.0682   1.1135   1.1135   0.0300   0.0000  -0.1399  -0.4173    0.376
     3   0.6971   3.7000   2.0346   4.1038   0.0684   1.1130   1.1130   0.0300   0.0000  -0.1399  -0.4172    0.376
     4   1.3494   3.7000   2.7780   4.0973   0.0689   1.1112   1.1112   0.0303   0.0000  -0.1399  -0.4167    0.376
     5   2.1940   3.7000   3.4529   4.0824   0.0702   1.1070   1.1070   0.0308   0.0000  -0.1398  -0.4157    0.376
     6   3.2101   3.7000   4.0429   4.0531   0.0727   1.0990   1.0990   0.0319   0.0000  -0.1399  -0.4137    0.377
     7   4.3726   3.7000   4.5333   4.0010   0.0838   1.0845   1.0845   0.0345   0.0000  -0.1404  -0.4107    0.379
     8   5.7356   3.6093   5.3981   3.9051   0.0582   1.0944   1.0853   0.0331   0.0000  -0.1404  -0.4078    0.379
     9   7.2752   3.4194   5.3825   3.7512   0.0346   1.1103   1.1010   0.0281   0.0000  -0.1398  -0.4109    0.377
    10   8.8741   3.2222   5.2001   3.5576   0.0391   1.1179   1.1085   0.0245   0.0000  -0.1398  -0.4127    0.376
    11  10.4930   3.0225   4.8779   3.3355   0.0386   1.1176   1.1083   0.0218   0.0000  -0.1398  -0.4125    0.376
    12  12.0919   2.8253   4.4474   3.0942   0.0378   1.1094   1.1001   0.0197   0.0000  -0.1396  -0.4103    0.377
    13  13.6315   2.6354   3.9416   2.8408   0.0379   1.0920   1.0829   0.0185   0.0000  -0.1392  -0.4056    0.379
    14  15.0739   2.4576   3.3921   2.5796   0.0400   1.0634   1.0545   0.0183   0.0000  -0.1384  -0.3978    0.381
    15  16.3836   2.2960   2.8264   2.3103   0.0454   1.0192   1.0106   0.0193   0.0000  -0.1368  -0.3854    0.385
    16  17.5282   2.1549   2.2655   2.0263   0.0556   0.9520   0.9440   0.0217   0.0000  -0.1335  -0.3658    0.391
    17  18.4798   2.0375   1.7234   1.7117   0.0729   0.8498   0.8427   0.0251   0.0000  -0.1269  -0.3344    0.401
    18  19.2147   1.9469   1.2061   1.3410   0.0999   0.6960   0.6902   0.0275   0.0000  -0.1134  -0.2835    0.414
    19  19.7150   1.8852   0.7124   0.8845   0.1400   0.4734   0.4694   0.0248   0.0000  -0.0866  -0.2024    0.435
    20  19.9682   1.8539   0.2355   0.3194   0.1937   0.1736   0.1722   0.0111   0.0000  -0.0362  -0.0786    0.460

  Surface # 2     FrontWing (YDUP)                        
     # Chordwise = 13   # Spanwise = 20     First strip = 21
     Surface area =   60.108913       Ave. chord =    3.005444
     CLsurf  =   0.52995     Clsurf  =   0.11193
     CYsurf  =  -0.00152     Cmsurf  =  -0.30474
     CDsurf  =   0.01307     Cnsurf  =   0.01024
     CDisurf =   0.01307     CDvsurf =   0.00000

  Forces referred to Ssurf, Cave about hinge axis thru LE
     CLsurf  =   1.06019     CDsurf  =   0.02615
     Deflect =

 Strip Forces referred to Strip Area, Chord
    j      Yle    Chord     Area     c cl      ai      cl_norm  cl       cd       cdv    cm_c/4    cm_LE  C.P.x/c
    21  -0.0282   3.7000   0.4171   4.1060   0.0682   1.1136   1.1136   0.0300   0.0000  -0.1399   0.4174    0.376
    22  -0.2530   3.7000   1.2412   4.1057   0.0682   1.1135   1.1135   0.0300   0.0000  -0.1399   0.4173    0.376
    23  -0.6971   3.7000   2.0346   4.1038   0.0684   1.1130   1.1130   0.0300   0.0000  -0.1399   0.4172    0.376
    24  -1.3494   3.7000   2.7780   4.0973   0.0689   1.1112   1.1112   0.0303   0.0000  -0.1399   0.4167    0.376
    25  -2.1940   3.7000   3.4529   4.0824   0.0702   1.1070   1.1070   0.0308   0.0000  -0.1398   0.4157    0.376
    26  -3.2101   3.7000   4.0429   4.0531   0.0727   1.0990   1.0990   0.0319   0.0000  -0.1399   0.4137    0.377
    27  -4.3726   3.7000   4.5333   4.0010   0.0838   1.0845   1.0845   0.0345   0.0000  -0.1404   0.4107    0.379
    28  -5.7356   3.6093   5.3981   3.9051   0.0582   1.0944   1.0853   0.0331   0.0000  -0.1404   0.4078    0.379
    29  -7.2752   3.4194   5.3825   3.7511   0.0346   1.1103   1.1010   0.0280   0.0000  -0.1398   0.4109    0.377
    30  -8.8741   3.2222   5.2001   3.5576   0.0391   1.1179   1.1085   0.0245   0.0000  -0.1398   0.4127    0.376
    31 -10.4930   3.0225   4.8779   3.3355   0.0386   1.1176   1.1083   0.0218   0.0000  -0.1398   0.4125    0.376
    32 -12.0919   2.8253   4.4474   3.0942   0.0378   1.1094   1.1001   0.0197   0.0000  -0.1396   0.4103    0.377
    33 -13.6315   2.6354   3.9416   2.8408   0.0379   1.0920   1.0829   0.0185   0.0000  -0.1392   0.4056    0.379
    34 -15.0739   2.4576   3.3921   2.5796   0.0400   1.0634   1.0545   0.0182   0.0000  -0.1384   0.3978    0.381
    35 -16.3836   2.2960   2.8264   2.3103   0.0454   1.0192   1.0106   0.0193   0.0000  -0.1368   0.3854    0.385
    36 -17.5282   2.1549   2.2655   2.0263   0.0556   0.9520   0.9440   0.0217   0.0000  -0.1335   0.3658    0.391
    37 -18.4798   2.0375   1.7234   1.7117   0.0729   0.8498   0.8427   0.0251   0.0000  -0.1269   0.3344    0.401
    38 -19.2147   1.9469   1.2061   1.3410   0.0999   0.6960   0.6902   0.0275   0.0000  -0.1134   0.2835    0.414
    39 -19.7150   1.8852   0.7124   0.8845   0.1400   0.4734   0.4694   0.0248   0.0000  -0.0866   0.2024    0.435
    40 -19.9682   1.8539   0.2355   0.3194   0.1937   0.1736   0.1722   0.0111   0.0000  -0.0362   0.0786    0.460

  Surface # 3     Second Wing2                            
     # Chordwise = 13   # Spanwise = 24     First strip = 41
     Surface area =   12.000000       Ave. chord =    2.000000
     CLsurf  =   0.02004     Clsurf  =  -0.00135
     CYsurf  =  -0.00000     Cmsurf  =  -0.06764
     CDsurf  =   0.00161     Cnsurf  =  -0.00004
     CDisurf =   0.00161     CDvsurf =   0.00000

  Forces referred to Ssurf, Cave about hinge axis thru LE
     CLsurf  =   0.20086     CDsurf  =   0.01614
     Deflect =

 Strip Forces referred to Strip Area, Chord
    j      Yle    Chord     Area     c cl      ai      cl_norm  cl       cd       cdv    cm_c/4    cm_LE  C.P.x/c
    41   0.0064   2.0000   0.0513   0.4669   0.0678   0.2329   0.2329   0.0184   0.0000  -0.0016  -0.0599    0.257
    42   0.0576   2.0000   0.1531   0.4669   0.0678   0.2329   0.2329   0.0184   0.0000  -0.0016  -0.0599    0.257
    43   0.1592   2.0000   0.2523   0.4669   0.0679   0.2329   0.2329   0.0184   0.0000  -0.0015  -0.0599    0.257
    44   0.3094   2.0000   0.3471   0.4667   0.0679   0.2328   0.2328   0.0184   0.0000  -0.0015  -0.0599    0.257
    45   0.5056   2.0000   0.4360   0.4664   0.0679   0.2326   0.2326   0.0184   0.0000  -0.0015  -0.0599    0.257
    46   0.7445   2.0000   0.5175   0.4659   0.0682   0.2324   0.2324   0.0184   0.0000  -0.0015  -0.0598    0.257
    47   1.0220   2.0000   0.5901   0.4650   0.0681   0.2319   0.2319   0.0183   0.0000  -0.0015  -0.0596    0.257
    48   1.3333   2.0000   0.6526   0.4636   0.0687   0.2312   0.2312   0.0183   0.0000  -0.0015  -0.0595    0.257
    49   1.6731   2.0000   0.7039   0.4617   0.0692   0.2303   0.2303   0.0183   0.0000  -0.0015  -0.0592    0.256
    50   2.0357   2.0000   0.7432   0.4590   0.0688   0.2289   0.2289   0.0182   0.0000  -0.0014  -0.0588    0.256
    51   2.4147   2.0000   0.7698   0.4555   0.0720   0.2272   0.2272   0.0181   0.0000  -0.0013  -0.0583    0.256
    52   2.8038   2.0000   0.7832   0.4509   0.0694   0.2249   0.2249   0.0180   0.0000  -0.0012  -0.0575    0.255
    53   3.1962   2.0000   0.7832   0.4439   0.0728   0.2214   0.2214   0.0177   0.0000  -0.0009  -0.0564    0.254
    54   3.5853   2.0000   0.7698   0.4325   0.0756   0.2157   0.2157   0.0173   0.0000  -0.0004  -0.0544    0.252
    55   3.9643   2.0000   0.7432   0.4125   0.0469   0.2057   0.2057   0.0165   0.0000   0.0006  -0.0510    0.247
    56   4.3269   2.0000   0.7039   0.3866   0.0906   0.1928   0.1928   0.0155   0.0000   0.0016  -0.0467    0.242
    57   4.6667   2.0000   0.6526   0.3593   0.0953   0.1791   0.1791   0.0146   0.0000   0.0024  -0.0425    0.237
    58   4.9780   2.0000   0.5901   0.3266   0.0878   0.1628   0.1628   0.0135   0.0000   0.0029  -0.0379    0.232
    59   5.2555   2.0000   0.5175   0.2892   0.0781   0.1441   0.1441   0.0122   0.0000   0.0033  -0.0328    0.227
    60   5.4944   2.0000   0.4360   0.2476   0.0847   0.1234   0.1234   0.0106   0.0000   0.0038  -0.0271    0.219
    61   5.6906   2.0000   0.3471   0.2010   0.0931   0.1001   0.1001   0.0087   0.0000   0.0040  -0.0211    0.210
    62   5.8408   2.0000   0.2523   0.1486   0.1001   0.0740   0.0740   0.0066   0.0000   0.0036  -0.0149    0.201
    63   5.9424   2.0000   0.1531   0.0913   0.1048   0.0455   0.0455   0.0042   0.0000   0.0026  -0.0088    0.193
    64   5.9936   2.0000   0.0513   0.0308   0.1072   0.0153   0.0153   0.0015   0.0000   0.0010  -0.0029    0.188

  Surface # 4     Second Wing2 (YDUP)                     
     # Chordwise = 13   # Spanwise = 24     First strip = 65
     Surface area =   12.000000       Ave. chord =    2.000000
     CLsurf  =   0.02004     Clsurf  =   0.00135
     CYsurf  =   0.00000     Cmsurf  =  -0.06764
     CDsurf  =   0.00161     Cnsurf  =   0.00004
     CDisurf =   0.00161     CDvsurf =   0.00000

  Forces referred to Ssurf, Cave about hinge axis thru LE
     CLsurf  =   0.20086     CDsurf  =   0.01614
     Deflect =

 Strip Forces referred to Strip Area, Chord
    j      Yle    Chord     Area     c cl      ai      cl_norm  cl       cd       cdv    cm_c/4    cm_LE  C.P.x/c
    65  -0.0064   2.0000   0.0513   0.4669   0.0678   0.2329   0.2329   0.0184   0.0000  -0.0016   0.0599    0.257
    66  -0.0576   2.0000   0.1531   0.4669   0.0678   0.2329   0.2329   0.0184   0.0000  -0.0016   0.0599    0.257
    67  -0.1592   2.0000   0.2523   0.4669   0.0679   0.2329   0.2329   0.0184   0.0000  -0.0015   0.0599    0.257
    68  -0.3094   2.0000   0.3471   0.4667   0.0679   0.2328   0.2328   0.0184   0.0000  -0.0015   0.0599    0.257
    69  -0.5056   2.0000   0.4360   0.4664   0.0679   0.2326   0.2326   0.0184   0.0000  -0.0015   0.0599    0.257
    70  -0.7445   2.0000   0.5175   0.4659   0.0682   0.2324   0.2324   0.0184   0.0000  -0.0015   0.0598    0.257
    71  -1.0220   2.0000   0.5901   0.4650   0.0681   0.2319   0.2319   0.0183   0.0000  -0.0015   0.0596    0.257
    72  -1.3333   2.0000   0.6526   0.4636   0.0687   0.2312   0.2312   0.0183   0.0000  -0.0015   0.0595    0.257
    73  -1.6731   2.0000   0.7039   0.4617   0.0692   0.2303   0.2303   0.0183   0.0000  -0.0015   0.0592    0.256
    74  -2.0357   2.0000   0.7432   0.4590   0.0688   0.2289   0.2289   0.0182   0.0000  -0.0014   0.0588    0.256
    75  -2.4147   2.0000   0.7698   0.4555   0.0720   0.2272   0.2272   0.0181   0.0000  -0.0013   0.0583    0.256
    76  -2.8038   2.0000   0.7832   0.4509   0.0694   0.2249   0.2249   0.0180   0.0000  -0.0012   0.0575    0.255
    77  -3.1962   2.0000   0.7832   0.4439   0.0728   0.2214   0.2214   0.0177   0.0000  -0.0009   0.0564    0.254
    78  -3.5853   2.0000   0.7698   0.4325   0.0756   0.2157   0.2157   0.0173   0.0000  -0.0004   0.0544    0.252
    79  -3.9643   2.0000   0.7432   0.4125   0.0469   0.2057   0.2057   0.0165   0.0000   0.0006   0.0510    0.247
    80  -4.3269   2.0000   0.7039   0.3866   0.0906   0.1928   0.1928   0.0155   0.0000   0.0016   0.0467    0.242
    81  -4.6667   2.0000   0.6526   0.3593   0.0953   0.1791   0.1791   0.0146   0.0000   0.0024   0.0425    0.237
    82  -4.9780   2.0000   0.5901   0.3266   0.0878   0.1628   0.1628   0.0135   0.0000   0.0029   0.0379    0.232
    83  -5.2555   2.0000   0.5175   0.2892   0.0781   0.1441   0.1441   0.0122   0.0000   0.0033   0.0328    0.227
    84  -5.4944   2.0000   0.4360   0.2476   0.0847   0.1234   0.1234   0.0106   0.0000   0.0038   0.0271    0.219
    85  -5.6906   2.0000   0.3471   0.2010   0.0931   0.1001   0.1001   0.0087   0.0000   0.0040   0.0211    0.210
    86  -5.8408   2.0000   0.2523   0.1486   0.1001   0.0740   0.0740   0.0066   0.0000   0.0036   0.0149    0.201
    87  -5.9424   2.0000   0.1531   0.0913   0.1048   0.0455   0.0455   0.0042   0.0000   0.0026   0.0088    0.193
    88  -5.9936   2.0000   0.0513   0.0308   0.1072   0.0153   0.0153   0.0015   0.0000   0.0010   0.0029    0.188

  Surface # 5     Fin                                     
     # Chordwise = 11   # Spanwise = 12     First strip = 89
     Surface area =    4.000000       Ave. chord =    1.600000
     CLsurf  =   0.00000     Clsurf  =  -0.00007
     CYsurf  =  -0.00120     Cmsurf  =  -0.00002
     CDsurf  =  -0.00001     Cnsurf  =   0.00032
     CDisurf =  -0.00001     CDvsurf =   0.00000

  Forces referred to Ssurf, Cave about hinge axis thru LE
     CLsurf  =   0.03617     CDsurf  =  -0.00026
     Deflect =

 Strip Forces referred to Strip Area, Chord
    j      Yle    Chord     Area     c cl      ai      cl_norm  cl       cd       cdv    cm_c/4    cm_LE  C.P.x/c
    89   4.0000   1.9966   0.0850   0.0066  -0.0127   0.0038   0.0033  -0.0000   0.0000  -0.0001  -0.0010    0.279
    90   4.0000   1.9696   0.2459   0.0211  -0.0196   0.0122   0.0107  -0.0000   0.0000  -0.0003  -0.0031    0.278
    91   4.0000   1.9173   0.3809   0.0381  -0.0191   0.0225   0.0199  -0.0000   0.0000  -0.0004  -0.0056    0.272
    92   4.0000   1.8435   0.4773   0.0550  -0.0154   0.0338   0.0298  -0.0001   0.0000  -0.0004  -0.0082    0.264
    93   4.0000   1.7531   0.5285   0.0680  -0.0130   0.0440   0.0388  -0.0002   0.0000  -0.0002  -0.0104    0.256
    94   4.0000   1.6522   0.5345   0.0751  -0.0117   0.0515   0.0455  -0.0003   0.0000   0.0001  -0.0119    0.247
    95   4.0000   1.5478   0.5007   0.0759  -0.0107   0.0556   0.0490  -0.0004   0.0000   0.0006  -0.0124    0.239
    96   4.0000   1.4469   0.4362   0.0709  -0.0098   0.0555   0.0490  -0.0004   0.0000   0.0011  -0.0119    0.228
    97   4.0000   1.3565   0.3512   0.0610  -0.0088   0.0509   0.0449  -0.0004   0.0000   0.0016  -0.0104    0.215
    98   4.0000   1.2827   0.2548   0.0469  -0.0079   0.0414   0.0366  -0.0004   0.0000   0.0019  -0.0078    0.197
    99   4.0000   1.2304   0.1537   0.0296  -0.0072   0.0273   0.0241  -0.0002   0.0000   0.0018  -0.0047    0.176
   100   4.0000   1.2034   0.0513   0.0101  -0.0067   0.0095   0.0084  -0.0001   0.0000   0.0008  -0.0015    0.161

  Surface # 6     Fin (YDUP)                              
     # Chordwise = 11   # Spanwise = 12     First strip =101
     Surface area =    4.000000       Ave. chord =    1.600000
     CLsurf  =   0.00000     Clsurf  =   0.00007
     CYsurf  =   0.00120     Cmsurf  =  -0.00002
     CDsurf  =  -0.00001     Cnsurf  =  -0.00032
     CDisurf =  -0.00001     CDvsurf =   0.00000

  Forces referred to Ssurf, Cave about hinge axis thru LE
     CLsurf  =   0.03617     CDsurf  =  -0.00026
     Deflect =

 Strip Forces referred to Strip Area, Chord
    j      Yle    Chord     Area     c cl      ai      cl_norm  cl       cd       cdv    cm_c/4    cm_LE  C.P.x/c
   101  -4.0000   1.9966   0.0850   0.0066  -0.0127   0.0038   0.0033  -0.0000   0.0000  -0.0001   0.0010    0.279
   102  -4.0000   1.9696   0.2459   0.0211  -0.0196   0.0122   0.0107  -0.0000   0.0000  -0.0003   0.0031    0.278
   103  -4.0000   1.9173   0.3809   0.0381  -0.0191   0.0225   0.0199  -0.0000   0.0000  -0.0004   0.0056    0.272
   104  -4.0000   1.8435   0.4773   0.0550  -0.0154   0.0338   0.0298  -0.0001   0.0000  -0.0004   0.0082    0.264
   105  -4.0000   1.7531   0.5285   0.0680  -0.0130   0.0440   0.0388  -0.0002   0.0000  -0.0002   0.0104    0.256
   106  -4.0000   1.6522   0.5345   0.0751  -0.0117   0.0515   0.0455  -0.0003   0.0000   0.0001   0.0119    0.247
   107  -4.0000   1.5478   0.5007   0.0759  -0.0107   0.0556   0.0490  -0.0004   0.0000   0.0006   0.0124    0.239
   108  -4.0000   1.4469   0.4362   0.0709  -0.0098   0.0555   0.0490  -0.0004   0.0000   0.0011   0.0119    0.228
   109  -4.0000   1.3565   0.3512   0.0610  -0.0088   0.0509   0.0449  -0.0004   0.0000   0.0016   0.0104    0.215
   110  -4.0000   1.2827   0.2548   0.0469  -0.0079   0.0414   0.0366  -0.0004   0.0000   0.0019   0.0078    0.197
   111  -4.0000   1.2304   0.1537   0.0296  -0.0072   0.0273   0.0241  -0.0002   0.0000   0.0018   0.0047    0.176
   112  -4.0000   1.2034   0.0513   0.0101  -0.0067   0.0095   0.0084  -0.0001   0.0000   0.0008   0.0015    0.161
 ---------------------------------------------------------------
