 ---------------------------------------------------------------
 Surface and Strip Forces by surface

  Forces referred to Sref, Cref, Bref about Xref, Yref, Zref
 Standard axis orientation,  X fwd, Z down         

  Surface # 1     FrontWing                               
     # Chordwise = 13   # Spanwise = 20     First strip =  1
     Surface area =   60.108913       Ave. chord =    3.005444
     CLsurf  =   0.75531     Clsurf  =  -0.15877
     CYsurf  =   0.00280     Cmsurf  =  -0.41596
     CDsurf  =   0.02593     Cnsurf  =  -0.02718
     CDisurf =   0.02593     CDvsurf =   0.00000

  Forces referred to Ssurf, Cave about hinge axis thru LE
     CLsurf  =   1.51102     CDsurf  =   0.05188
     Deflect =

 Strip Forces referred to Strip Area, Chord
    j      Yle    Chord     Area     c cl      ai      cl_norm  cl       cd       cdv    cm_c/4    cm_LE  C.P.x/c
     1   0.0282   3.7000   0.4171   5.7505   0.1098   1.5747   1.5747   0.0577   0.0000  -0.1356  -0.5242    0.336
     2   0.2530   3.7000   1.2412   5.7502   0.1098   1.5746   1.5746   0.0577   0.0000  -0.1356  -0.5242    0.336
     3   0.6971   3.7000   2.0346   5.7474   0.1102   1.5738   1.5738   0.0578   0.0000  -0.1356  -0.5240    0.336
     4   1.3494   3.7000   2.7780   5.7383   0.1112   1.5712   1.5712   0.0583   0.0000  -0.1356  -0.5233    0.336
     5   2.1940   3.7000   3.4529   5.7172   0.1137   1.5651   1.5651   0.0594   0.0000  -0.1356  -0.5219    0.337
     6   3.2101   3.7000   4.0429   5.6761   0.1181   1.5533   1.5533   0.0618   0.0000  -0.1357  -0.5193    0.337
     7   4.3726   3.7000   4.5333   5.6034   0.1375   1.5321   1.5321   0.0677   0.0000  -0.1368  -0.5154    0.339
     8   5.7356   3.6093   5.3981   5.4737   0.0823   1.5474   1.5349   0.0647   0.0000  -0.1368  -0.5120    0.339
     9   7.2752   3.4194   5.3825   5.2687   0.0347   1.5745   1.5617   0.0546   0.0000  -0.1356  -0.5168    0.337
    10   8.8741   3.2222   5.2001   5.0099   0.0491   1.5902   1.5773   0.0478   0.0000  -0.1354  -0.5201    0.336
    11  10.4930   3.0225   4.8779   4.7116   0.0516   1.5954   1.5824   0.0430   0.0000  -0.1353  -0.5210    0.336
    12  12.0919   2.8253   4.4474   4.3861   0.0523   1.5895   1.5766   0.0396   0.0000  -0.1351  -0.5192    0.336
    13  13.6315   2.6354   3.9416   4.0426   0.0539   1.5708   1.5581   0.0379   0.0000  -0.1344  -0.5140    0.336
    14  15.0739   2.4576   3.3921   3.6857   0.0584   1.5356   1.5231   0.0382   0.0000  -0.1332  -0.5043    0.337
    15  16.3836   2.2960   2.8264   3.3135   0.0674   1.4767   1.4648   0.0409   0.0000  -0.1307  -0.4878    0.339
    16  17.5282   2.1549   2.2655   2.9140   0.0835   1.3821   1.3709   0.0465   0.0000  -0.1260  -0.4606    0.342
    17  18.4798   2.0375   1.7234   2.4623   0.1090   1.2327   1.2227   0.0535   0.0000  -0.1168  -0.4158    0.346
    18  19.2147   1.9469   1.2061   1.9211   0.1455   1.0036   0.9955   0.0577   0.0000  -0.1001  -0.3442    0.351
    19  19.7150   1.8852   0.7124   1.2541   0.1939   0.6741   0.6687   0.0509   0.0000  -0.0726  -0.2371    0.359
    20  19.9682   1.8539   0.2355   0.4466   0.2524   0.2432   0.2413   0.0227   0.0000  -0.0293  -0.0889    0.372

  Surface # 2     FrontWing (YDUP)                        
     # Chordwise = 13   # Spanwise = 20     First strip = 21
     Surface area =   60.108913       Ave. chord =    3.005444
     CLsurf  =   0.75531     Clsurf  =   0.15877
     CYsurf  =  -0.00280     Cmsurf  =  -0.41596
     CDsurf  =   0.02592     Cnsurf  =   0.02718
     CDisurf =   0.02592     CDvsurf =   0.00000

  Forces referred to Ssurf, Cave about hinge axis thru LE
     CLsurf  =   1.51102     CDsurf  =   0.05186
     Deflect =

 Strip Forces referred to Strip Area, Chord
    j      Yle    Chord     Area     c cl      ai      cl_norm  cl       cd       cdv    cm_c/4    cm_LE  C.P.x/c
    21  -0.0282   3.7000   0.4171   5.7505   0.1098   1.5747   1.5747   0.0577   0.0000  -0.1356   0.5242    0.336
    22  -0.2530   3.7000   1.2412   5.7502   0.1098   1.5746   1.5746   0.0577   0.0000  -0.1356   0.5242    0.336
    23  -0.6971   3.7000   2.0346   5.7474   0.1102   1.5738   1.5738   0.0578   0.0000  -0.1356   0.5240    0.336
    24  -1.3494   3.7000   2.7780   5.7383   0.1112   1.5712   1.5712   0.0583   0.0000  -0.1356   0.5233    0.336
    25  -2.1940   3.7000   3.4529   5.7172   0.1137   1.5651   1.5651   0.0594   0.0000  -0.1356   0.5219    0.337
    26  -3.2101   3.7000   4.0429   5.6761   0.1181   1.5533   1.5533   0.0618   0.0000  -0.1357   0.5193    0.337
    27  -4.3726   3.7000   4.5333   5.6034   0.1375   1.5321   1.5321   0.0677   0.0000  -0.1368   0.5154    0.339
    28  -5.7356   3.6093   5.3981   5.4737   0.0823   1.5474   1.5349   0.0647   0.0000  -0.1368   0.5120    0.339
    29  -7.2752   3.4194   5.3825   5.2686   0.0347   1.5745   1.5617   0.0544   0.0000  -0.1356   0.5168    0.337
    30  -8.8741   3.2222   5.2001   5.0099   0.0491   1.5902   1.5773   0.0478   0.0000  -0.1354   0.5201    0.336
    31 -10.4930   3.0225   4.8779   4.7116   0.0516   1.5954   1.5824   0.0430   0.0000  -0.1353   0.5210    0.336
    32 -12.0919   2.8253   4.4474   4.3861   0.0523   1.5895   1.5766   0.0396   0.0000  -0.1351   0.5192    0.336
    33 -13.6315   2.6354   3.9416   4.0426   0.0539   1.5708   1.5581   0.0379   0.0000  -0.1344   0.5140    0.336
    34 -15.0739   2.4576   3.3921   3.6857   0.0584   1.5356   1.5231   0.0382   0.0000  -0.1332   0.5043    0.337
    35 -16.3836   2.2960   2.8264   3.3135   0.0674   1.4767   1.4648   0.0409   0.0000  -0.1307   0.4878    0.339
    36 -17.5282   2.1549   2.2655   2.9140   0.0835   1.3821   1.3709   0.0465   0.0000  -0.1260   0.4606    0.342
    37 -18.4798   2.0375   1.7234   2.4623   0.1090   1.2327   1.2227   0.0535   0.0000  -0.1168   0.4158    0.346
    38 -19.2147   1.9469   1.2061   1.9211   0.1455   1.0036   0.9955   0.0577   0.0000  -0.1001   0.3442    0.351
    39 -19.7150   1.8852   0.7124   1.2541   0.1939   0.6741   0.6687   0.0509   0.0000  -0.0726   0.2371    0.359
    40 -19.9682   1.8539   0.2355   0.4466   0.2524   0.2432   0.2413   0.0227   0.0000  -0.0293   0.0889    0.372

  Surface # 3     Second Wing2                            
     # Chordwise = 13   # Spanwise = 24     First strip = 41
     Surface area =   12.000000       Ave. chord =    2.000000
     CLsurf  =   0.04468     Clsurf  =  -0.00299
     CYsurf  =   0.00000     Cmsurf  =  -0.15167
     CDsurf  =   0.00546     Cnsurf  =  -0.00023
     CDisurf =   0.00546     CDvsurf =   0.00000

  Forces referred to Ssurf, Cave about hinge axis thru LE
     CLsurf  =   0.44771     CDsurf  =   0.05471
     Deflect =

 Strip Forces referred to Strip Area, Chord
    j      Yle    Chord     Area     c cl      ai      cl_norm  cl       cd       cdv    cm_c/4    cm_LE  C.P.x/c
    41   0.0064   2.0000   0.0513   1.0510   0.1097   0.5237   0.5237   0.0619   0.0000  -0.0014  -0.1327    0.253
    42   0.0576   2.0000   0.1531   1.0510   0.1097   0.5237   0.5237   0.0619   0.0000  -0.0014  -0.1327    0.253
    43   0.1592   2.0000   0.2523   1.0509   0.1097   0.5237   0.5237   0.0619   0.0000  -0.0014  -0.1327    0.253
    44   0.3094   2.0000   0.3471   1.0506   0.1098   0.5235   0.5235   0.0619   0.0000  -0.0014  -0.1327    0.253
    45   0.5056   2.0000   0.4360   1.0498   0.1099   0.5231   0.5231   0.0619   0.0000  -0.0013  -0.1326    0.253
    46   0.7445   2.0000   0.5175   1.0484   0.1103   0.5224   0.5224   0.0619   0.0000  -0.0013  -0.1324    0.253
    47   1.0220   2.0000   0.5901   1.0460   0.1103   0.5212   0.5212   0.0618   0.0000  -0.0013  -0.1320    0.252
    48   1.3333   2.0000   0.6526   1.0423   0.1113   0.5194   0.5194   0.0617   0.0000  -0.0012  -0.1315    0.252
    49   1.6731   2.0000   0.7039   1.0372   0.1124   0.5167   0.5167   0.0616   0.0000  -0.0011  -0.1308    0.252
    50   2.0357   2.0000   0.7432   1.0300   0.1122   0.5131   0.5131   0.0614   0.0000  -0.0010  -0.1297    0.252
    51   2.4147   2.0000   0.7698   1.0204   0.1172   0.5083   0.5083   0.0611   0.0000  -0.0008  -0.1283    0.252
    52   2.8038   2.0000   0.7832   1.0076   0.1141   0.5018   0.5018   0.0606   0.0000  -0.0004  -0.1264    0.251
    53   3.1962   2.0000   0.7832   0.9892   0.1195   0.4926   0.4926   0.0599   0.0000   0.0001  -0.1235    0.250
    54   3.5853   2.0000   0.7698   0.9607   0.1231   0.4784   0.4784   0.0586   0.0000   0.0012  -0.1189    0.247
    55   3.9643   2.0000   0.7432   0.9137   0.0734   0.4549   0.4549   0.0559   0.0000   0.0030  -0.1112    0.243
    56   4.3269   2.0000   0.7039   0.8549   0.1523   0.4255   0.4255   0.0526   0.0000   0.0051  -0.1018    0.238
    57   4.6667   2.0000   0.6526   0.7934   0.1585   0.3948   0.3948   0.0497   0.0000   0.0067  -0.0925    0.233
    58   4.9780   2.0000   0.5901   0.7217   0.1493   0.3589   0.3589   0.0464   0.0000   0.0078  -0.0824    0.228
    59   5.2555   2.0000   0.5175   0.6392   0.1375   0.3176   0.3176   0.0423   0.0000   0.0089  -0.0710    0.222
    60   5.4944   2.0000   0.4360   0.5464   0.1481   0.2713   0.2713   0.0370   0.0000   0.0097  -0.0586    0.214
    61   5.6906   2.0000   0.3471   0.4420   0.1610   0.2193   0.2193   0.0306   0.0000   0.0099  -0.0454    0.205
    62   5.8408   2.0000   0.2523   0.3259   0.1718   0.1615   0.1615   0.0233   0.0000   0.0088  -0.0319    0.196
    63   5.9424   2.0000   0.1531   0.1998   0.1792   0.0989   0.0989   0.0149   0.0000   0.0062  -0.0188    0.187
    64   5.9936   2.0000   0.0513   0.0674   0.1830   0.0333   0.0333   0.0053   0.0000   0.0023  -0.0062    0.182

  Surface # 4     Second Wing2 (YDUP)                     
     # Chordwise = 13   # Spanwise = 24     First strip = 65
     Surface area =   12.000000       Ave. chord =    2.000000
     CLsurf  =   0.04468     Clsurf  =   0.00299
     CYsurf  =   0.00000     Cmsurf  =  -0.15167
     CDsurf  =   0.00546     Cnsurf  =   0.00023
     CDisurf =   0.00546     CDvsurf =   0.00000

  Forces referred to Ssurf, Cave about hinge axis thru LE
     CLsurf  =   0.44771     CDsurf  =   0.05471
     Deflect =

 Strip Forces referred to Strip Area, Chord
    j      Yle    Chord     Area     c cl      ai      cl_norm  cl       cd       cdv    cm_c/4    cm_LE  C.P.x/c
    65  -0.0064   2.0000   0.0513   1.0510   0.1097   0.5237   0.5237   0.0619   0.0000  -0.0014   0.1327    0.253
    66  -0.0576   2.0000   0.1531   1.0510   0.1097   0.5237   0.5237   0.0619   0.0000  -0.0014   0.1327    0.253
    67  -0.1592   2.0000   0.2523   1.0509   0.1097   0.5237   0.5237   0.0619   0.0000  -0.0014   0.1327    0.253
    68  -0.3094   2.0000   0.3471   1.0506   0.1098   0.5235   0.5235   0.0619   0.0000  -0.0014   0.1327    0.253
    69  -0.5056   2.0000   0.4360   1.0498   0.1099   0.5231   0.5231   0.0619   0.0000  -0.0013   0.1326    0.253
    70  -0.7445   2.0000   0.5175   1.0484   0.1103   0.5224   0.5224   0.0619   0.0000  -0.0013   0.1324    0.253
    71  -1.0220   2.0000   0.5901   1.0460   0.1103   0.5212   0.5212   0.0618   0.0000  -0.0013   0.1320    0.252
    72  -1.3333   2.0000   0.6526   1.0423   0.1113   0.5194   0.5194   0.0617   0.0000  -0.0012   0.1315    0.252
    73  -1.6731   2.0000   0.7039   1.0372   0.1124   0.5167   0.5167   0.0616   0.0000  -0.0011   0.1308    0.252
    74  -2.0357   2.0000   0.7432   1.0300   0.1122   0.5131   0.5131   0.0614   0.0000  -0.0010   0.1297    0.252
    75  -2.4147   2.0000   0.7698   1.0204   0.1172   0.5083   0.5083   0.0611   0.0000  -0.0008   0.1283    0.252
    76  -2.8038   2.0000   0.7832   1.0076   0.1141   0.5018   0.5018   0.0606   0.0000  -0.0004   0.1264    0.251
    77  -3.1962   2.0000   0.7832   0.9892   0.1195   0.4926   0.4926   0.0599   0.0000   0.0001   0.1235    0.250
    78  -3.5853   2.0000   0.7698   0.9607   0.1231   0.4784   0.4784   0.0586   0.0000   0.0012   0.1189    0.247
    79  -3.9643   2.0000   0.7432   0.9137   0.0734   0.4549   0.4549   0.0559   0.0000   0.0030   0.1112    0.243
    80  -4.3269   2.0000   0.7039   0.8549   0.1523   0.4255   0.4255   0.0526   0.0000   0.0051   0.1018    0.238
    81  -4.6667   2.0000   0.6526   0.7934   0.1585   0.3948   0.3948   0.0497   0.0000   0.0067   0.0925    0.233
    82  -4.9780   2.0000   0.5901   0.7217   0.1493   0.3589   0.3589   0.0464   0.0000   0.0078   0.0824    0.228
    83  -5.2555   2.0000   0.5175   0.6392   0.1375   0.3176   0.3176   0.0423   0.0000   0.0089   0.0710    0.222
    84  -5.4944   2.0000   0.4360   0.5464   0.1481   0.2713   0.2713   0.0370   0.0000   0.0097   0.0586    0.214
    85  -5.6906   2.0000   0.3471   0.4420   0.1610   0.2193   0.2193   0.0306   0.0000   0.0099   0.0454    0.205
    86  -5.8408   2.0000   0.2523   0.3259   0.1718   0.1615   0.1615   0.0233   0.0000   0.0088   0.0319    0.196
    87  -5.9424   2.0000   0.1531   0.1998   0.1792   0.0989   0.0989   0.0149   0.0000   0.0062   0.0188    0.187
    88  -5.9936   2.0000   0.0513   0.0674   0.1830   0.0333   0.0333   0.0053   0.0000   0.0023   0.0062    0.182

  Surface # 5     Fin                                     
     # Chordwise = 11   # Spanwise = 12     First strip = 89
     Surface area =    4.000000       Ave. chord =    1.600000
     CLsurf  =   0.00001     Clsurf  =  -0.00013
     CYsurf  =  -0.00225     Cmsurf  =  -0.00005
     CDsurf  =  -0.00003     Cnsurf  =   0.00061
     CDisurf =  -0.00003     CDvsurf =   0.00000

  Forces referred to Ssurf, Cave about hinge axis thru LE
     CLsurf  =   0.06773     CDsurf  =  -0.00077
     Deflect =

 Strip Forces referred to Strip Area, Chord
    j      Yle    Chord     Area     c cl      ai      cl_norm  cl       cd       cdv    cm_c/4    cm_LE  C.P.x/c
    89   4.0000   1.9966   0.0850   0.0121  -0.0199   0.0074   0.0061   0.0000   0.0000  -0.0003  -0.0019    0.292
    90   4.0000   1.9696   0.2459   0.0393  -0.0360   0.0244   0.0200  -0.0000   0.0000  -0.0008  -0.0063    0.289
    91   4.0000   1.9173   0.3809   0.0723  -0.0360   0.0460   0.0377  -0.0001   0.0000  -0.0012  -0.0117    0.281
    92   4.0000   1.8435   0.4773   0.1055  -0.0285   0.0698   0.0572  -0.0004   0.0000  -0.0012  -0.0172    0.272
    93   4.0000   1.7531   0.5285   0.1301  -0.0240   0.0905   0.0742  -0.0007   0.0000  -0.0009  -0.0217    0.262
    94   4.0000   1.6522   0.5345   0.1421  -0.0217   0.1049   0.0860  -0.0010   0.0000  -0.0003  -0.0245    0.253
    95   4.0000   1.5478   0.5007   0.1418  -0.0200   0.1117   0.0916  -0.0012   0.0000   0.0005  -0.0253    0.244
    96   4.0000   1.4469   0.4362   0.1309  -0.0185   0.1103   0.0905  -0.0013   0.0000   0.0015  -0.0242    0.234
    97   4.0000   1.3565   0.3512   0.1115  -0.0168   0.1003   0.0822  -0.0013   0.0000   0.0024  -0.0210    0.220
    98   4.0000   1.2827   0.2548   0.0852  -0.0151   0.0810   0.0665  -0.0010   0.0000   0.0031  -0.0160    0.203
    99   4.0000   1.2304   0.1537   0.0536  -0.0137   0.0531   0.0435  -0.0007   0.0000   0.0029  -0.0097    0.183
   100   4.0000   1.2034   0.0513   0.0183  -0.0128   0.0185   0.0152  -0.0002   0.0000   0.0013  -0.0032    0.167

  Surface # 6     Fin (YDUP)                              
     # Chordwise = 11   # Spanwise = 12     First strip =101
     Surface area =    4.000000       Ave. chord =    1.600000
     CLsurf  =   0.00001     Clsurf  =   0.00013
     CYsurf  =   0.00225     Cmsurf  =  -0.00005
     CDsurf  =  -0.00003     Cnsurf  =  -0.00061
     CDisurf =  -0.00003     CDvsurf =   0.00000

  Forces referred to Ssurf, Cave about hinge axis thru LE
     CLsurf  =   0.06773     CDsurf  =  -0.00077
     Deflect =

 Strip Forces referred to Strip Area, Chord
    j      Yle    Chord     Area     c cl      ai      cl_norm  cl       cd       cdv    cm_c/4    cm_LE  C.P.x/c
   101  -4.0000   1.9966   0.0850   0.0121  -0.0199   0.0074   0.0061   0.0000   0.0000  -0.0003   0.0019    0.292
   102  -4.0000   1.9696   0.2459   0.0393  -0.0360   0.0244   0.0200  -0.0000   0.0000  -0.0008   0.0063    0.289
   103  -4.0000   1.9173   0.3809   0.0723  -0.0360   0.0460   0.0377  -0.0001   0.0000  -0.0012   0.0117    0.281
   104  -4.0000   1.8435   0.4773   0.1055  -0.0285   0.0698   0.0572  -0.0004   0.0000  -0.0012   0.0172    0.272
   105  -4.0000   1.7531   0.5285   0.1301  -0.0240   0.0905   0.0742  -0.0007   0.0000  -0.0009   0.0217    0.262
   106  -4.0000   1.6522   0.5345   0.1421  -0.0217   0.1049   0.0860  -0.0010   0.0000  -0.0003   0.0245    0.253
   107  -4.0000   1.5478   0.5007   0.1418  -0.0200   0.1117   0.0916  -0.0012   0.0000   0.0005   0.0253    0.244
   108  -4.0000   1.4469   0.4362   0.1309  -0.0185   0.1103   0.0905  -0.0013   0.0000   0.0015   0.0242    0.234
   109  -4.0000   1.3565   0.3512   0.1115  -0.0168   0.1003   0.0822  -0.0013   0.0000   0.0024   0.0210    0.220
   110  -4.0000   1.2827   0.2548   0.0852  -0.0151   0.0810   0.0665  -0.0010   0.0000   0.0031   0.0160    0.203
   111  -4.0000   1.2304   0.1537   0.0536  -0.0137   0.0531   0.0435  -0.0007   0.0000   0.0029   0.0097    0.183
   112  -4.0000   1.2034   0.0513   0.0183  -0.0128   0.0185   0.0152  -0.0002   0.0000   0.0013   0.0032    0.167
 ---------------------------------------------------------------
