 ---------------------------------------------------------------
 Surface and Strip Forces by surface

  Forces referred to Sref, Cref, Bref about Xref, Yref, Zref
 Standard axis orientation,  X fwd, Z down         

  Surface # 1     FrontWing                               
     # Chordwise = 13   # Spanwise = 20     First strip =  1
     Surface area =   60.108913       Ave. chord =    3.005444
     CLsurf  =   0.71021     Clsurf  =  -0.14955
     CYsurf  =   0.00251     Cmsurf  =  -0.39331
     CDsurf  =   0.02302     Cnsurf  =  -0.02315
     CDisurf =   0.02302     CDvsurf =   0.00000

  Forces referred to Ssurf, Cave about hinge axis thru LE
     CLsurf  =   1.42080     CDsurf  =   0.04606
     Deflect =

 Strip Forces referred to Strip Area, Chord
    j      Yle    Chord     Area     c cl      ai      cl_norm  cl       cd       cdv    cm_c/4    cm_LE  C.P.x/c
     1   0.0282   3.7000   0.4171   5.4270   0.1014   1.4825   1.4825   0.0514   0.0000  -0.1367  -0.5034    0.342
     2   0.2530   3.7000   1.2412   5.4267   0.1014   1.4824   1.4824   0.0515   0.0000  -0.1367  -0.5033    0.342
     3   0.6971   3.7000   2.0346   5.4241   0.1017   1.4816   1.4816   0.0516   0.0000  -0.1367  -0.5032    0.342
     4   1.3494   3.7000   2.7780   5.4156   0.1027   1.4792   1.4792   0.0520   0.0000  -0.1366  -0.5026    0.342
     5   2.1940   3.7000   3.4529   5.3956   0.1049   1.4735   1.4735   0.0530   0.0000  -0.1366  -0.5012    0.343
     6   3.2101   3.7000   4.0429   5.3568   0.1089   1.4625   1.4625   0.0551   0.0000  -0.1367  -0.4987    0.344
     7   4.3726   3.7000   4.5333   5.2882   0.1267   1.4427   1.4427   0.0602   0.0000  -0.1377  -0.4950    0.345
     8   5.7356   3.6093   5.3981   5.1652   0.0774   1.4569   1.4450   0.0575   0.0000  -0.1377  -0.4917    0.345
     9   7.2752   3.4194   5.3825   4.9701   0.0347   1.4816   1.4695   0.0486   0.0000  -0.1366  -0.4962    0.343
    10   8.8741   3.2222   5.2001   4.7241   0.0471   1.4957   1.4835   0.0426   0.0000  -0.1364  -0.4992    0.342
    11  10.4930   3.0225   4.8779   4.4408   0.0490   1.4997   1.4874   0.0382   0.0000  -0.1364  -0.4999    0.342
    12  12.0919   2.8253   4.4474   4.1318   0.0493   1.4933   1.4811   0.0351   0.0000  -0.1361  -0.4980    0.342
    13  13.6315   2.6354   3.9416   3.8060   0.0507   1.4749   1.4628   0.0335   0.0000  -0.1356  -0.4929    0.343
    14  15.0739   2.4576   3.3921   3.4679   0.0547   1.4410   1.4292   0.0336   0.0000  -0.1344  -0.4835    0.344
    15  16.3836   2.2960   2.8264   3.1159   0.0630   1.3851   1.3738   0.0360   0.0000  -0.1321  -0.4678    0.346
    16  17.5282   2.1549   2.2655   2.7392   0.0779   1.2961   1.2855   0.0408   0.0000  -0.1277  -0.4421    0.349
    17  18.4798   2.0375   1.7234   2.3145   0.1017   1.1562   1.1467   0.0470   0.0000  -0.1190  -0.3999    0.354
    18  19.2147   1.9469   1.2061   1.8069   0.1363   0.9423   0.9346   0.0508   0.0000  -0.1029  -0.3324    0.360
    19  19.7150   1.8852   0.7124   1.1814   0.1830   0.6343   0.6291   0.0450   0.0000  -0.0755  -0.2304    0.370
    20  19.9682   1.8539   0.2355   0.4216   0.2406   0.2295   0.2276   0.0200   0.0000  -0.0307  -0.0869    0.385

  Surface # 2     FrontWing (YDUP)                        
     # Chordwise = 13   # Spanwise = 20     First strip = 21
     Surface area =   60.108913       Ave. chord =    3.005444
     CLsurf  =   0.71021     Clsurf  =   0.14955
     CYsurf  =  -0.00252     Cmsurf  =  -0.39331
     CDsurf  =   0.02302     Cnsurf  =   0.02315
     CDisurf =   0.02302     CDvsurf =   0.00000

  Forces referred to Ssurf, Cave about hinge axis thru LE
     CLsurf  =   1.42080     CDsurf  =   0.04605
     Deflect =

 Strip Forces referred to Strip Area, Chord
    j      Yle    Chord     Area     c cl      ai      cl_norm  cl       cd       cdv    cm_c/4    cm_LE  C.P.x/c
    21  -0.0282   3.7000   0.4171   5.4270   0.1014   1.4825   1.4825   0.0514   0.0000  -0.1367   0.5034    0.342
    22  -0.2530   3.7000   1.2412   5.4267   0.1014   1.4824   1.4824   0.0515   0.0000  -0.1367   0.5033    0.342
    23  -0.6971   3.7000   2.0346   5.4241   0.1017   1.4816   1.4816   0.0516   0.0000  -0.1367   0.5032    0.342
    24  -1.3494   3.7000   2.7780   5.4156   0.1027   1.4792   1.4792   0.0520   0.0000  -0.1366   0.5026    0.342
    25  -2.1940   3.7000   3.4529   5.3956   0.1049   1.4735   1.4735   0.0530   0.0000  -0.1366   0.5012    0.343
    26  -3.2101   3.7000   4.0429   5.3568   0.1089   1.4625   1.4625   0.0551   0.0000  -0.1367   0.4987    0.344
    27  -4.3726   3.7000   4.5333   5.2882   0.1267   1.4427   1.4427   0.0602   0.0000  -0.1377   0.4950    0.345
    28  -5.7356   3.6093   5.3981   5.1652   0.0774   1.4569   1.4450   0.0575   0.0000  -0.1377   0.4917    0.345
    29  -7.2752   3.4194   5.3825   4.9701   0.0347   1.4816   1.4695   0.0485   0.0000  -0.1366   0.4962    0.343
    30  -8.8741   3.2222   5.2001   4.7241   0.0471   1.4957   1.4835   0.0426   0.0000  -0.1364   0.4992    0.342
    31 -10.4930   3.0225   4.8779   4.4408   0.0490   1.4997   1.4874   0.0382   0.0000  -0.1364   0.4999    0.342
    32 -12.0919   2.8253   4.4474   4.1318   0.0493   1.4933   1.4811   0.0351   0.0000  -0.1361   0.4980    0.342
    33 -13.6315   2.6354   3.9416   3.8060   0.0507   1.4749   1.4628   0.0335   0.0000  -0.1356   0.4929    0.343
    34 -15.0739   2.4576   3.3921   3.4679   0.0547   1.4410   1.4292   0.0336   0.0000  -0.1344   0.4835    0.344
    35 -16.3836   2.2960   2.8264   3.1159   0.0630   1.3851   1.3738   0.0360   0.0000  -0.1321   0.4678    0.346
    36 -17.5282   2.1549   2.2655   2.7392   0.0779   1.2961   1.2855   0.0408   0.0000  -0.1277   0.4421    0.349
    37 -18.4798   2.0375   1.7234   2.3144   0.1017   1.1562   1.1467   0.0470   0.0000  -0.1190   0.3999    0.354
    38 -19.2147   1.9469   1.2061   1.8069   0.1363   0.9423   0.9346   0.0508   0.0000  -0.1029   0.3324    0.360
    39 -19.7150   1.8852   0.7124   1.1814   0.1830   0.6343   0.6291   0.0450   0.0000  -0.0755   0.2304    0.370
    40 -19.9682   1.8539   0.2355   0.4216   0.2406   0.2295   0.2276   0.0200   0.0000  -0.0307   0.0869    0.385

  Surface # 3     Second Wing2                            
     # Chordwise = 13   # Spanwise = 24     First strip = 41
     Surface area =   12.000000       Ave. chord =    2.000000
     CLsurf  =   0.03978     Clsurf  =  -0.00267
     CYsurf  =   0.00000     Cmsurf  =  -0.13487
     CDsurf  =   0.00453     Cnsurf  =  -0.00018
     CDisurf =   0.00453     CDvsurf =   0.00000

  Forces referred to Ssurf, Cave about hinge axis thru LE
     CLsurf  =   0.39863     CDsurf  =   0.04534
     Deflect =

 Strip Forces referred to Strip Area, Chord
    j      Yle    Chord     Area     c cl      ai      cl_norm  cl       cd       cdv    cm_c/4    cm_LE  C.P.x/c
    41   0.0064   2.0000   0.0513   0.9348   0.1013   0.4658   0.4658   0.0514   0.0000  -0.0014  -0.1183    0.253
    42   0.0576   2.0000   0.1531   0.9347   0.1013   0.4658   0.4658   0.0514   0.0000  -0.0014  -0.1182    0.253
    43   0.1592   2.0000   0.2523   0.9347   0.1013   0.4658   0.4658   0.0514   0.0000  -0.0014  -0.1182    0.253
    44   0.3094   2.0000   0.3471   0.9344   0.1013   0.4657   0.4657   0.0514   0.0000  -0.0014  -0.1182    0.253
    45   0.5056   2.0000   0.4360   0.9337   0.1014   0.4653   0.4653   0.0514   0.0000  -0.0014  -0.1181    0.253
    46   0.7445   2.0000   0.5175   0.9324   0.1018   0.4647   0.4647   0.0513   0.0000  -0.0014  -0.1179    0.253
    47   1.0220   2.0000   0.5901   0.9303   0.1018   0.4636   0.4636   0.0513   0.0000  -0.0013  -0.1176    0.253
    48   1.3333   2.0000   0.6526   0.9271   0.1027   0.4620   0.4620   0.0512   0.0000  -0.0013  -0.1172    0.253
    49   1.6731   2.0000   0.7039   0.9226   0.1037   0.4597   0.4597   0.0511   0.0000  -0.0012  -0.1165    0.253
    50   2.0357   2.0000   0.7432   0.9163   0.1035   0.4566   0.4566   0.0509   0.0000  -0.0011  -0.1156    0.252
    51   2.4147   2.0000   0.7698   0.9079   0.1081   0.4524   0.4524   0.0507   0.0000  -0.0009  -0.1144    0.252
    52   2.8038   2.0000   0.7832   0.8967   0.1051   0.4467   0.4467   0.0503   0.0000  -0.0006  -0.1127    0.251
    53   3.1962   2.0000   0.7832   0.8806   0.1101   0.4386   0.4386   0.0497   0.0000  -0.0001  -0.1101    0.250
    54   3.5853   2.0000   0.7698   0.8556   0.1135   0.4261   0.4261   0.0486   0.0000   0.0009  -0.1061    0.248
    55   3.9643   2.0000   0.7432   0.8140   0.0680   0.4054   0.4054   0.0463   0.0000   0.0025  -0.0992    0.244
    56   4.3269   2.0000   0.7039   0.7618   0.1399   0.3793   0.3793   0.0436   0.0000   0.0044  -0.0908    0.238
    57   4.6667   2.0000   0.6526   0.7071   0.1457   0.3520   0.3520   0.0411   0.0000   0.0058  -0.0826    0.234
    58   4.9780   2.0000   0.5901   0.6432   0.1369   0.3200   0.3200   0.0384   0.0000   0.0068  -0.0736    0.229
    59   5.2555   2.0000   0.5175   0.5696   0.1255   0.2832   0.2832   0.0350   0.0000   0.0078  -0.0634    0.223
    60   5.4944   2.0000   0.4360   0.4870   0.1353   0.2420   0.2420   0.0305   0.0000   0.0086  -0.0523    0.215
    61   5.6906   2.0000   0.3471   0.3941   0.1473   0.1957   0.1957   0.0253   0.0000   0.0087  -0.0405    0.205
    62   5.8408   2.0000   0.2523   0.2906   0.1573   0.1442   0.1442   0.0192   0.0000   0.0078  -0.0286    0.196
    63   5.9424   2.0000   0.1531   0.1783   0.1642   0.0884   0.0884   0.0123   0.0000   0.0055  -0.0168    0.188
    64   5.9936   2.0000   0.0513   0.0601   0.1677   0.0297   0.0297   0.0044   0.0000   0.0020  -0.0055    0.183

  Surface # 4     Second Wing2 (YDUP)                     
     # Chordwise = 13   # Spanwise = 24     First strip = 65
     Surface area =   12.000000       Ave. chord =    2.000000
     CLsurf  =   0.03978     Clsurf  =   0.00267
     CYsurf  =  -0.00000     Cmsurf  =  -0.13487
     CDsurf  =   0.00453     Cnsurf  =   0.00018
     CDisurf =   0.00453     CDvsurf =   0.00000

  Forces referred to Ssurf, Cave about hinge axis thru LE
     CLsurf  =   0.39863     CDsurf  =   0.04534
     Deflect =

 Strip Forces referred to Strip Area, Chord
    j      Yle    Chord     Area     c cl      ai      cl_norm  cl       cd       cdv    cm_c/4    cm_LE  C.P.x/c
    65  -0.0064   2.0000   0.0513   0.9348   0.1013   0.4658   0.4658   0.0514   0.0000  -0.0014   0.1183    0.253
    66  -0.0576   2.0000   0.1531   0.9347   0.1013   0.4658   0.4658   0.0514   0.0000  -0.0014   0.1182    0.253
    67  -0.1592   2.0000   0.2523   0.9347   0.1013   0.4658   0.4658   0.0514   0.0000  -0.0014   0.1182    0.253
    68  -0.3094   2.0000   0.3471   0.9344   0.1013   0.4657   0.4657   0.0514   0.0000  -0.0014   0.1182    0.253
    69  -0.5056   2.0000   0.4360   0.9337   0.1014   0.4653   0.4653   0.0514   0.0000  -0.0014   0.1181    0.253
    70  -0.7445   2.0000   0.5175   0.9324   0.1018   0.4647   0.4647   0.0513   0.0000  -0.0014   0.1179    0.253
    71  -1.0220   2.0000   0.5901   0.9303   0.1018   0.4636   0.4636   0.0513   0.0000  -0.0013   0.1176    0.253
    72  -1.3333   2.0000   0.6526   0.9271   0.1027   0.4620   0.4620   0.0512   0.0000  -0.0013   0.1172    0.253
    73  -1.6731   2.0000   0.7039   0.9226   0.1037   0.4597   0.4597   0.0511   0.0000  -0.0012   0.1165    0.253
    74  -2.0357   2.0000   0.7432   0.9163   0.1035   0.4566   0.4566   0.0509   0.0000  -0.0011   0.1156    0.252
    75  -2.4147   2.0000   0.7698   0.9079   0.1081   0.4524   0.4524   0.0507   0.0000  -0.0009   0.1144    0.252
    76  -2.8038   2.0000   0.7832   0.8967   0.1051   0.4467   0.4467   0.0503   0.0000  -0.0006   0.1127    0.251
    77  -3.1962   2.0000   0.7832   0.8806   0.1101   0.4386   0.4386   0.0497   0.0000  -0.0001   0.1101    0.250
    78  -3.5853   2.0000   0.7698   0.8556   0.1135   0.4261   0.4261   0.0486   0.0000   0.0009   0.1061    0.248
    79  -3.9643   2.0000   0.7432   0.8140   0.0680   0.4054   0.4054   0.0463   0.0000   0.0025   0.0992    0.244
    80  -4.3269   2.0000   0.7039   0.7618   0.1399   0.3793   0.3793   0.0436   0.0000   0.0044   0.0908    0.238
    81  -4.6667   2.0000   0.6526   0.7071   0.1457   0.3520   0.3520   0.0411   0.0000   0.0058   0.0826    0.234
    82  -4.9780   2.0000   0.5901   0.6432   0.1369   0.3200   0.3200   0.0384   0.0000   0.0068   0.0736    0.229
    83  -5.2555   2.0000   0.5175   0.5696   0.1255   0.2832   0.2832   0.0350   0.0000   0.0078   0.0634    0.223
    84  -5.4944   2.0000   0.4360   0.4870   0.1353   0.2420   0.2420   0.0305   0.0000   0.0086   0.0523    0.215
    85  -5.6906   2.0000   0.3471   0.3941   0.1473   0.1957   0.1957   0.0253   0.0000   0.0087   0.0405    0.205
    86  -5.8408   2.0000   0.2523   0.2906   0.1573   0.1442   0.1442   0.0192   0.0000   0.0078   0.0286    0.196
    87  -5.9424   2.0000   0.1531   0.1783   0.1642   0.0884   0.0884   0.0123   0.0000   0.0055   0.0168    0.188
    88  -5.9936   2.0000   0.0513   0.0601   0.1677   0.0297   0.0297   0.0044   0.0000   0.0020   0.0055    0.183

  Surface # 5     Fin                                     
     # Chordwise = 11   # Spanwise = 12     First strip = 89
     Surface area =    4.000000       Ave. chord =    1.600000
     CLsurf  =   0.00001     Clsurf  =  -0.00011
     CYsurf  =  -0.00204     Cmsurf  =  -0.00004
     CDsurf  =  -0.00002     Cnsurf  =   0.00055
     CDisurf =  -0.00002     CDvsurf =   0.00000

  Forces referred to Ssurf, Cave about hinge axis thru LE
     CLsurf  =   0.06131     CDsurf  =  -0.00065
     Deflect =

 Strip Forces referred to Strip Area, Chord
    j      Yle    Chord     Area     c cl      ai      cl_norm  cl       cd       cdv    cm_c/4    cm_LE  C.P.x/c
    89   4.0000   1.9966   0.0850   0.0110  -0.0184   0.0066   0.0055   0.0000   0.0000  -0.0002  -0.0017    0.290
    90   4.0000   1.9696   0.2459   0.0357  -0.0327   0.0217   0.0181  -0.0000   0.0000  -0.0007  -0.0057    0.288
    91   4.0000   1.9173   0.3809   0.0654  -0.0326   0.0409   0.0341  -0.0001   0.0000  -0.0010  -0.0104    0.280
    92   4.0000   1.8435   0.4773   0.0952  -0.0258   0.0620   0.0516  -0.0003   0.0000  -0.0011  -0.0153    0.271
    93   4.0000   1.7531   0.5285   0.1174  -0.0218   0.0804   0.0670  -0.0005   0.0000  -0.0008  -0.0193    0.262
    94   4.0000   1.6522   0.5345   0.1284  -0.0196   0.0933   0.0777  -0.0008   0.0000  -0.0002  -0.0218    0.253
    95   4.0000   1.5478   0.5007   0.1284  -0.0181   0.0995   0.0829  -0.0010   0.0000   0.0005  -0.0226    0.244
    96   4.0000   1.4469   0.4362   0.1188  -0.0167   0.0985   0.0821  -0.0011   0.0000   0.0014  -0.0216    0.233
    97   4.0000   1.3565   0.3512   0.1013  -0.0152   0.0896   0.0747  -0.0011   0.0000   0.0023  -0.0188    0.220
    98   4.0000   1.2827   0.2548   0.0775  -0.0137   0.0725   0.0604  -0.0009   0.0000   0.0029  -0.0142    0.202
    99   4.0000   1.2304   0.1537   0.0487  -0.0124   0.0475   0.0396  -0.0006   0.0000   0.0027  -0.0086    0.182
   100   4.0000   1.2034   0.0513   0.0166  -0.0116   0.0166   0.0138  -0.0002   0.0000   0.0012  -0.0028    0.167

  Surface # 6     Fin (YDUP)                              
     # Chordwise = 11   # Spanwise = 12     First strip =101
     Surface area =    4.000000       Ave. chord =    1.600000
     CLsurf  =   0.00001     Clsurf  =   0.00011
     CYsurf  =   0.00204     Cmsurf  =  -0.00004
     CDsurf  =  -0.00002     Cnsurf  =  -0.00055
     CDisurf =  -0.00002     CDvsurf =   0.00000

  Forces referred to Ssurf, Cave about hinge axis thru LE
     CLsurf  =   0.06131     CDsurf  =  -0.00065
     Deflect =

 Strip Forces referred to Strip Area, Chord
    j      Yle    Chord     Area     c cl      ai      cl_norm  cl       cd       cdv    cm_c/4    cm_LE  C.P.x/c
   101  -4.0000   1.9966   0.0850   0.0110  -0.0184   0.0066   0.0055   0.0000   0.0000  -0.0002   0.0017    0.290
   102  -4.0000   1.9696   0.2459   0.0357  -0.0327   0.0217   0.0181  -0.0000   0.0000  -0.0007   0.0057    0.288
   103  -4.0000   1.9173   0.3809   0.0654  -0.0326   0.0409   0.0341  -0.0001   0.0000  -0.0010   0.0104    0.280
   104  -4.0000   1.8435   0.4773   0.0952  -0.0258   0.0620   0.0516  -0.0003   0.0000  -0.0011   0.0153    0.271
   105  -4.0000   1.7531   0.5285   0.1174  -0.0218   0.0804   0.0670  -0.0005   0.0000  -0.0008   0.0193    0.262
   106  -4.0000   1.6522   0.5345   0.1284  -0.0196   0.0933   0.0777  -0.0008   0.0000  -0.0002   0.0218    0.253
   107  -4.0000   1.5478   0.5007   0.1284  -0.0181   0.0995   0.0829  -0.0010   0.0000   0.0005   0.0226    0.244
   108  -4.0000   1.4469   0.4362   0.1188  -0.0167   0.0985   0.0821  -0.0011   0.0000   0.0014   0.0216    0.233
   109  -4.0000   1.3565   0.3512   0.1013  -0.0152   0.0896   0.0747  -0.0011   0.0000   0.0023   0.0188    0.220
   110  -4.0000   1.2827   0.2548   0.0775  -0.0137   0.0725   0.0604  -0.0009   0.0000   0.0029   0.0142    0.202
   111  -4.0000   1.2304   0.1537   0.0487  -0.0124   0.0475   0.0396  -0.0006   0.0000   0.0027   0.0086    0.182
   112  -4.0000   1.2034   0.0513   0.0166  -0.0116   0.0166   0.0138  -0.0002   0.0000   0.0012   0.0028    0.167
 ---------------------------------------------------------------
