 ---------------------------------------------------------------
 Surface and Strip Forces by surface

  Forces referred to Sref, Cref, Bref about Xref, Yref, Zref
 Standard axis orientation,  X fwd, Z down         

  Surface # 1     FrontWing                               
     # Chordwise = 13   # Spanwise = 20     First strip =  1
     Surface area =   60.108913       Ave. chord =    3.005444
     CLsurf  =   0.80043     Clsurf  =  -0.16790
     CYsurf  =   0.00310     Cmsurf  =  -0.43879
     CDsurf  =   0.02900     Cnsurf  =  -0.03154
     CDisurf =   0.02900     CDvsurf =   0.00000

  Forces referred to Ssurf, Cave about hinge axis thru LE
     CLsurf  =   1.60129     CDsurf  =   0.05802
     Deflect =

 Strip Forces referred to Strip Area, Chord
    j      Yle    Chord     Area     c cl      ai      cl_norm  cl       cd       cdv    cm_c/4    cm_LE  C.P.x/c
     1   0.0282   3.7000   0.4171   6.0707   0.1182   1.6670   1.6670   0.0642   0.0000  -0.1345  -0.5447    0.331
     2   0.2530   3.7000   1.2412   6.0703   0.1183   1.6669   1.6669   0.0643   0.0000  -0.1345  -0.5447    0.331
     3   0.6971   3.7000   2.0346   6.0674   0.1186   1.6660   1.6660   0.0644   0.0000  -0.1345  -0.5445    0.331
     4   1.3494   3.7000   2.7780   6.0578   0.1198   1.6632   1.6632   0.0649   0.0000  -0.1345  -0.5438    0.331
     5   2.1940   3.7000   3.4529   6.0355   0.1225   1.6568   1.6568   0.0662   0.0000  -0.1345  -0.5423    0.331
     6   3.2101   3.7000   4.0429   5.9920   0.1272   1.6441   1.6441   0.0689   0.0000  -0.1346  -0.5395    0.332
     7   4.3726   3.7000   4.5333   5.9154   0.1484   1.6214   1.6214   0.0756   0.0000  -0.1358  -0.5355    0.334
     8   5.7356   3.6093   5.3981   5.7791   0.0871   1.6379   1.6247   0.0722   0.0000  -0.1358  -0.5321    0.334
     9   7.2752   3.4194   5.3825   5.5642   0.0347   1.6673   1.6539   0.0609   0.0000  -0.1344  -0.5371    0.331
    10   8.8741   3.2222   5.2001   5.2927   0.0511   1.6849   1.6713   0.0534   0.0000  -0.1342  -0.5407    0.330
    11  10.4930   3.0225   4.8779   4.9797   0.0542   1.6912   1.6775   0.0481   0.0000  -0.1341  -0.5419    0.330
    12  12.0919   2.8253   4.4474   4.6378   0.0552   1.6858   1.6722   0.0443   0.0000  -0.1339  -0.5401    0.330
    13  13.6315   2.6354   3.9416   4.2769   0.0572   1.6669   1.6535   0.0425   0.0000  -0.1332  -0.5348    0.331
    14  15.0739   2.4576   3.3921   3.9014   0.0621   1.6303   1.6172   0.0430   0.0000  -0.1319  -0.5247    0.332
    15  16.3836   2.2960   2.8264   3.5091   0.0719   1.5685   1.5559   0.0462   0.0000  -0.1293  -0.5075    0.333
    16  17.5282   2.1549   2.2655   3.0872   0.0891   1.4682   1.4564   0.0525   0.0000  -0.1242  -0.4788    0.335
    17  18.4798   2.0375   1.7234   2.6088   0.1163   1.3091   1.2986   0.0604   0.0000  -0.1146  -0.4314    0.338
    18  19.2147   1.9469   1.2061   2.0343   0.1547   1.0648   1.0562   0.0650   0.0000  -0.0972  -0.3557    0.342
    19  19.7150   1.8852   0.7124   1.3262   0.2047   0.7138   0.7081   0.0572   0.0000  -0.0696  -0.2436    0.348
    20  19.9682   1.8539   0.2355   0.4714   0.2642   0.2569   0.2548   0.0255   0.0000  -0.0279  -0.0908    0.359

  Surface # 2     FrontWing (YDUP)                        
     # Chordwise = 13   # Spanwise = 20     First strip = 21
     Surface area =   60.108913       Ave. chord =    3.005444
     CLsurf  =   0.80043     Clsurf  =   0.16790
     CYsurf  =  -0.00310     Cmsurf  =  -0.43880
     CDsurf  =   0.02899     Cnsurf  =   0.03154
     CDisurf =   0.02899     CDvsurf =   0.00000

  Forces referred to Ssurf, Cave about hinge axis thru LE
     CLsurf  =   1.60129     CDsurf  =   0.05800
     Deflect =

 Strip Forces referred to Strip Area, Chord
    j      Yle    Chord     Area     c cl      ai      cl_norm  cl       cd       cdv    cm_c/4    cm_LE  C.P.x/c
    21  -0.0282   3.7000   0.4171   6.0707   0.1182   1.6670   1.6670   0.0642   0.0000  -0.1345   0.5447    0.331
    22  -0.2530   3.7000   1.2412   6.0703   0.1183   1.6669   1.6669   0.0643   0.0000  -0.1345   0.5447    0.331
    23  -0.6971   3.7000   2.0346   6.0674   0.1186   1.6660   1.6660   0.0644   0.0000  -0.1345   0.5445    0.331
    24  -1.3494   3.7000   2.7780   6.0578   0.1198   1.6632   1.6632   0.0649   0.0000  -0.1345   0.5438    0.331
    25  -2.1940   3.7000   3.4529   6.0355   0.1225   1.6568   1.6568   0.0662   0.0000  -0.1345   0.5423    0.331
    26  -3.2101   3.7000   4.0429   5.9920   0.1272   1.6441   1.6441   0.0689   0.0000  -0.1346   0.5395    0.332
    27  -4.3726   3.7000   4.5333   5.9154   0.1484   1.6214   1.6214   0.0756   0.0000  -0.1358   0.5355    0.334
    28  -5.7356   3.6093   5.3981   5.7791   0.0871   1.6379   1.6247   0.0722   0.0000  -0.1358   0.5321    0.334
    29  -7.2752   3.4194   5.3825   5.5641   0.0347   1.6673   1.6539   0.0607   0.0000  -0.1344   0.5371    0.331
    30  -8.8741   3.2222   5.2001   5.2927   0.0511   1.6849   1.6713   0.0534   0.0000  -0.1342   0.5407    0.330
    31 -10.4930   3.0225   4.8779   4.9797   0.0542   1.6912   1.6775   0.0481   0.0000  -0.1341   0.5419    0.330
    32 -12.0919   2.8253   4.4474   4.6378   0.0552   1.6858   1.6722   0.0443   0.0000  -0.1339   0.5401    0.330
    33 -13.6315   2.6354   3.9416   4.2769   0.0572   1.6669   1.6535   0.0425   0.0000  -0.1332   0.5348    0.331
    34 -15.0739   2.4576   3.3921   3.9014   0.0621   1.6303   1.6172   0.0430   0.0000  -0.1319   0.5247    0.332
    35 -16.3836   2.2960   2.8264   3.5091   0.0719   1.5685   1.5559   0.0462   0.0000  -0.1293   0.5075    0.333
    36 -17.5282   2.1549   2.2655   3.0872   0.0891   1.4682   1.4564   0.0525   0.0000  -0.1242   0.4788    0.335
    37 -18.4798   2.0375   1.7234   2.6088   0.1163   1.3091   1.2986   0.0604   0.0000  -0.1146   0.4314    0.338
    38 -19.2147   1.9469   1.2061   2.0343   0.1547   1.0648   1.0562   0.0650   0.0000  -0.0972   0.3557    0.342
    39 -19.7150   1.8852   0.7124   1.3262   0.2047   0.7138   0.7081   0.0572   0.0000  -0.0696   0.2436    0.348
    40 -19.9682   1.8539   0.2355   0.4714   0.2642   0.2569   0.2548   0.0255   0.0000  -0.0279   0.0908    0.359

  Surface # 3     Second Wing2                            
     # Chordwise = 13   # Spanwise = 24     First strip = 41
     Surface area =   12.000000       Ave. chord =    2.000000
     CLsurf  =   0.04956     Clsurf  =  -0.00332
     CYsurf  =   0.00000     Cmsurf  =  -0.16843
     CDsurf  =   0.00648     Cnsurf  =  -0.00029
     CDisurf =   0.00648     CDvsurf =   0.00000

  Forces referred to Ssurf, Cave about hinge axis thru LE
     CLsurf  =   0.49659     CDsurf  =   0.06489
     Deflect =

 Strip Forces referred to Strip Area, Chord
    j      Yle    Chord     Area     c cl      ai      cl_norm  cl       cd       cdv    cm_c/4    cm_LE  C.P.x/c
    41   0.0064   2.0000   0.0513   1.1668   0.1182   0.5814   0.5814   0.0734   0.0000  -0.0013  -0.1472    0.252
    42   0.0576   2.0000   0.1531   1.1668   0.1182   0.5814   0.5814   0.0734   0.0000  -0.0013  -0.1472    0.252
    43   0.1592   2.0000   0.2523   1.1667   0.1182   0.5814   0.5814   0.0734   0.0000  -0.0013  -0.1472    0.252
    44   0.3094   2.0000   0.3471   1.1663   0.1183   0.5812   0.5812   0.0734   0.0000  -0.0013  -0.1471    0.252
    45   0.5056   2.0000   0.4360   1.1655   0.1184   0.5807   0.5807   0.0733   0.0000  -0.0013  -0.1470    0.252
    46   0.7445   2.0000   0.5175   1.1639   0.1189   0.5799   0.5799   0.0733   0.0000  -0.0013  -0.1468    0.252
    47   1.0220   2.0000   0.5901   1.1612   0.1189   0.5786   0.5786   0.0732   0.0000  -0.0012  -0.1464    0.252
    48   1.3333   2.0000   0.6526   1.1571   0.1200   0.5765   0.5765   0.0731   0.0000  -0.0012  -0.1458    0.252
    49   1.6731   2.0000   0.7039   1.1513   0.1212   0.5736   0.5736   0.0730   0.0000  -0.0011  -0.1450    0.252
    50   2.0357   2.0000   0.7432   1.1433   0.1211   0.5695   0.5695   0.0727   0.0000  -0.0009  -0.1438    0.252
    51   2.4147   2.0000   0.7698   1.1325   0.1264   0.5640   0.5640   0.0724   0.0000  -0.0007  -0.1422    0.251
    52   2.8038   2.0000   0.7832   1.1180   0.1232   0.5568   0.5568   0.0719   0.0000  -0.0003  -0.1400    0.251
    53   3.1962   2.0000   0.7832   1.0974   0.1289   0.5464   0.5464   0.0711   0.0000   0.0003  -0.1368    0.249
    54   3.5853   2.0000   0.7698   1.0655   0.1328   0.5304   0.5304   0.0695   0.0000   0.0015  -0.1317    0.247
    55   3.9643   2.0000   0.7432   1.0131   0.0787   0.5042   0.5042   0.0663   0.0000   0.0035  -0.1231    0.243
    56   4.3269   2.0000   0.7039   0.9475   0.1648   0.4715   0.4715   0.0624   0.0000   0.0058  -0.1127    0.238
    57   4.6667   2.0000   0.6526   0.8793   0.1713   0.4373   0.4373   0.0590   0.0000   0.0075  -0.1024    0.233
    58   4.9780   2.0000   0.5901   0.7999   0.1618   0.3975   0.3975   0.0552   0.0000   0.0088  -0.0912    0.228
    59   5.2555   2.0000   0.5175   0.7084   0.1496   0.3517   0.3517   0.0503   0.0000   0.0100  -0.0786    0.222
    60   5.4944   2.0000   0.4360   0.6055   0.1609   0.3004   0.3004   0.0440   0.0000   0.0109  -0.0648    0.214
    61   5.6906   2.0000   0.3471   0.4897   0.1748   0.2427   0.2427   0.0365   0.0000   0.0111  -0.0501    0.204
    62   5.8408   2.0000   0.2523   0.3609   0.1864   0.1787   0.1787   0.0278   0.0000   0.0098  -0.0353    0.195
    63   5.9424   2.0000   0.1531   0.2213   0.1943   0.1094   0.1094   0.0178   0.0000   0.0069  -0.0207    0.187
    64   5.9936   2.0000   0.0513   0.0746   0.1984   0.0368   0.0368   0.0064   0.0000   0.0025  -0.0068    0.181

  Surface # 4     Second Wing2 (YDUP)                     
     # Chordwise = 13   # Spanwise = 24     First strip = 65
     Surface area =   12.000000       Ave. chord =    2.000000
     CLsurf  =   0.04956     Clsurf  =   0.00332
     CYsurf  =   0.00000     Cmsurf  =  -0.16843
     CDsurf  =   0.00648     Cnsurf  =   0.00029
     CDisurf =   0.00648     CDvsurf =   0.00000

  Forces referred to Ssurf, Cave about hinge axis thru LE
     CLsurf  =   0.49659     CDsurf  =   0.06489
     Deflect =

 Strip Forces referred to Strip Area, Chord
    j      Yle    Chord     Area     c cl      ai      cl_norm  cl       cd       cdv    cm_c/4    cm_LE  C.P.x/c
    65  -0.0064   2.0000   0.0513   1.1668   0.1182   0.5814   0.5814   0.0734   0.0000  -0.0013   0.1472    0.252
    66  -0.0576   2.0000   0.1531   1.1668   0.1182   0.5814   0.5814   0.0734   0.0000  -0.0013   0.1472    0.252
    67  -0.1592   2.0000   0.2523   1.1667   0.1182   0.5814   0.5814   0.0734   0.0000  -0.0013   0.1472    0.252
    68  -0.3094   2.0000   0.3471   1.1663   0.1183   0.5812   0.5812   0.0734   0.0000  -0.0013   0.1471    0.252
    69  -0.5056   2.0000   0.4360   1.1655   0.1184   0.5807   0.5807   0.0733   0.0000  -0.0013   0.1470    0.252
    70  -0.7445   2.0000   0.5175   1.1639   0.1189   0.5799   0.5799   0.0733   0.0000  -0.0013   0.1468    0.252
    71  -1.0220   2.0000   0.5901   1.1612   0.1189   0.5786   0.5786   0.0732   0.0000  -0.0012   0.1464    0.252
    72  -1.3333   2.0000   0.6526   1.1571   0.1200   0.5765   0.5765   0.0731   0.0000  -0.0012   0.1458    0.252
    73  -1.6731   2.0000   0.7039   1.1513   0.1212   0.5736   0.5736   0.0730   0.0000  -0.0011   0.1450    0.252
    74  -2.0357   2.0000   0.7432   1.1433   0.1211   0.5695   0.5695   0.0727   0.0000  -0.0009   0.1438    0.252
    75  -2.4147   2.0000   0.7698   1.1325   0.1264   0.5640   0.5640   0.0724   0.0000  -0.0007   0.1422    0.251
    76  -2.8038   2.0000   0.7832   1.1180   0.1232   0.5568   0.5568   0.0719   0.0000  -0.0003   0.1400    0.251
    77  -3.1962   2.0000   0.7832   1.0974   0.1289   0.5464   0.5464   0.0711   0.0000   0.0003   0.1368    0.249
    78  -3.5853   2.0000   0.7698   1.0655   0.1328   0.5304   0.5304   0.0695   0.0000   0.0015   0.1317    0.247
    79  -3.9643   2.0000   0.7432   1.0131   0.0787   0.5042   0.5042   0.0663   0.0000   0.0035   0.1231    0.243
    80  -4.3269   2.0000   0.7039   0.9475   0.1648   0.4715   0.4715   0.0624   0.0000   0.0058   0.1127    0.238
    81  -4.6667   2.0000   0.6526   0.8793   0.1713   0.4373   0.4373   0.0590   0.0000   0.0075   0.1024    0.233
    82  -4.9780   2.0000   0.5901   0.7999   0.1618   0.3975   0.3975   0.0552   0.0000   0.0088   0.0912    0.228
    83  -5.2555   2.0000   0.5175   0.7084   0.1496   0.3517   0.3517   0.0503   0.0000   0.0100   0.0786    0.222
    84  -5.4944   2.0000   0.4360   0.6055   0.1609   0.3004   0.3004   0.0440   0.0000   0.0109   0.0648    0.214
    85  -5.6906   2.0000   0.3471   0.4897   0.1748   0.2427   0.2427   0.0365   0.0000   0.0111   0.0501    0.204
    86  -5.8408   2.0000   0.2523   0.3609   0.1864   0.1787   0.1787   0.0278   0.0000   0.0098   0.0353    0.195
    87  -5.9424   2.0000   0.1531   0.2213   0.1943   0.1094   0.1094   0.0178   0.0000   0.0069   0.0207    0.187
    88  -5.9936   2.0000   0.0513   0.0746   0.1984   0.0368   0.0368   0.0064   0.0000   0.0025   0.0068    0.181

  Surface # 5     Fin                                     
     # Chordwise = 11   # Spanwise = 12     First strip = 89
     Surface area =    4.000000       Ave. chord =    1.600000
     CLsurf  =   0.00002     Clsurf  =  -0.00014
     CYsurf  =  -0.00247     Cmsurf  =  -0.00006
     CDsurf  =  -0.00003     Cnsurf  =   0.00066
     CDisurf =  -0.00003     CDvsurf =   0.00000

  Forces referred to Ssurf, Cave about hinge axis thru LE
     CLsurf  =   0.07418     CDsurf  =  -0.00091
     Deflect =

 Strip Forces referred to Strip Area, Chord
    j      Yle    Chord     Area     c cl      ai      cl_norm  cl       cd       cdv    cm_c/4    cm_LE  C.P.x/c
    89   4.0000   1.9966   0.0850   0.0132  -0.0213   0.0082   0.0066   0.0000   0.0000  -0.0003  -0.0022    0.293
    90   4.0000   1.9696   0.2459   0.0430  -0.0394   0.0271   0.0218  -0.0000   0.0000  -0.0009  -0.0070    0.290
    91   4.0000   1.9173   0.3809   0.0793  -0.0394   0.0513   0.0414  -0.0002   0.0000  -0.0013  -0.0130    0.282
    92   4.0000   1.8435   0.4773   0.1159  -0.0311   0.0780   0.0629  -0.0004   0.0000  -0.0014  -0.0192    0.272
    93   4.0000   1.7531   0.5285   0.1429  -0.0262   0.1011   0.0815  -0.0008   0.0000  -0.0010  -0.0241    0.263
    94   4.0000   1.6522   0.5345   0.1558  -0.0237   0.1170   0.0943  -0.0011   0.0000  -0.0004  -0.0272    0.254
    95   4.0000   1.5478   0.5007   0.1552  -0.0219   0.1244   0.1003  -0.0014   0.0000   0.0005  -0.0282    0.245
    96   4.0000   1.4469   0.4362   0.1432  -0.0202   0.1228   0.0989  -0.0015   0.0000   0.0016  -0.0269    0.234
    97   4.0000   1.3565   0.3512   0.1218  -0.0184   0.1114   0.0898  -0.0015   0.0000   0.0026  -0.0234    0.221
    98   4.0000   1.2827   0.2548   0.0930  -0.0166   0.0900   0.0725  -0.0012   0.0000   0.0034  -0.0177    0.203
    99   4.0000   1.2304   0.1537   0.0584  -0.0151   0.0589   0.0475  -0.0008   0.0000   0.0032  -0.0108    0.183
   100   4.0000   1.2034   0.0513   0.0199  -0.0141   0.0206   0.0166  -0.0003   0.0000   0.0014  -0.0035    0.168

  Surface # 6     Fin (YDUP)                              
     # Chordwise = 11   # Spanwise = 12     First strip =101
     Surface area =    4.000000       Ave. chord =    1.600000
     CLsurf  =   0.00002     Clsurf  =   0.00014
     CYsurf  =   0.00247     Cmsurf  =  -0.00006
     CDsurf  =  -0.00003     Cnsurf  =  -0.00066
     CDisurf =  -0.00003     CDvsurf =   0.00000

  Forces referred to Ssurf, Cave about hinge axis thru LE
     CLsurf  =   0.07418     CDsurf  =  -0.00091
     Deflect =

 Strip Forces referred to Strip Area, Chord
    j      Yle    Chord     Area     c cl      ai      cl_norm  cl       cd       cdv    cm_c/4    cm_LE  C.P.x/c
   101  -4.0000   1.9966   0.0850   0.0132  -0.0213   0.0082   0.0066   0.0000   0.0000  -0.0003   0.0022    0.293
   102  -4.0000   1.9696   0.2459   0.0430  -0.0394   0.0271   0.0218  -0.0000   0.0000  -0.0009   0.0070    0.290
   103  -4.0000   1.9173   0.3809   0.0793  -0.0394   0.0513   0.0414  -0.0002   0.0000  -0.0013   0.0130    0.282
   104  -4.0000   1.8435   0.4773   0.1159  -0.0311   0.0780   0.0629  -0.0004   0.0000  -0.0014   0.0192    0.272
   105  -4.0000   1.7531   0.5285   0.1429  -0.0262   0.1011   0.0815  -0.0008   0.0000  -0.0010   0.0241    0.263
   106  -4.0000   1.6522   0.5345   0.1558  -0.0237   0.1170   0.0943  -0.0011   0.0000  -0.0004   0.0272    0.254
   107  -4.0000   1.5478   0.5007   0.1552  -0.0219   0.1244   0.1003  -0.0014   0.0000   0.0005   0.0282    0.245
   108  -4.0000   1.4469   0.4362   0.1432  -0.0202   0.1228   0.0989  -0.0015   0.0000   0.0016   0.0269    0.234
   109  -4.0000   1.3565   0.3512   0.1218  -0.0184   0.1114   0.0898  -0.0015   0.0000   0.0026   0.0234    0.221
   110  -4.0000   1.2827   0.2548   0.0930  -0.0166   0.0900   0.0725  -0.0012   0.0000   0.0034   0.0177    0.203
   111  -4.0000   1.2304   0.1537   0.0584  -0.0151   0.0589   0.0475  -0.0008   0.0000   0.0032   0.0108    0.183
   112  -4.0000   1.2034   0.0513   0.0199  -0.0141   0.0206   0.0166  -0.0003   0.0000   0.0014   0.0035    0.168
 ---------------------------------------------------------------
