 ---------------------------------------------------------------
 Surface and Strip Forces by surface

  Forces referred to Sref, Cref, Bref about Xref, Yref, Zref
 Standard axis orientation,  X fwd, Z down         

  Surface # 1     FrontWing                               
     # Chordwise = 13   # Spanwise = 20     First strip =  1
     Surface area =   60.108913       Ave. chord =    3.005444
     CLsurf  =   0.57500     Clsurf  =  -0.12143
     CYsurf  =   0.00175     Cmsurf  =  -0.32655
     CDsurf  =   0.01531     Cnsurf  =  -0.01300
     CDisurf =   0.01531     CDvsurf =   0.00000

  Forces referred to Ssurf, Cave about hinge axis thru LE
     CLsurf  =   1.15031     CDsurf  =   0.03062
     Deflect =

 Strip Forces referred to Strip Area, Chord
    j      Yle    Chord     Area     c cl      ai      cl_norm  cl       cd       cdv    cm_c/4    cm_LE  C.P.x/c
     1   0.0282   3.7000   0.4171   4.4397   0.0765   1.2058   1.2058   0.0348   0.0000  -0.1392  -0.4392    0.365
     2   0.2530   3.7000   1.2412   4.4395   0.0765   1.2057   1.2057   0.0348   0.0000  -0.1392  -0.4392    0.365
     3   0.6971   3.7000   2.0346   4.4374   0.0767   1.2051   1.2051   0.0349   0.0000  -0.1392  -0.4391    0.366
     4   1.3494   3.7000   2.7780   4.4304   0.0773   1.2032   1.2032   0.0352   0.0000  -0.1392  -0.4386    0.366
     5   2.1940   3.7000   3.4529   4.4142   0.0789   1.1987   1.1987   0.0358   0.0000  -0.1392  -0.4374    0.366
     6   3.2101   3.7000   4.0429   4.3825   0.0817   1.1899   1.1899   0.0372   0.0000  -0.1392  -0.4353    0.367
     7   4.3726   3.7000   4.5333   4.3262   0.0945   1.1741   1.1741   0.0403   0.0000  -0.1398  -0.4322    0.369
     8   5.7356   3.6093   5.3981   4.2234   0.0630   1.1851   1.1753   0.0386   0.0000  -0.1399  -0.4291    0.369
     9   7.2752   3.4194   5.3825   4.0591   0.0346   1.2031   1.1931   0.0327   0.0000  -0.1391  -0.4326    0.367
    10   8.8741   3.2222   5.2001   3.8523   0.0411   1.2123   1.2022   0.0285   0.0000  -0.1391  -0.4347    0.366
    11  10.4930   3.0225   4.8779   3.6147   0.0412   1.2131   1.2030   0.0255   0.0000  -0.1391  -0.4347    0.366
    12  12.0919   2.8253   4.4474   3.3562   0.0407   1.2052   1.1952   0.0231   0.0000  -0.1389  -0.4326    0.366
    13  13.6315   2.6354   3.9416   3.0845   0.0411   1.1876   1.1777   0.0218   0.0000  -0.1385  -0.4278    0.368
    14  15.0739   2.4576   3.3921   2.8039   0.0437   1.1576   1.1480   0.0217   0.0000  -0.1375  -0.4196    0.370
    15  16.3836   2.2960   2.8264   2.5137   0.0497   1.1106   1.1013   0.0230   0.0000  -0.1357  -0.4064    0.373
    16  17.5282   2.1549   2.2655   2.2062   0.0611   1.0380   1.0293   0.0260   0.0000  -0.1322  -0.3852    0.378
    17  18.4798   2.0375   1.7234   1.8638   0.0801   0.9265   0.9188   0.0300   0.0000  -0.1251  -0.3511    0.386
    18  19.2147   1.9469   1.2061   1.4586   0.1090   0.7577   0.7514   0.0327   0.0000  -0.1109  -0.2960    0.398
    19  19.7150   1.8852   0.7124   0.9594   0.1507   0.5138   0.5095   0.0293   0.0000  -0.0839  -0.2096    0.415
    20  19.9682   1.8539   0.2355   0.3453   0.2054   0.1877   0.1861   0.0131   0.0000  -0.0348  -0.0808    0.437

  Surface # 2     FrontWing (YDUP)                        
     # Chordwise = 13   # Spanwise = 20     First strip = 21
     Surface area =   60.108913       Ave. chord =    3.005444
     CLsurf  =   0.57500     Clsurf  =   0.12143
     CYsurf  =  -0.00175     Cmsurf  =  -0.32655
     CDsurf  =   0.01530     Cnsurf  =   0.01300
     CDisurf =   0.01530     CDvsurf =   0.00000

  Forces referred to Ssurf, Cave about hinge axis thru LE
     CLsurf  =   1.15031     CDsurf  =   0.03061
     Deflect =

 Strip Forces referred to Strip Area, Chord
    j      Yle    Chord     Area     c cl      ai      cl_norm  cl       cd       cdv    cm_c/4    cm_LE  C.P.x/c
    21  -0.0282   3.7000   0.4171   4.4397   0.0765   1.2058   1.2058   0.0348   0.0000  -0.1392   0.4392    0.365
    22  -0.2530   3.7000   1.2412   4.4395   0.0765   1.2057   1.2057   0.0348   0.0000  -0.1392   0.4392    0.365
    23  -0.6971   3.7000   2.0346   4.4374   0.0767   1.2051   1.2051   0.0349   0.0000  -0.1392   0.4391    0.366
    24  -1.3494   3.7000   2.7780   4.4304   0.0773   1.2032   1.2032   0.0352   0.0000  -0.1392   0.4386    0.366
    25  -2.1940   3.7000   3.4529   4.4142   0.0789   1.1987   1.1987   0.0358   0.0000  -0.1392   0.4374    0.366
    26  -3.2101   3.7000   4.0429   4.3825   0.0817   1.1899   1.1899   0.0372   0.0000  -0.1392   0.4353    0.367
    27  -4.3726   3.7000   4.5333   4.3262   0.0945   1.1741   1.1741   0.0403   0.0000  -0.1398   0.4322    0.369
    28  -5.7356   3.6093   5.3981   4.2234   0.0630   1.1851   1.1753   0.0386   0.0000  -0.1399   0.4291    0.369
    29  -7.2752   3.4194   5.3825   4.0591   0.0346   1.2031   1.1931   0.0326   0.0000  -0.1391   0.4326    0.367
    30  -8.8741   3.2222   5.2001   3.8523   0.0411   1.2123   1.2022   0.0285   0.0000  -0.1391   0.4347    0.366
    31 -10.4930   3.0225   4.8779   3.6147   0.0412   1.2131   1.2030   0.0255   0.0000  -0.1391   0.4347    0.366
    32 -12.0919   2.8253   4.4474   3.3562   0.0407   1.2052   1.1952   0.0231   0.0000  -0.1389   0.4326    0.366
    33 -13.6315   2.6354   3.9416   3.0845   0.0411   1.1876   1.1777   0.0218   0.0000  -0.1385   0.4278    0.368
    34 -15.0739   2.4576   3.3921   2.8039   0.0437   1.1576   1.1480   0.0217   0.0000  -0.1375   0.4196    0.370
    35 -16.3836   2.2960   2.8264   2.5137   0.0497   1.1106   1.1013   0.0230   0.0000  -0.1357   0.4064    0.373
    36 -17.5282   2.1549   2.2655   2.2062   0.0611   1.0380   1.0293   0.0260   0.0000  -0.1322   0.3852    0.378
    37 -18.4798   2.0375   1.7234   1.8638   0.0801   0.9265   0.9188   0.0300   0.0000  -0.1251   0.3511    0.386
    38 -19.2147   1.9469   1.2061   1.4586   0.1090   0.7577   0.7514   0.0327   0.0000  -0.1109   0.2960    0.398
    39 -19.7150   1.8852   0.7124   0.9594   0.1507   0.5138   0.5095   0.0293   0.0000  -0.0839   0.2096    0.415
    40 -19.9682   1.8539   0.2355   0.3453   0.2054   0.1877   0.1861   0.0131   0.0000  -0.0348   0.0808    0.437

  Surface # 3     Second Wing2                            
     # Chordwise = 13   # Spanwise = 24     First strip = 41
     Surface area =   12.000000       Ave. chord =    2.000000
     CLsurf  =   0.02499     Clsurf  =  -0.00168
     CYsurf  =  -0.00000     Cmsurf  =  -0.08444
     CDsurf  =   0.00222     Cnsurf  =  -0.00007
     CDisurf =   0.00222     CDvsurf =   0.00000

  Forces referred to Ssurf, Cave about hinge axis thru LE
     CLsurf  =   0.25045     CDsurf  =   0.02221
     Deflect =

 Strip Forces referred to Strip Area, Chord
    j      Yle    Chord     Area     c cl      ai      cl_norm  cl       cd       cdv    cm_c/4    cm_LE  C.P.x/c
    41   0.0064   2.0000   0.0513   0.5841   0.0761   0.2913   0.2913   0.0253   0.0000  -0.0015  -0.0745    0.255
    42   0.0576   2.0000   0.1531   0.5841   0.0762   0.2913   0.2913   0.0253   0.0000  -0.0015  -0.0745    0.255
    43   0.1592   2.0000   0.2523   0.5841   0.0762   0.2912   0.2912   0.0253   0.0000  -0.0015  -0.0745    0.255
    44   0.3094   2.0000   0.3471   0.5839   0.0762   0.2911   0.2911   0.0253   0.0000  -0.0015  -0.0745    0.255
    45   0.5056   2.0000   0.4360   0.5835   0.0762   0.2910   0.2910   0.0253   0.0000  -0.0015  -0.0744    0.255
    46   0.7445   2.0000   0.5175   0.5828   0.0765   0.2906   0.2906   0.0252   0.0000  -0.0015  -0.0743    0.255
    47   1.0220   2.0000   0.5901   0.5816   0.0764   0.2900   0.2900   0.0252   0.0000  -0.0015  -0.0742    0.255
    48   1.3333   2.0000   0.6526   0.5797   0.0771   0.2891   0.2891   0.0252   0.0000  -0.0015  -0.0739    0.255
    49   1.6731   2.0000   0.7039   0.5771   0.0778   0.2878   0.2878   0.0251   0.0000  -0.0014  -0.0735    0.255
    50   2.0357   2.0000   0.7432   0.5736   0.0775   0.2860   0.2860   0.0250   0.0000  -0.0013  -0.0730    0.255
    51   2.4147   2.0000   0.7698   0.5689   0.0810   0.2836   0.2836   0.0249   0.0000  -0.0012  -0.0723    0.254
    52   2.8038   2.0000   0.7832   0.5625   0.0783   0.2805   0.2805   0.0247   0.0000  -0.0010  -0.0714    0.254
    53   3.1962   2.0000   0.7832   0.5533   0.0821   0.2758   0.2758   0.0244   0.0000  -0.0007  -0.0699    0.253
    54   3.5853   2.0000   0.7698   0.5385   0.0850   0.2684   0.2684   0.0238   0.0000  -0.0001  -0.0674    0.250
    55   3.9643   2.0000   0.7432   0.5131   0.0522   0.2558   0.2558   0.0227   0.0000   0.0011  -0.0631    0.246
    56   4.3269   2.0000   0.7039   0.4807   0.1029   0.2396   0.2396   0.0213   0.0000   0.0023  -0.0578    0.240
    57   4.6667   2.0000   0.6526   0.4465   0.1078   0.2225   0.2225   0.0201   0.0000   0.0032  -0.0526    0.235
    58   4.9780   2.0000   0.5901   0.4060   0.1000   0.2023   0.2023   0.0187   0.0000   0.0039  -0.0469    0.231
    59   5.2555   2.0000   0.5175   0.3595   0.0899   0.1791   0.1791   0.0169   0.0000   0.0045  -0.0405    0.225
    60   5.4944   2.0000   0.4360   0.3077   0.0972   0.1532   0.1532   0.0147   0.0000   0.0050  -0.0335    0.217
    61   5.6906   2.0000   0.3471   0.2494   0.1065   0.1242   0.1242   0.0121   0.0000   0.0052  -0.0260    0.208
    62   5.8408   2.0000   0.2523   0.1842   0.1143   0.0917   0.0917   0.0092   0.0000   0.0047  -0.0183    0.199
    63   5.9424   2.0000   0.1531   0.1131   0.1196   0.0563   0.0563   0.0058   0.0000   0.0033  -0.0108    0.191
    64   5.9936   2.0000   0.0513   0.0382   0.1223   0.0190   0.0190   0.0021   0.0000   0.0012  -0.0036    0.186

  Surface # 4     Second Wing2 (YDUP)                     
     # Chordwise = 13   # Spanwise = 24     First strip = 65
     Surface area =   12.000000       Ave. chord =    2.000000
     CLsurf  =   0.02499     Clsurf  =   0.00168
     CYsurf  =   0.00000     Cmsurf  =  -0.08444
     CDsurf  =   0.00222     Cnsurf  =   0.00007
     CDisurf =   0.00222     CDvsurf =   0.00000

  Forces referred to Ssurf, Cave about hinge axis thru LE
     CLsurf  =   0.25045     CDsurf  =   0.02221
     Deflect =

 Strip Forces referred to Strip Area, Chord
    j      Yle    Chord     Area     c cl      ai      cl_norm  cl       cd       cdv    cm_c/4    cm_LE  C.P.x/c
    65  -0.0064   2.0000   0.0513   0.5841   0.0761   0.2913   0.2913   0.0253   0.0000  -0.0015   0.0745    0.255
    66  -0.0576   2.0000   0.1531   0.5841   0.0762   0.2913   0.2913   0.0253   0.0000  -0.0015   0.0745    0.255
    67  -0.1592   2.0000   0.2523   0.5841   0.0762   0.2912   0.2912   0.0253   0.0000  -0.0015   0.0745    0.255
    68  -0.3094   2.0000   0.3471   0.5839   0.0762   0.2911   0.2911   0.0253   0.0000  -0.0015   0.0745    0.255
    69  -0.5056   2.0000   0.4360   0.5835   0.0762   0.2910   0.2910   0.0253   0.0000  -0.0015   0.0744    0.255
    70  -0.7445   2.0000   0.5175   0.5828   0.0765   0.2906   0.2906   0.0252   0.0000  -0.0015   0.0743    0.255
    71  -1.0220   2.0000   0.5901   0.5816   0.0764   0.2900   0.2900   0.0252   0.0000  -0.0015   0.0742    0.255
    72  -1.3333   2.0000   0.6526   0.5797   0.0771   0.2891   0.2891   0.0252   0.0000  -0.0015   0.0739    0.255
    73  -1.6731   2.0000   0.7039   0.5771   0.0778   0.2878   0.2878   0.0251   0.0000  -0.0014   0.0735    0.255
    74  -2.0357   2.0000   0.7432   0.5736   0.0775   0.2860   0.2860   0.0250   0.0000  -0.0013   0.0730    0.255
    75  -2.4147   2.0000   0.7698   0.5689   0.0810   0.2836   0.2836   0.0249   0.0000  -0.0012   0.0723    0.254
    76  -2.8038   2.0000   0.7832   0.5625   0.0783   0.2805   0.2805   0.0247   0.0000  -0.0010   0.0714    0.254
    77  -3.1962   2.0000   0.7832   0.5533   0.0821   0.2758   0.2758   0.0244   0.0000  -0.0007   0.0699    0.253
    78  -3.5853   2.0000   0.7698   0.5385   0.0850   0.2684   0.2684   0.0238   0.0000  -0.0001   0.0674    0.250
    79  -3.9643   2.0000   0.7432   0.5131   0.0522   0.2558   0.2558   0.0227   0.0000   0.0011   0.0631    0.246
    80  -4.3269   2.0000   0.7039   0.4807   0.1029   0.2396   0.2396   0.0213   0.0000   0.0023   0.0578    0.240
    81  -4.6667   2.0000   0.6526   0.4465   0.1078   0.2225   0.2225   0.0201   0.0000   0.0032   0.0526    0.235
    82  -4.9780   2.0000   0.5901   0.4060   0.1000   0.2023   0.2023   0.0187   0.0000   0.0039   0.0469    0.231
    83  -5.2555   2.0000   0.5175   0.3595   0.0899   0.1791   0.1791   0.0169   0.0000   0.0045   0.0405    0.225
    84  -5.4944   2.0000   0.4360   0.3077   0.0972   0.1532   0.1532   0.0147   0.0000   0.0050   0.0335    0.217
    85  -5.6906   2.0000   0.3471   0.2494   0.1065   0.1242   0.1242   0.0121   0.0000   0.0052   0.0260    0.208
    86  -5.8408   2.0000   0.2523   0.1842   0.1143   0.0917   0.0917   0.0092   0.0000   0.0047   0.0183    0.199
    87  -5.9424   2.0000   0.1531   0.1131   0.1196   0.0563   0.0563   0.0058   0.0000   0.0033   0.0108    0.191
    88  -5.9936   2.0000   0.0513   0.0382   0.1223   0.0190   0.0190   0.0021   0.0000   0.0012   0.0036    0.186

  Surface # 5     Fin                                     
     # Chordwise = 11   # Spanwise = 12     First strip = 89
     Surface area =    4.000000       Ave. chord =    1.600000
     CLsurf  =   0.00001     Clsurf  =  -0.00008
     CYsurf  =  -0.00141     Cmsurf  =  -0.00002
     CDsurf  =  -0.00001     Cnsurf  =   0.00038
     CDisurf =  -0.00001     CDvsurf =   0.00000

  Forces referred to Ssurf, Cave about hinge axis thru LE
     CLsurf  =   0.04237     CDsurf  =  -0.00034
     Deflect =

 Strip Forces referred to Strip Area, Chord
    j      Yle    Chord     Area     c cl      ai      cl_norm  cl       cd       cdv    cm_c/4    cm_LE  C.P.x/c
    89   4.0000   1.9966   0.0850   0.0077  -0.0142   0.0044   0.0039   0.0000   0.0000  -0.0001  -0.0012    0.283
    90   4.0000   1.9696   0.2459   0.0248  -0.0229   0.0144   0.0126  -0.0000   0.0000  -0.0004  -0.0037    0.281
    91   4.0000   1.9173   0.3809   0.0448  -0.0225   0.0268   0.0234  -0.0001   0.0000  -0.0006  -0.0068    0.275
    92   4.0000   1.8435   0.4773   0.0649  -0.0180   0.0404   0.0352  -0.0002   0.0000  -0.0006  -0.0099    0.267
    93   4.0000   1.7531   0.5285   0.0802  -0.0152   0.0525   0.0457  -0.0003   0.0000  -0.0004  -0.0125    0.258
    94   4.0000   1.6522   0.5345   0.0883  -0.0136   0.0613   0.0534  -0.0004   0.0000   0.0000  -0.0142    0.249
    95   4.0000   1.5478   0.5007   0.0888  -0.0125   0.0659   0.0574  -0.0005   0.0000   0.0005  -0.0148    0.241
    96   4.0000   1.4469   0.4362   0.0827  -0.0115   0.0656   0.0572  -0.0006   0.0000   0.0011  -0.0142    0.230
    97   4.0000   1.3565   0.3512   0.0709  -0.0104   0.0600   0.0523  -0.0006   0.0000   0.0018  -0.0124    0.217
    98   4.0000   1.2827   0.2548   0.0545  -0.0093   0.0488   0.0425  -0.0005   0.0000   0.0022  -0.0094    0.199
    99   4.0000   1.2304   0.1537   0.0343  -0.0085   0.0320   0.0279  -0.0003   0.0000   0.0020  -0.0056    0.178
   100   4.0000   1.2034   0.0513   0.0117  -0.0079   0.0112   0.0098  -0.0001   0.0000   0.0009  -0.0018    0.163

  Surface # 6     Fin (YDUP)                              
     # Chordwise = 11   # Spanwise = 12     First strip =101
     Surface area =    4.000000       Ave. chord =    1.600000
     CLsurf  =   0.00001     Clsurf  =   0.00008
     CYsurf  =   0.00141     Cmsurf  =  -0.00002
     CDsurf  =  -0.00001     Cnsurf  =  -0.00038
     CDisurf =  -0.00001     CDvsurf =   0.00000

  Forces referred to Ssurf, Cave about hinge axis thru LE
     CLsurf  =   0.04237     CDsurf  =  -0.00034
     Deflect =

 Strip Forces referred to Strip Area, Chord
    j      Yle    Chord     Area     c cl      ai      cl_norm  cl       cd       cdv    cm_c/4    cm_LE  C.P.x/c
   101  -4.0000   1.9966   0.0850   0.0077  -0.0142   0.0044   0.0039   0.0000   0.0000  -0.0001   0.0012    0.283
   102  -4.0000   1.9696   0.2459   0.0248  -0.0229   0.0144   0.0126  -0.0000   0.0000  -0.0004   0.0037    0.281
   103  -4.0000   1.9173   0.3809   0.0448  -0.0225   0.0268   0.0234  -0.0001   0.0000  -0.0006   0.0068    0.275
   104  -4.0000   1.8435   0.4773   0.0649  -0.0180   0.0404   0.0352  -0.0002   0.0000  -0.0006   0.0099    0.267
   105  -4.0000   1.7531   0.5285   0.0802  -0.0152   0.0525   0.0457  -0.0003   0.0000  -0.0004   0.0125    0.258
   106  -4.0000   1.6522   0.5345   0.0883  -0.0136   0.0613   0.0534  -0.0004   0.0000   0.0000   0.0142    0.249
   107  -4.0000   1.5478   0.5007   0.0888  -0.0125   0.0659   0.0574  -0.0005   0.0000   0.0005   0.0148    0.241
   108  -4.0000   1.4469   0.4362   0.0827  -0.0115   0.0656   0.0572  -0.0006   0.0000   0.0011   0.0142    0.230
   109  -4.0000   1.3565   0.3512   0.0709  -0.0104   0.0600   0.0523  -0.0006   0.0000   0.0018   0.0124    0.217
   110  -4.0000   1.2827   0.2548   0.0545  -0.0093   0.0488   0.0425  -0.0005   0.0000   0.0022   0.0094    0.199
   111  -4.0000   1.2304   0.1537   0.0343  -0.0085   0.0320   0.0279  -0.0003   0.0000   0.0020   0.0056    0.178
   112  -4.0000   1.2034   0.0513   0.0117  -0.0079   0.0112   0.0098  -0.0001   0.0000   0.0009   0.0018    0.163
 ---------------------------------------------------------------
