 ---------------------------------------------------------------
 Surface and Strip Forces by surface

  Forces referred to Sref, Cref, Bref about Xref, Yref, Zref
 Standard axis orientation,  X fwd, Z down         

  Surface # 1     FrontWing                               
     # Chordwise = 12   # Spanwise = 20     First strip =  1
     Surface area =   60.000000       Ave. chord =    3.000000
     CLsurf  =   0.47538     Clsurf  =  -0.10930
     CYsurf  =   0.00000     Cmsurf  =   0.20862
     CDsurf  =   0.01046     Cnsurf  =  -0.00655
     CDisurf =   0.01046     CDvsurf =   0.00000

  Forces referred to Ssurf, Cave about hinge axis thru LE
     CLsurf  =   0.95076     CDsurf  =   0.02092
     Deflect =

 Strip Forces referred to Strip Area, Chord
    j      Yle    Chord     Area     c cl      ai      cl_norm  cl       cd       cdv    cm_c/4    cm_LE  C.P.x/c
     1   0.0308   3.0000   0.3693   3.1856   0.0910   1.0649   1.0649   0.0127   0.0000  -0.1427  -0.4082    0.384
     2   0.2763   3.0000   1.0990   3.1855   0.0906   1.0649   1.0649   0.0127   0.0000  -0.1427  -0.4082    0.384
     3   0.7612   3.0000   1.8015   3.1849   0.0930   1.0647   1.0647   0.0128   0.0000  -0.1427  -0.4081    0.384
     4   1.4736   3.0000   2.4597   3.1831   0.1261   1.0640   1.0640   0.0128   0.0000  -0.1427  -0.4080    0.384
     5   2.3959   3.0000   3.0573   3.1788   0.0965   1.0626   1.0626   0.0130   0.0000  -0.1426  -0.4075    0.384
     6   3.5055   3.0000   3.5796   3.1708   0.0770   1.0599   1.0599   0.0133   0.0000  -0.1425  -0.4068    0.384
     7   4.7750   3.0000   4.0138   3.1577   0.2897   1.0555   1.0555   0.0139   0.0000  -0.1424  -0.4055    0.385
     8   6.1732   3.0000   4.3492   3.1378  -0.2745   1.0488   1.0488   0.0147   0.0000  -0.1422  -0.4036    0.386
     9   7.6655   3.0000   4.5775   3.1108  -0.0153   1.0396   1.0396   0.0158   0.0000  -0.1419  -0.4011    0.386
    10   9.2154   3.0000   4.6930   3.0738   0.0122   1.0271   1.0271   0.0173   0.0000  -0.1415  -0.3976    0.388
    11  10.7846   3.0000   4.6930   3.0239   0.0254   1.0102   1.0102   0.0192   0.0000  -0.1410  -0.3930    0.390
    12  12.3345   3.0000   4.5775   2.9564   0.0354   0.9874   0.9874   0.0216   0.0000  -0.1402  -0.3866    0.392
    13  13.8268   3.0000   4.3492   2.8643   0.0454   0.9563   0.9563   0.0246   0.0000  -0.1391  -0.3778    0.395
    14  15.2250   3.0000   4.0138   2.7380   0.0568   0.9137   0.9137   0.0282   0.0000  -0.1373  -0.3655    0.400
    15  16.4945   3.0000   3.5796   2.5642   0.0709   0.8552   0.8552   0.0320   0.0000  -0.1343  -0.3480    0.407
    16  17.6041   3.0000   3.0573   2.3258   0.0887   0.7752   0.7752   0.0355   0.0000  -0.1291  -0.3229    0.417
    17  18.5264   3.0000   2.4597   2.0033   0.1115   0.6671   0.6671   0.0373   0.0000  -0.1199  -0.2868    0.430
    18  19.2388   3.0000   1.8015   1.5773   0.1406   0.5247   0.5247   0.0353   0.0000  -0.1035  -0.2349    0.447
    19  19.7237   3.0000   1.0989   1.0325   0.1787   0.3431   0.3431   0.0271   0.0000  -0.0751  -0.1612    0.469
    20  19.9692   3.0000   0.3694   0.3665   0.2209   0.1217   0.1217   0.0107   0.0000  -0.0292  -0.0597    0.490

  Surface # 2     FrontWing (YDUP)                        
     # Chordwise = 12   # Spanwise = 20     First strip = 21
     Surface area =   60.000000       Ave. chord =    3.000000
     CLsurf  =   0.47538     Clsurf  =   0.10930
     CYsurf  =   0.00000     Cmsurf  =   0.20862
     CDsurf  =   0.01046     Cnsurf  =   0.00655
     CDisurf =   0.01046     CDvsurf =   0.00000

  Forces referred to Ssurf, Cave about hinge axis thru LE
     CLsurf  =   0.95076     CDsurf  =   0.02092
     Deflect =

 Strip Forces referred to Strip Area, Chord
    j      Yle    Chord     Area     c cl      ai      cl_norm  cl       cd       cdv    cm_c/4    cm_LE  C.P.x/c
    21  -0.0308   3.0000   0.3693   3.1856   0.0910   1.0649   1.0649   0.0127   0.0000  -0.1427   0.4082    0.384
    22  -0.2763   3.0000   1.0990   3.1855   0.0906   1.0649   1.0649   0.0127   0.0000  -0.1427   0.4082    0.384
    23  -0.7612   3.0000   1.8015   3.1849   0.0930   1.0647   1.0647   0.0128   0.0000  -0.1427   0.4081    0.384
    24  -1.4736   3.0000   2.4597   3.1831   0.1261   1.0640   1.0640   0.0128   0.0000  -0.1427   0.4080    0.384
    25  -2.3959   3.0000   3.0573   3.1788   0.0965   1.0626   1.0626   0.0130   0.0000  -0.1426   0.4075    0.384
    26  -3.5055   3.0000   3.5796   3.1708   0.0770   1.0599   1.0599   0.0133   0.0000  -0.1425   0.4068    0.384
    27  -4.7750   3.0000   4.0138   3.1577   0.2897   1.0555   1.0555   0.0139   0.0000  -0.1424   0.4055    0.385
    28  -6.1732   3.0000   4.3492   3.1378  -0.2745   1.0488   1.0488   0.0147   0.0000  -0.1422   0.4036    0.386
    29  -7.6655   3.0000   4.5775   3.1108  -0.0153   1.0396   1.0396   0.0158   0.0000  -0.1419   0.4011    0.386
    30  -9.2154   3.0000   4.6930   3.0738   0.0121   1.0271   1.0271   0.0173   0.0000  -0.1415   0.3976    0.388
    31 -10.7846   3.0000   4.6930   3.0239   0.0254   1.0102   1.0102   0.0192   0.0000  -0.1410   0.3930    0.390
    32 -12.3345   3.0000   4.5775   2.9564   0.0354   0.9874   0.9874   0.0216   0.0000  -0.1402   0.3866    0.392
    33 -13.8268   3.0000   4.3492   2.8643   0.0454   0.9563   0.9563   0.0246   0.0000  -0.1391   0.3778    0.395
    34 -15.2250   3.0000   4.0138   2.7380   0.0568   0.9137   0.9137   0.0282   0.0000  -0.1373   0.3655    0.400
    35 -16.4945   3.0000   3.5796   2.5642   0.0709   0.8552   0.8552   0.0320   0.0000  -0.1343   0.3480    0.407
    36 -17.6041   3.0000   3.0573   2.3258   0.0887   0.7752   0.7752   0.0355   0.0000  -0.1291   0.3229    0.417
    37 -18.5264   3.0000   2.4597   2.0033   0.1115   0.6671   0.6671   0.0373   0.0000  -0.1199   0.2868    0.430
    38 -19.2388   3.0000   1.8015   1.5773   0.1406   0.5247   0.5247   0.0353   0.0000  -0.1035   0.2349    0.447
    39 -19.7237   3.0000   1.0989   1.0325   0.1787   0.3431   0.3431   0.0271   0.0000  -0.0751   0.1612    0.469
    40 -19.9692   3.0000   0.3694   0.3665   0.2209   0.1217   0.1217   0.0107   0.0000  -0.0292   0.0597    0.490

  Surface # 3     Second Wing2                            
     # Chordwise = 12   # Spanwise = 24     First strip = 41
     Surface area =   12.000000       Ave. chord =    2.000000
     CLsurf  =   0.07461     Clsurf  =  -0.00501
     CYsurf  =  -0.00000     Cmsurf  =  -0.20859
     CDsurf  =   0.00653     Cnsurf  =   0.00003
     CDisurf =   0.00653     CDvsurf =   0.00000

  Forces referred to Ssurf, Cave about hinge axis thru LE
     CLsurf  =   0.74610     CDsurf  =   0.06529
     Deflect =

 Strip Forces referred to Strip Area, Chord
    j      Yle    Chord     Area     c cl      ai      cl_norm  cl       cd       cdv    cm_c/4    cm_LE  C.P.x/c
    41   0.0064   2.0000   0.0513   1.7559   0.0915   0.8754   0.8754   0.0677   0.0000  -0.1438  -0.3633    0.414
    42   0.0576   2.0000   0.1531   1.7559   0.0915   0.8754   0.8754   0.0677   0.0000  -0.1438  -0.3633    0.414
    43   0.1592   2.0000   0.2523   1.7557   0.0913   0.8753   0.8753   0.0677   0.0000  -0.1438  -0.3633    0.414
    44   0.3094   2.0000   0.3471   1.7550   0.0917   0.8750   0.8750   0.0677   0.0000  -0.1438  -0.3632    0.414
    45   0.5056   2.0000   0.4360   1.7535   0.0889   0.8742   0.8742   0.0678   0.0000  -0.1438  -0.3630    0.414
    46   0.7445   2.0000   0.5175   1.7506   0.0921   0.8727   0.8727   0.0678   0.0000  -0.1438  -0.3626    0.415
    47   1.0220   2.0000   0.5901   1.7457   0.0947   0.8702   0.8702   0.0679   0.0000  -0.1437  -0.3619    0.415
    48   1.3333   2.0000   0.6526   1.7382   0.0932   0.8665   0.8665   0.0681   0.0000  -0.1436  -0.3608    0.416
    49   1.6731   2.0000   0.7039   1.7274   0.0959   0.8611   0.8611   0.0683   0.0000  -0.1434  -0.3593    0.417
    50   2.0357   2.0000   0.7432   1.7126   0.0939   0.8536   0.8536   0.0685   0.0000  -0.1431  -0.3572    0.418
    51   2.4147   2.0000   0.7698   1.6925   0.0990   0.8435   0.8435   0.0688   0.0000  -0.1428  -0.3543    0.419
    52   2.8038   2.0000   0.7832   1.6658   0.1063   0.8300   0.8300   0.0691   0.0000  -0.1423  -0.3505    0.421
    53   3.1962   2.0000   0.7832   1.6298   0.1025   0.8119   0.8119   0.0694   0.0000  -0.1414  -0.3451    0.424
    54   3.5853   2.0000   0.7698   1.5784   0.1044   0.7861   0.7861   0.0696   0.0000  -0.1399  -0.3372    0.428
    55   3.9643   2.0000   0.7432   1.5025   0.0707   0.7481   0.7481   0.0690   0.0000  -0.1371  -0.3249    0.433
    56   4.3269   2.0000   0.7039   1.4121   0.1366   0.7028   0.7028   0.0679   0.0000  -0.1334  -0.3100    0.440
    57   4.6667   2.0000   0.6526   1.3191   0.1420   0.6563   0.6563   0.0665   0.0000  -0.1295  -0.2944    0.447
    58   4.9780   2.0000   0.5901   1.2144   0.1535   0.6039   0.6039   0.0643   0.0000  -0.1243  -0.2761    0.456
    59   5.2555   2.0000   0.5175   1.0914   0.1713   0.5424   0.5424   0.0607   0.0000  -0.1169  -0.2533    0.466
    60   5.4944   2.0000   0.4360   0.9460   0.1335   0.4700   0.4700   0.0553   0.0000  -0.1062  -0.2244    0.476
    61   5.6906   2.0000   0.3471   0.7754   0.1904   0.3850   0.3850   0.0476   0.0000  -0.0911  -0.1880    0.487
    62   5.8408   2.0000   0.2523   0.5787   0.2101   0.2872   0.2872   0.0371   0.0000  -0.0706  -0.1429    0.496
    63   5.9424   2.0000   0.1531   0.3584   0.2247   0.1778   0.1778   0.0238   0.0000  -0.0449  -0.0897    0.503
    64   5.9936   2.0000   0.0513   0.1215   0.2331   0.0603   0.0603   0.0083   0.0000  -0.0154  -0.0306    0.506

  Surface # 4     Second Wing2 (YDUP)                     
     # Chordwise = 12   # Spanwise = 24     First strip = 65
     Surface area =   12.000000       Ave. chord =    2.000000
     CLsurf  =   0.07461     Clsurf  =   0.00501
     CYsurf  =   0.00000     Cmsurf  =  -0.20859
     CDsurf  =   0.00653     Cnsurf  =  -0.00003
     CDisurf =   0.00653     CDvsurf =   0.00000

  Forces referred to Ssurf, Cave about hinge axis thru LE
     CLsurf  =   0.74610     CDsurf  =   0.06529
     Deflect =

 Strip Forces referred to Strip Area, Chord
    j      Yle    Chord     Area     c cl      ai      cl_norm  cl       cd       cdv    cm_c/4    cm_LE  C.P.x/c
    65  -0.0064   2.0000   0.0513   1.7559   0.0915   0.8754   0.8754   0.0677   0.0000  -0.1438   0.3633    0.414
    66  -0.0576   2.0000   0.1531   1.7559   0.0915   0.8754   0.8754   0.0677   0.0000  -0.1438   0.3633    0.414
    67  -0.1592   2.0000   0.2523   1.7557   0.0913   0.8753   0.8753   0.0677   0.0000  -0.1438   0.3633    0.414
    68  -0.3094   2.0000   0.3471   1.7550   0.0917   0.8750   0.8750   0.0677   0.0000  -0.1438   0.3632    0.414
    69  -0.5056   2.0000   0.4360   1.7535   0.0889   0.8742   0.8742   0.0678   0.0000  -0.1438   0.3630    0.414
    70  -0.7445   2.0000   0.5175   1.7506   0.0921   0.8727   0.8727   0.0678   0.0000  -0.1438   0.3626    0.415
    71  -1.0220   2.0000   0.5901   1.7457   0.0947   0.8702   0.8702   0.0679   0.0000  -0.1437   0.3619    0.415
    72  -1.3333   2.0000   0.6526   1.7382   0.0931   0.8665   0.8665   0.0681   0.0000  -0.1436   0.3608    0.416
    73  -1.6731   2.0000   0.7039   1.7274   0.0959   0.8611   0.8611   0.0683   0.0000  -0.1434   0.3593    0.417
    74  -2.0357   2.0000   0.7432   1.7126   0.0939   0.8536   0.8536   0.0685   0.0000  -0.1431   0.3572    0.418
    75  -2.4147   2.0000   0.7698   1.6925   0.0990   0.8435   0.8435   0.0688   0.0000  -0.1428   0.3543    0.419
    76  -2.8038   2.0000   0.7832   1.6658   0.1063   0.8300   0.8300   0.0691   0.0000  -0.1423   0.3505    0.421
    77  -3.1962   2.0000   0.7832   1.6298   0.1025   0.8119   0.8119   0.0694   0.0000  -0.1414   0.3451    0.424
    78  -3.5853   2.0000   0.7698   1.5784   0.1044   0.7861   0.7861   0.0696   0.0000  -0.1399   0.3372    0.428
    79  -3.9643   2.0000   0.7432   1.5025   0.0707   0.7481   0.7481   0.0690   0.0000  -0.1371   0.3249    0.433
    80  -4.3269   2.0000   0.7039   1.4121   0.1366   0.7028   0.7028   0.0679   0.0000  -0.1334   0.3100    0.440
    81  -4.6667   2.0000   0.6526   1.3191   0.1420   0.6563   0.6563   0.0665   0.0000  -0.1295   0.2944    0.447
    82  -4.9780   2.0000   0.5901   1.2144   0.1535   0.6039   0.6039   0.0643   0.0000  -0.1243   0.2761    0.456
    83  -5.2555   2.0000   0.5175   1.0914   0.1713   0.5424   0.5424   0.0607   0.0000  -0.1169   0.2533    0.466
    84  -5.4944   2.0000   0.4360   0.9460   0.1335   0.4700   0.4700   0.0553   0.0000  -0.1062   0.2244    0.476
    85  -5.6906   2.0000   0.3471   0.7754   0.1904   0.3850   0.3850   0.0476   0.0000  -0.0911   0.1880    0.487
    86  -5.8408   2.0000   0.2523   0.5787   0.2101   0.2872   0.2872   0.0371   0.0000  -0.0706   0.1429    0.496
    87  -5.9424   2.0000   0.1531   0.3584   0.2247   0.1778   0.1778   0.0238   0.0000  -0.0449   0.0897    0.503
    88  -5.9936   2.0000   0.0513   0.1215   0.2331   0.0603   0.0603   0.0083   0.0000  -0.0154   0.0306    0.506

  Surface # 5     Fin                                     
     # Chordwise = 12   # Spanwise = 12     First strip = 89
     Surface area =    4.000000       Ave. chord =    1.600000
     CLsurf  =   0.00001     Clsurf  =  -0.00007
     CYsurf  =  -0.00238     Cmsurf  =  -0.00003
     CDsurf  =  -0.00002     Cnsurf  =   0.00049
     CDisurf =  -0.00002     CDvsurf =   0.00000

  Forces referred to Ssurf, Cave about hinge axis thru LE
     CLsurf  =   0.07147     CDsurf  =  -0.00069
     Deflect =

 Strip Forces referred to Strip Area, Chord
    j      Yle    Chord     Area     c cl      ai      cl_norm  cl       cd       cdv    cm_c/4    cm_LE  C.P.x/c
    89   4.0000   1.9966   0.0850   0.0123  -0.0088   0.0068   0.0061   0.0000   0.0000  -0.0005  -0.0021    0.336
    90   4.0000   1.9696   0.2459   0.0410  -0.0384   0.0232   0.0208  -0.0000   0.0000  -0.0017  -0.0069    0.331
    91   4.0000   1.9173   0.3809   0.0780  -0.0404   0.0453   0.0407  -0.0001   0.0000  -0.0029  -0.0131    0.320
    92   4.0000   1.8435   0.4773   0.1157  -0.0308   0.0699   0.0628  -0.0003   0.0000  -0.0036  -0.0195    0.308
    93   4.0000   1.7531   0.5285   0.1421  -0.0264   0.0902   0.0811  -0.0006   0.0000  -0.0036  -0.0242    0.295
    94   4.0000   1.6522   0.5345   0.1527  -0.0249   0.1029   0.0924  -0.0009   0.0000  -0.0030  -0.0265    0.282
    95   4.0000   1.5478   0.5007   0.1492  -0.0240   0.1073   0.0964  -0.0011   0.0000  -0.0019  -0.0266    0.270
    96   4.0000   1.4469   0.4362   0.1350  -0.0228   0.1038   0.0933  -0.0012   0.0000  -0.0007  -0.0247    0.258
    97   4.0000   1.3565   0.3512   0.1130  -0.0211   0.0927   0.0833  -0.0011   0.0000   0.0006  -0.0209    0.243
    98   4.0000   1.2827   0.2548   0.0852  -0.0193   0.0739   0.0664  -0.0009   0.0000   0.0016  -0.0156    0.226
    99   4.0000   1.2304   0.1537   0.0531  -0.0177   0.0480   0.0431  -0.0006   0.0000   0.0018  -0.0094    0.208
   100   4.0000   1.2034   0.0513   0.0181  -0.0166   0.0167   0.0150  -0.0002   0.0000   0.0008  -0.0031    0.194

  Surface # 6     Fin (YDUP)                              
     # Chordwise = 12   # Spanwise = 12     First strip =101
     Surface area =    4.000000       Ave. chord =    1.600000
     CLsurf  =   0.00001     Clsurf  =   0.00007
     CYsurf  =   0.00238     Cmsurf  =  -0.00003
     CDsurf  =  -0.00002     Cnsurf  =  -0.00049
     CDisurf =  -0.00002     CDvsurf =   0.00000

  Forces referred to Ssurf, Cave about hinge axis thru LE
     CLsurf  =   0.07147     CDsurf  =  -0.00069
     Deflect =

 Strip Forces referred to Strip Area, Chord
    j      Yle    Chord     Area     c cl      ai      cl_norm  cl       cd       cdv    cm_c/4    cm_LE  C.P.x/c
   101  -4.0000   1.9966   0.0850   0.0123  -0.0088   0.0068   0.0061   0.0000   0.0000  -0.0005   0.0021    0.336
   102  -4.0000   1.9696   0.2459   0.0410  -0.0384   0.0232   0.0208  -0.0000   0.0000  -0.0017   0.0069    0.331
   103  -4.0000   1.9173   0.3809   0.0780  -0.0404   0.0453   0.0407  -0.0001   0.0000  -0.0029   0.0131    0.320
   104  -4.0000   1.8435   0.4773   0.1157  -0.0308   0.0699   0.0628  -0.0003   0.0000  -0.0036   0.0195    0.308
   105  -4.0000   1.7531   0.5285   0.1421  -0.0264   0.0902   0.0811  -0.0006   0.0000  -0.0036   0.0242    0.295
   106  -4.0000   1.6522   0.5345   0.1527  -0.0249   0.1029   0.0924  -0.0009   0.0000  -0.0030   0.0265    0.282
   107  -4.0000   1.5478   0.5007   0.1492  -0.0240   0.1073   0.0964  -0.0011   0.0000  -0.0019   0.0266    0.270
   108  -4.0000   1.4469   0.4362   0.1350  -0.0228   0.1038   0.0933  -0.0012   0.0000  -0.0007   0.0247    0.258
   109  -4.0000   1.3565   0.3512   0.1130  -0.0211   0.0927   0.0833  -0.0011   0.0000   0.0006   0.0209    0.243
   110  -4.0000   1.2827   0.2548   0.0852  -0.0193   0.0739   0.0664  -0.0009   0.0000   0.0016   0.0156    0.226
   111  -4.0000   1.2304   0.1537   0.0531  -0.0177   0.0480   0.0431  -0.0006   0.0000   0.0018   0.0094    0.208
   112  -4.0000   1.2034   0.0513   0.0181  -0.0166   0.0167   0.0150  -0.0002   0.0000   0.0008   0.0031    0.194
 ---------------------------------------------------------------
