 ---------------------------------------------------------------
 Surface and Strip Forces by surface

  Forces referred to Sref, Cref, Bref about Xref, Yref, Zref
 Standard axis orientation,  X fwd, Z down         

  Surface # 1     FrontWing                               
     # Chordwise = 12   # Spanwise = 20     First strip =  1
     Surface area =   60.000000       Ave. chord =    3.000000
     CLsurf  =   0.06355     Clsurf  =  -0.01532
     CYsurf  =   0.00000     Cmsurf  =  -0.03291
     CDsurf  =   0.00030     Cnsurf  =   0.00116
     CDisurf =   0.00030     CDvsurf =   0.00000

  Forces referred to Ssurf, Cave about hinge axis thru LE
     CLsurf  =   0.12710     CDsurf  =   0.00059
     Deflect =

 Strip Forces referred to Strip Area, Chord
    j      Yle    Chord     Area     c cl      ai      cl_norm  cl       cd       cdv    cm_c/4    cm_LE  C.P.x/c
     1   0.0308   3.0000   0.3693   0.3962  -0.0085   0.1324   0.1324   0.0004   0.0000  -0.1425  -0.1756    1.326
     2   0.2763   3.0000   1.0990   0.3962  -0.0084   0.1324   0.1324   0.0004   0.0000  -0.1425  -0.1756    1.326
     3   0.7612   3.0000   1.8015   0.3962  -0.0089   0.1324   0.1324   0.0004   0.0000  -0.1425  -0.1756    1.326
     4   1.4736   3.0000   2.4597   0.3963  -0.0164   0.1324   0.1324   0.0004   0.0000  -0.1425  -0.1756    1.326
     5   2.3959   3.0000   3.0573   0.3963  -0.0093   0.1325   0.1325   0.0004   0.0000  -0.1425  -0.1756    1.326
     6   3.5055   3.0000   3.5796   0.3964  -0.0037   0.1325   0.1325   0.0004   0.0000  -0.1426  -0.1756    1.326
     7   4.7750   3.0000   4.0138   0.3964  -0.0496   0.1325   0.1325   0.0004   0.0000  -0.1426  -0.1756    1.326
     8   6.1732   3.0000   4.3492   0.3964   0.0504   0.1325   0.1325   0.0004   0.0000  -0.1426  -0.1756    1.326
     9   7.6655   3.0000   4.5775   0.3959   0.0128   0.1323   0.1323   0.0004   0.0000  -0.1426  -0.1756    1.328
    10   9.2154   3.0000   4.6930   0.3946   0.0090   0.1319   0.1319   0.0004   0.0000  -0.1426  -0.1755    1.331
    11  10.7846   3.0000   4.6930   0.3925   0.0078   0.1312   0.1312   0.0004   0.0000  -0.1426  -0.1753    1.337
    12  12.3345   3.0000   4.5775   0.3893   0.0076   0.1301   0.1301   0.0004   0.0000  -0.1425  -0.1750    1.346
    13  13.8268   3.0000   4.3492   0.3847   0.0081   0.1286   0.1286   0.0005   0.0000  -0.1424  -0.1745    1.358
    14  15.2250   3.0000   4.0138   0.3786   0.0092   0.1265   0.1265   0.0006   0.0000  -0.1422  -0.1737    1.374
    15  16.4945   3.0000   3.5796   0.3708   0.0114   0.1239   0.1239   0.0007   0.0000  -0.1416  -0.1725    1.392
    16  17.6041   3.0000   3.0573   0.3603   0.0156   0.1204   0.1204   0.0009   0.0000  -0.1398  -0.1698    1.410
    17  18.5264   3.0000   2.4597   0.3431   0.0241   0.1147   0.1147   0.0013   0.0000  -0.1346  -0.1631    1.423
    18  19.2388   3.0000   1.8015   0.3080   0.0403   0.1030   0.1030   0.0019   0.0000  -0.1210  -0.1466    1.424
    19  19.7237   3.0000   1.0989   0.2332   0.0684   0.0781   0.0781   0.0026   0.0000  -0.0908  -0.1102    1.412
    20  19.9692   3.0000   0.3694   0.0932   0.1045   0.0313   0.0313   0.0022   0.0000  -0.0359  -0.0436    1.397

  Surface # 2     FrontWing (YDUP)                        
     # Chordwise = 12   # Spanwise = 20     First strip = 21
     Surface area =   60.000000       Ave. chord =    3.000000
     CLsurf  =   0.06355     Clsurf  =   0.01532
     CYsurf  =  -0.00000     Cmsurf  =  -0.03291
     CDsurf  =   0.00030     Cnsurf  =  -0.00116
     CDisurf =   0.00030     CDvsurf =   0.00000

  Forces referred to Ssurf, Cave about hinge axis thru LE
     CLsurf  =   0.12710     CDsurf  =   0.00059
     Deflect =

 Strip Forces referred to Strip Area, Chord
    j      Yle    Chord     Area     c cl      ai      cl_norm  cl       cd       cdv    cm_c/4    cm_LE  C.P.x/c
    21  -0.0308   3.0000   0.3693   0.3962  -0.0085   0.1324   0.1324   0.0004   0.0000  -0.1425   0.1756    1.326
    22  -0.2763   3.0000   1.0990   0.3962  -0.0084   0.1324   0.1324   0.0004   0.0000  -0.1425   0.1756    1.326
    23  -0.7612   3.0000   1.8015   0.3962  -0.0089   0.1324   0.1324   0.0004   0.0000  -0.1425   0.1756    1.326
    24  -1.4736   3.0000   2.4597   0.3963  -0.0164   0.1324   0.1324   0.0004   0.0000  -0.1425   0.1756    1.326
    25  -2.3959   3.0000   3.0573   0.3963  -0.0093   0.1325   0.1325   0.0004   0.0000  -0.1425   0.1756    1.326
    26  -3.5055   3.0000   3.5796   0.3964  -0.0037   0.1325   0.1325   0.0004   0.0000  -0.1426   0.1756    1.326
    27  -4.7750   3.0000   4.0138   0.3964  -0.0496   0.1325   0.1325   0.0004   0.0000  -0.1426   0.1756    1.326
    28  -6.1732   3.0000   4.3492   0.3964   0.0504   0.1325   0.1325   0.0004   0.0000  -0.1426   0.1756    1.326
    29  -7.6655   3.0000   4.5775   0.3959   0.0128   0.1323   0.1323   0.0004   0.0000  -0.1426   0.1756    1.328
    30  -9.2154   3.0000   4.6930   0.3946   0.0090   0.1319   0.1319   0.0004   0.0000  -0.1426   0.1755    1.331
    31 -10.7846   3.0000   4.6930   0.3925   0.0078   0.1312   0.1312   0.0004   0.0000  -0.1426   0.1753    1.337
    32 -12.3345   3.0000   4.5775   0.3893   0.0076   0.1301   0.1301   0.0004   0.0000  -0.1425   0.1750    1.346
    33 -13.8268   3.0000   4.3492   0.3847   0.0081   0.1286   0.1286   0.0005   0.0000  -0.1424   0.1745    1.358
    34 -15.2250   3.0000   4.0138   0.3786   0.0092   0.1265   0.1265   0.0006   0.0000  -0.1422   0.1737    1.374
    35 -16.4945   3.0000   3.5796   0.3708   0.0114   0.1239   0.1239   0.0007   0.0000  -0.1416   0.1725    1.392
    36 -17.6041   3.0000   3.0573   0.3603   0.0156   0.1204   0.1204   0.0009   0.0000  -0.1398   0.1698    1.410
    37 -18.5264   3.0000   2.4597   0.3431   0.0241   0.1147   0.1147   0.0013   0.0000  -0.1346   0.1631    1.423
    38 -19.2388   3.0000   1.8015   0.3080   0.0403   0.1030   0.1030   0.0019   0.0000  -0.1210   0.1466    1.424
    39 -19.7237   3.0000   1.0989   0.2332   0.0684   0.0781   0.0781   0.0026   0.0000  -0.0908   0.1102    1.412
    40 -19.9692   3.0000   0.3694   0.0932   0.1045   0.0313   0.0313   0.0022   0.0000  -0.0359   0.0436    1.397

  Surface # 3     Second Wing2                            
     # Chordwise = 12   # Spanwise = 24     First strip = 41
     Surface area =   12.000000       Ave. chord =    2.000000
     CLsurf  =  -0.01355     Clsurf  =   0.00088
     CYsurf  =   0.00000     Cmsurf  =   0.03291
     CDsurf  =   0.00000     Cnsurf  =  -0.00006
     CDisurf =   0.00000     CDvsurf =   0.00000

  Forces referred to Ssurf, Cave about hinge axis thru LE
     CLsurf  =  -0.13550     CDsurf  =   0.00003
     Deflect =

 Strip Forces referred to Strip Area, Chord
    j      Yle    Chord     Area     c cl      ai      cl_norm  cl       cd       cdv    cm_c/4    cm_LE  C.P.x/c
    41   0.0064   2.0000   0.0513  -0.3294  -0.0086  -0.1651  -0.1651  -0.0002   0.0000  -0.0480  -0.0069   -0.041
    42   0.0576   2.0000   0.1531  -0.3294  -0.0086  -0.1651  -0.1651  -0.0002   0.0000  -0.0480  -0.0069   -0.041
    43   0.1592   2.0000   0.2523  -0.3293  -0.0086  -0.1651  -0.1651  -0.0002   0.0000  -0.0480  -0.0069   -0.041
    44   0.3094   2.0000   0.3471  -0.3292  -0.0086  -0.1650  -0.1650  -0.0002   0.0000  -0.0480  -0.0069   -0.041
    45   0.5056   2.0000   0.4360  -0.3288  -0.0086  -0.1648  -0.1648  -0.0002   0.0000  -0.0480  -0.0069   -0.041
    46   0.7445   2.0000   0.5175  -0.3281  -0.0087  -0.1645  -0.1645  -0.0002   0.0000  -0.0481  -0.0070   -0.042
    47   1.0220   2.0000   0.5901  -0.3270  -0.0088  -0.1639  -0.1639  -0.0002   0.0000  -0.0481  -0.0072   -0.043
    48   1.3333   2.0000   0.6526  -0.3252  -0.0090  -0.1630  -0.1630  -0.0001   0.0000  -0.0481  -0.0074   -0.045
    49   1.6731   2.0000   0.7039  -0.3227  -0.0092  -0.1617  -0.1617  -0.0001   0.0000  -0.0481  -0.0078   -0.048
    50   2.0357   2.0000   0.7432  -0.3191  -0.0095  -0.1599  -0.1599  -0.0001   0.0000  -0.0482  -0.0083   -0.051
    51   2.4147   2.0000   0.7698  -0.3143  -0.0099  -0.1575  -0.1575  -0.0001   0.0000  -0.0482  -0.0090   -0.056
    52   2.8038   2.0000   0.7832  -0.3078  -0.0104  -0.1543  -0.1543  -0.0000   0.0000  -0.0483  -0.0099   -0.063
    53   3.1962   2.0000   0.7832  -0.2990  -0.0106  -0.1499  -0.1499   0.0000   0.0000  -0.0485  -0.0111   -0.073
    54   3.5853   2.0000   0.7698  -0.2869  -0.0101  -0.1438  -0.1438   0.0001   0.0000  -0.0487  -0.0128   -0.088
    55   3.9643   2.0000   0.7432  -0.2696  -0.0005  -0.1351  -0.1351   0.0001   0.0000  -0.0490  -0.0153   -0.113
    56   4.3269   2.0000   0.7039  -0.2486  -0.0167  -0.1246  -0.1246   0.0001   0.0000  -0.0493  -0.0182   -0.145
    57   4.6667   2.0000   0.6526  -0.2264  -0.0154  -0.1134  -0.1134   0.0001   0.0000  -0.0492  -0.0209   -0.183
    58   4.9780   2.0000   0.5901  -0.2014  -0.0149  -0.1009  -0.1009   0.0002   0.0000  -0.0486  -0.0234   -0.231
    59   5.2555   2.0000   0.5175  -0.1732  -0.0140  -0.0868  -0.0868   0.0003   0.0000  -0.0471  -0.0254   -0.292
    60   5.4944   2.0000   0.4360  -0.1423  -0.0123  -0.0713  -0.0713   0.0004   0.0000  -0.0441  -0.0263   -0.369
    61   5.6906   2.0000   0.3471  -0.1097  -0.0096  -0.0550  -0.0550   0.0005   0.0000  -0.0390  -0.0253   -0.459
    62   5.8408   2.0000   0.2523  -0.0771  -0.0066  -0.0386  -0.0386   0.0006   0.0000  -0.0311  -0.0214   -0.554
    63   5.9424   2.0000   0.1531  -0.0455  -0.0040  -0.0228  -0.0228   0.0006   0.0000  -0.0202  -0.0145   -0.638
    64   5.9936   2.0000   0.0513  -0.0150  -0.0025  -0.0075  -0.0075   0.0003   0.0000  -0.0070  -0.0052   -0.689

  Surface # 4     Second Wing2 (YDUP)                     
     # Chordwise = 12   # Spanwise = 24     First strip = 65
     Surface area =   12.000000       Ave. chord =    2.000000
     CLsurf  =  -0.01355     Clsurf  =  -0.00088
     CYsurf  =   0.00000     Cmsurf  =   0.03291
     CDsurf  =   0.00000     Cnsurf  =   0.00006
     CDisurf =   0.00000     CDvsurf =   0.00000

  Forces referred to Ssurf, Cave about hinge axis thru LE
     CLsurf  =  -0.13550     CDsurf  =   0.00003
     Deflect =

 Strip Forces referred to Strip Area, Chord
    j      Yle    Chord     Area     c cl      ai      cl_norm  cl       cd       cdv    cm_c/4    cm_LE  C.P.x/c
    65  -0.0064   2.0000   0.0513  -0.3294  -0.0086  -0.1651  -0.1651  -0.0002   0.0000  -0.0480   0.0069   -0.041
    66  -0.0576   2.0000   0.1531  -0.3294  -0.0086  -0.1651  -0.1651  -0.0002   0.0000  -0.0480   0.0069   -0.041
    67  -0.1592   2.0000   0.2523  -0.3293  -0.0086  -0.1651  -0.1651  -0.0002   0.0000  -0.0480   0.0069   -0.041
    68  -0.3094   2.0000   0.3471  -0.3292  -0.0086  -0.1650  -0.1650  -0.0002   0.0000  -0.0480   0.0069   -0.041
    69  -0.5056   2.0000   0.4360  -0.3288  -0.0086  -0.1648  -0.1648  -0.0002   0.0000  -0.0480   0.0069   -0.041
    70  -0.7445   2.0000   0.5175  -0.3281  -0.0087  -0.1645  -0.1645  -0.0002   0.0000  -0.0481   0.0070   -0.042
    71  -1.0220   2.0000   0.5901  -0.3270  -0.0088  -0.1639  -0.1639  -0.0002   0.0000  -0.0481   0.0072   -0.043
    72  -1.3333   2.0000   0.6526  -0.3252  -0.0090  -0.1630  -0.1630  -0.0001   0.0000  -0.0481   0.0074   -0.045
    73  -1.6731   2.0000   0.7039  -0.3226  -0.0092  -0.1617  -0.1617  -0.0001   0.0000  -0.0481   0.0078   -0.048
    74  -2.0357   2.0000   0.7432  -0.3191  -0.0095  -0.1599  -0.1599  -0.0001   0.0000  -0.0482   0.0083   -0.051
    75  -2.4147   2.0000   0.7698  -0.3143  -0.0099  -0.1575  -0.1575  -0.0001   0.0000  -0.0482   0.0090   -0.056
    76  -2.8038   2.0000   0.7832  -0.3078  -0.0104  -0.1543  -0.1543  -0.0000   0.0000  -0.0483   0.0099   -0.063
    77  -3.1962   2.0000   0.7832  -0.2990  -0.0106  -0.1499  -0.1499   0.0000   0.0000  -0.0485   0.0111   -0.073
    78  -3.5853   2.0000   0.7698  -0.2869  -0.0101  -0.1438  -0.1438   0.0001   0.0000  -0.0487   0.0128   -0.088
    79  -3.9643   2.0000   0.7432  -0.2696  -0.0005  -0.1351  -0.1351   0.0001   0.0000  -0.0490   0.0153   -0.113
    80  -4.3269   2.0000   0.7039  -0.2486  -0.0167  -0.1246  -0.1246   0.0001   0.0000  -0.0493   0.0182   -0.145
    81  -4.6667   2.0000   0.6526  -0.2264  -0.0154  -0.1134  -0.1134   0.0001   0.0000  -0.0492   0.0209   -0.183
    82  -4.9780   2.0000   0.5901  -0.2014  -0.0149  -0.1009  -0.1009   0.0002   0.0000  -0.0486   0.0234   -0.231
    83  -5.2555   2.0000   0.5175  -0.1732  -0.0140  -0.0868  -0.0868   0.0003   0.0000  -0.0471   0.0254   -0.292
    84  -5.4944   2.0000   0.4360  -0.1423  -0.0123  -0.0713  -0.0713   0.0004   0.0000  -0.0441   0.0263   -0.369
    85  -5.6906   2.0000   0.3471  -0.1097  -0.0096  -0.0550  -0.0550   0.0005   0.0000  -0.0390   0.0253   -0.459
    86  -5.8408   2.0000   0.2523  -0.0771  -0.0066  -0.0386  -0.0386   0.0006   0.0000  -0.0311   0.0214   -0.554
    87  -5.9424   2.0000   0.1531  -0.0455  -0.0040  -0.0228  -0.0228   0.0006   0.0000  -0.0202   0.0145   -0.638
    88  -5.9936   2.0000   0.0513  -0.0150  -0.0025  -0.0075  -0.0075   0.0003   0.0000  -0.0070   0.0052   -0.689

  Surface # 5     Fin                                     
     # Chordwise = 12   # Spanwise = 12     First strip = 89
     Surface area =    4.000000       Ave. chord =    1.600000
     CLsurf  =   0.00000     Clsurf  =   0.00002
     CYsurf  =   0.00048     Cmsurf  =  -0.00000
     CDsurf  =  -0.00000     Cnsurf  =  -0.00010
     CDisurf =  -0.00000     CDvsurf =   0.00000

  Forces referred to Ssurf, Cave about hinge axis thru LE
     CLsurf  =  -0.01449     CDsurf  =  -0.00004
     Deflect =

 Strip Forces referred to Strip Area, Chord
    j      Yle    Chord     Area     c cl      ai      cl_norm  cl       cd       cdv    cm_c/4    cm_LE  C.P.x/c
    89   4.0000   1.9966   0.0850  -0.0027   0.0018  -0.0014  -0.0014   0.0000   0.0000   0.0001   0.0004    0.317
    90   4.0000   1.9696   0.2459  -0.0090   0.0079  -0.0047  -0.0046  -0.0000   0.0000   0.0003   0.0013    0.311
    91   4.0000   1.9173   0.3809  -0.0165   0.0082  -0.0088  -0.0086  -0.0000   0.0000   0.0004   0.0023    0.299
    92   4.0000   1.8435   0.4773  -0.0238   0.0058  -0.0133  -0.0129  -0.0000   0.0000   0.0005   0.0033    0.288
    93   4.0000   1.7531   0.5285  -0.0289   0.0045  -0.0170  -0.0165  -0.0000   0.0000   0.0004   0.0041    0.277
    94   4.0000   1.6522   0.5345  -0.0310   0.0039  -0.0193  -0.0188  -0.0001   0.0000   0.0003   0.0045    0.267
    95   4.0000   1.5478   0.5007  -0.0301   0.0037  -0.0200  -0.0195  -0.0001   0.0000   0.0001   0.0045    0.258
    96   4.0000   1.4469   0.4362  -0.0271   0.0034  -0.0192  -0.0187  -0.0001   0.0000  -0.0000   0.0041    0.248
    97   4.0000   1.3565   0.3512  -0.0225   0.0031  -0.0171  -0.0166  -0.0001   0.0000  -0.0002   0.0034    0.235
    98   4.0000   1.2827   0.2548  -0.0168   0.0028  -0.0135  -0.0131  -0.0000   0.0000  -0.0004   0.0025    0.219
    99   4.0000   1.2304   0.1537  -0.0104   0.0025  -0.0087  -0.0085  -0.0000   0.0000  -0.0004   0.0015    0.201
   100   4.0000   1.2034   0.0513  -0.0035   0.0024  -0.0030  -0.0029  -0.0000   0.0000  -0.0002   0.0005    0.188

  Surface # 6     Fin (YDUP)                              
     # Chordwise = 12   # Spanwise = 12     First strip =101
     Surface area =    4.000000       Ave. chord =    1.600000
     CLsurf  =   0.00000     Clsurf  =  -0.00002
     CYsurf  =  -0.00048     Cmsurf  =  -0.00000
     CDsurf  =  -0.00000     Cnsurf  =   0.00010
     CDisurf =  -0.00000     CDvsurf =   0.00000

  Forces referred to Ssurf, Cave about hinge axis thru LE
     CLsurf  =  -0.01449     CDsurf  =  -0.00004
     Deflect =

 Strip Forces referred to Strip Area, Chord
    j      Yle    Chord     Area     c cl      ai      cl_norm  cl       cd       cdv    cm_c/4    cm_LE  C.P.x/c
   101  -4.0000   1.9966   0.0850  -0.0027   0.0018  -0.0014  -0.0014   0.0000   0.0000   0.0001  -0.0004    0.317
   102  -4.0000   1.9696   0.2459  -0.0090   0.0079  -0.0047  -0.0046  -0.0000   0.0000   0.0003  -0.0013    0.311
   103  -4.0000   1.9173   0.3809  -0.0165   0.0082  -0.0088  -0.0086  -0.0000   0.0000   0.0004  -0.0023    0.299
   104  -4.0000   1.8435   0.4773  -0.0238   0.0058  -0.0133  -0.0129  -0.0000   0.0000   0.0005  -0.0033    0.288
   105  -4.0000   1.7531   0.5285  -0.0289   0.0045  -0.0170  -0.0165  -0.0000   0.0000   0.0004  -0.0041    0.277
   106  -4.0000   1.6522   0.5345  -0.0310   0.0039  -0.0193  -0.0188  -0.0001   0.0000   0.0003  -0.0045    0.267
   107  -4.0000   1.5478   0.5007  -0.0301   0.0037  -0.0200  -0.0195  -0.0001   0.0000   0.0001  -0.0045    0.258
   108  -4.0000   1.4469   0.4362  -0.0271   0.0034  -0.0192  -0.0187  -0.0001   0.0000  -0.0000  -0.0041    0.248
   109  -4.0000   1.3565   0.3512  -0.0225   0.0031  -0.0171  -0.0166  -0.0001   0.0000  -0.0002  -0.0034    0.235
   110  -4.0000   1.2827   0.2548  -0.0168   0.0028  -0.0135  -0.0131  -0.0000   0.0000  -0.0004  -0.0025    0.219
   111  -4.0000   1.2304   0.1537  -0.0104   0.0025  -0.0087  -0.0085  -0.0000   0.0000  -0.0004  -0.0015    0.201
   112  -4.0000   1.2034   0.0513  -0.0035   0.0024  -0.0030  -0.0029  -0.0000   0.0000  -0.0002  -0.0005    0.188
 ---------------------------------------------------------------
