 ---------------------------------------------------------------
 Surface and Strip Forces by surface

  Forces referred to Sref, Cref, Bref about Xref, Yref, Zref
 Standard axis orientation,  X fwd, Z down         

  Surface # 1     FrontWing                               
     # Chordwise = 12   # Spanwise = 20     First strip =  1
     Surface area =   60.000000       Ave. chord =    3.000000
     CLsurf  =   0.68218     Clsurf  =  -0.15534
     CYsurf  =  -0.00000     Cmsurf  =   0.32835
     CDsurf  =   0.02108     Cnsurf  =  -0.02031
     CDisurf =   0.02108     CDvsurf =   0.00000

  Forces referred to Ssurf, Cave about hinge axis thru LE
     CLsurf  =   1.36437     CDsurf  =   0.04215
     Deflect =

 Strip Forces referred to Strip Area, Chord
    j      Yle    Chord     Area     c cl      ai      cl_norm  cl       cd       cdv    cm_c/4    cm_LE  C.P.x/c
     1   0.0308   3.0000   0.3693   4.5533   0.1417   1.5356   1.5356   0.0257   0.0000  -0.1401  -0.5195    0.341
     2   0.2763   3.0000   1.0990   4.5532   0.1410   1.5356   1.5356   0.0257   0.0000  -0.1401  -0.5195    0.341
     3   0.7612   3.0000   1.8015   4.5523   0.1449   1.5353   1.5353   0.0257   0.0000  -0.1400  -0.5194    0.341
     4   1.4736   3.0000   2.4597   4.5495   0.1986   1.5343   1.5343   0.0259   0.0000  -0.1400  -0.5191    0.341
     5   2.3959   3.0000   3.0573   4.5430   0.1503   1.5321   1.5321   0.0263   0.0000  -0.1399  -0.5185    0.341
     6   3.5055   3.0000   3.5796   4.5310   0.1181   1.5279   1.5279   0.0269   0.0000  -0.1398  -0.5173    0.341
     7   4.7750   3.0000   4.0138   4.5115   0.4626   1.5211   1.5211   0.0280   0.0000  -0.1395  -0.5155    0.342
     8   6.1732   3.0000   4.3492   4.4818  -0.4401   1.5107   1.5107   0.0297   0.0000  -0.1392  -0.5126    0.342
     9   7.6655   3.0000   4.5775   4.4416  -0.0296   1.4968   1.4968   0.0320   0.0000  -0.1387  -0.5089    0.343
    10   9.2154   3.0000   4.6930   4.3871   0.0137   1.4778   1.4778   0.0350   0.0000  -0.1382  -0.5037    0.343
    11  10.7846   3.0000   4.6930   4.3136   0.0342   1.4523   1.4523   0.0390   0.0000  -0.1374  -0.4969    0.345
    12  12.3345   3.0000   4.5775   4.2144   0.0495   1.4179   1.4179   0.0440   0.0000  -0.1363  -0.4875    0.346
    13  13.8268   3.0000   4.3492   4.0793   0.0643   1.3711   1.3711   0.0501   0.0000  -0.1347  -0.4746    0.348
    14  15.2250   3.0000   4.0138   3.8939   0.0810   1.3072   1.3072   0.0572   0.0000  -0.1321  -0.4566    0.351
    15  16.4945   3.0000   3.5796   3.6383   0.1011   1.2195   1.2195   0.0647   0.0000  -0.1279  -0.4311    0.355
    16  17.6041   3.0000   3.0573   3.2879   0.1258   1.0998   1.0998   0.0712   0.0000  -0.1211  -0.3951    0.360
    17  18.5264   3.0000   2.4597   2.8152   0.1557   0.9395   0.9395   0.0739   0.0000  -0.1100  -0.3446    0.367
    18  19.2388   3.0000   1.8015   2.1971   0.1913   0.7312   0.7312   0.0691   0.0000  -0.0925  -0.2756    0.377
    19  19.7237   3.0000   1.0989   1.4220   0.2342   0.4719   0.4719   0.0525   0.0000  -0.0656  -0.1841    0.389
    20  19.9692   3.0000   0.3694   0.4994   0.2791   0.1654   0.1654   0.0207   0.0000  -0.0252  -0.0668    0.402

  Surface # 2     FrontWing (YDUP)                        
     # Chordwise = 12   # Spanwise = 20     First strip = 21
     Surface area =   60.000000       Ave. chord =    3.000000
     CLsurf  =   0.68218     Clsurf  =   0.15534
     CYsurf  =  -0.00000     Cmsurf  =   0.32835
     CDsurf  =   0.02108     Cnsurf  =   0.02031
     CDisurf =   0.02108     CDvsurf =   0.00000

  Forces referred to Ssurf, Cave about hinge axis thru LE
     CLsurf  =   1.36436     CDsurf  =   0.04215
     Deflect =

 Strip Forces referred to Strip Area, Chord
    j      Yle    Chord     Area     c cl      ai      cl_norm  cl       cd       cdv    cm_c/4    cm_LE  C.P.x/c
    21  -0.0308   3.0000   0.3693   4.5533   0.1417   1.5356   1.5356   0.0257   0.0000  -0.1401   0.5195    0.341
    22  -0.2763   3.0000   1.0990   4.5532   0.1410   1.5356   1.5356   0.0257   0.0000  -0.1401   0.5195    0.341
    23  -0.7612   3.0000   1.8015   4.5523   0.1449   1.5353   1.5353   0.0257   0.0000  -0.1400   0.5194    0.341
    24  -1.4736   3.0000   2.4597   4.5495   0.1986   1.5343   1.5343   0.0259   0.0000  -0.1400   0.5191    0.341
    25  -2.3959   3.0000   3.0573   4.5430   0.1503   1.5321   1.5321   0.0263   0.0000  -0.1399   0.5185    0.341
    26  -3.5055   3.0000   3.5796   4.5310   0.1181   1.5279   1.5279   0.0269   0.0000  -0.1398   0.5173    0.341
    27  -4.7750   3.0000   4.0138   4.5115   0.4626   1.5211   1.5211   0.0280   0.0000  -0.1395   0.5155    0.342
    28  -6.1732   3.0000   4.3492   4.4818  -0.4401   1.5107   1.5107   0.0297   0.0000  -0.1392   0.5126    0.342
    29  -7.6655   3.0000   4.5775   4.4416  -0.0296   1.4968   1.4968   0.0320   0.0000  -0.1387   0.5089    0.343
    30  -9.2154   3.0000   4.6930   4.3871   0.0137   1.4778   1.4778   0.0350   0.0000  -0.1382   0.5037    0.343
    31 -10.7846   3.0000   4.6930   4.3136   0.0342   1.4523   1.4523   0.0390   0.0000  -0.1374   0.4969    0.345
    32 -12.3345   3.0000   4.5775   4.2144   0.0495   1.4179   1.4179   0.0440   0.0000  -0.1363   0.4875    0.346
    33 -13.8268   3.0000   4.3492   4.0793   0.0643   1.3711   1.3711   0.0501   0.0000  -0.1347   0.4746    0.348
    34 -15.2250   3.0000   4.0138   3.8939   0.0810   1.3072   1.3072   0.0572   0.0000  -0.1321   0.4566    0.351
    35 -16.4945   3.0000   3.5796   3.6383   0.1011   1.2195   1.2195   0.0647   0.0000  -0.1279   0.4311    0.355
    36 -17.6041   3.0000   3.0573   3.2879   0.1258   1.0998   1.0998   0.0712   0.0000  -0.1211   0.3951    0.360
    37 -18.5264   3.0000   2.4597   2.8152   0.1557   0.9395   0.9395   0.0739   0.0000  -0.1100   0.3446    0.367
    38 -19.2388   3.0000   1.8015   2.1971   0.1913   0.7312   0.7312   0.0691   0.0000  -0.0925   0.2756    0.377
    39 -19.7237   3.0000   1.0989   1.4220   0.2342   0.4719   0.4719   0.0525   0.0000  -0.0656   0.1841    0.389
    40 -19.9692   3.0000   0.3694   0.4994   0.2791   0.1654   0.1654   0.0207   0.0000  -0.0252   0.0668    0.402

  Surface # 3     Second Wing2                            
     # Chordwise = 12   # Spanwise = 24     First strip = 41
     Surface area =   12.000000       Ave. chord =    2.000000
     CLsurf  =   0.11779     Clsurf  =  -0.00792
     CYsurf  =  -0.00000     Cmsurf  =  -0.32826
     CDsurf  =   0.01568     Cnsurf  =  -0.00022
     CDisurf =   0.01568     CDvsurf =   0.00000

  Forces referred to Ssurf, Cave about hinge axis thru LE
     CLsurf  =   1.17787     CDsurf  =   0.15684
     Deflect =

 Strip Forces referred to Strip Area, Chord
    j      Yle    Chord     Area     c cl      ai      cl_norm  cl       cd       cdv    cm_c/4    cm_LE  C.P.x/c
    41   0.0064   2.0000   0.0513   2.7908   0.1425   1.3880   1.3880   0.1624   0.0000  -0.1900  -0.5389    0.387
    42   0.0576   2.0000   0.1531   2.7908   0.1425   1.3880   1.3880   0.1624   0.0000  -0.1900  -0.5389    0.387
    43   0.1592   2.0000   0.2523   2.7905   0.1422   1.3878   1.3878   0.1624   0.0000  -0.1900  -0.5388    0.387
    44   0.3094   2.0000   0.3471   2.7894   0.1427   1.3872   1.3872   0.1625   0.0000  -0.1900  -0.5387    0.387
    45   0.5056   2.0000   0.4360   2.7870   0.1385   1.3860   1.3860   0.1625   0.0000  -0.1900  -0.5383    0.387
    46   0.7445   2.0000   0.5175   2.7823   0.1435   1.3836   1.3836   0.1627   0.0000  -0.1899  -0.5377    0.387
    47   1.0220   2.0000   0.5901   2.7746   0.1475   1.3796   1.3796   0.1630   0.0000  -0.1898  -0.5366    0.388
    48   1.3333   2.0000   0.6526   2.7627   0.1452   1.3735   1.3735   0.1634   0.0000  -0.1896  -0.5349    0.388
    49   1.6731   2.0000   0.7039   2.7456   0.1494   1.3648   1.3648   0.1639   0.0000  -0.1893  -0.5325    0.389
    50   2.0357   2.0000   0.7432   2.7220   0.1466   1.3526   1.3526   0.1646   0.0000  -0.1889  -0.5292    0.390
    51   2.4147   2.0000   0.7698   2.6900   0.1545   1.3363   1.3363   0.1655   0.0000  -0.1884  -0.5247    0.391
    52   2.8038   2.0000   0.7832   2.6475   0.1658   1.3145   1.3145   0.1665   0.0000  -0.1876  -0.5185    0.393
    53   3.1962   2.0000   0.7832   2.5897   0.1601   1.2850   1.2850   0.1674   0.0000  -0.1863  -0.5100    0.395
    54   3.5853   2.0000   0.7698   2.5061   0.1627   1.2426   1.2426   0.1678   0.0000  -0.1839  -0.4971    0.398
    55   3.9643   2.0000   0.7432   2.3806   0.1068   1.1792   1.1792   0.1661   0.0000  -0.1794  -0.4770    0.402
    56   4.3269   2.0000   0.7039   2.2315   0.2147   1.1041   1.1041   0.1629   0.0000  -0.1737  -0.4526    0.407
    57   4.6667   2.0000   0.6526   2.0808   0.2222   1.0282   1.0282   0.1595   0.0000  -0.1678  -0.4279    0.413
    58   4.9780   2.0000   0.5901   1.9122   0.2392   0.9436   0.9436   0.1542   0.0000  -0.1604  -0.3994    0.420
    59   5.2555   2.0000   0.5175   1.7148   0.2657   0.8450   0.8450   0.1455   0.0000  -0.1501  -0.3645    0.428
    60   5.4944   2.0000   0.4360   1.4826   0.2077   0.7294   0.7294   0.1323   0.0000  -0.1357  -0.3210    0.436
    61   5.6906   2.0000   0.3471   1.2119   0.2921   0.5953   0.5953   0.1136   0.0000  -0.1158  -0.2673    0.445
    62   5.8408   2.0000   0.2523   0.9021   0.3203   0.4424   0.4424   0.0886   0.0000  -0.0894  -0.2021    0.452
    63   5.9424   2.0000   0.1531   0.5576   0.3410   0.2731   0.2731   0.0572   0.0000  -0.0566  -0.1263    0.457
    64   5.9936   2.0000   0.0513   0.1888   0.3529   0.0923   0.0923   0.0201   0.0000  -0.0194  -0.0430    0.460

  Surface # 4     Second Wing2 (YDUP)                     
     # Chordwise = 12   # Spanwise = 24     First strip = 65
     Surface area =   12.000000       Ave. chord =    2.000000
     CLsurf  =   0.11779     Clsurf  =   0.00792
     CYsurf  =   0.00000     Cmsurf  =  -0.32826
     CDsurf  =   0.01568     Cnsurf  =   0.00022
     CDisurf =   0.01568     CDvsurf =   0.00000

  Forces referred to Ssurf, Cave about hinge axis thru LE
     CLsurf  =   1.17787     CDsurf  =   0.15684
     Deflect =

 Strip Forces referred to Strip Area, Chord
    j      Yle    Chord     Area     c cl      ai      cl_norm  cl       cd       cdv    cm_c/4    cm_LE  C.P.x/c
    65  -0.0064   2.0000   0.0513   2.7908   0.1425   1.3880   1.3880   0.1624   0.0000  -0.1900   0.5389    0.387
    66  -0.0576   2.0000   0.1531   2.7908   0.1425   1.3880   1.3880   0.1624   0.0000  -0.1900   0.5389    0.387
    67  -0.1592   2.0000   0.2523   2.7905   0.1422   1.3878   1.3878   0.1624   0.0000  -0.1900   0.5388    0.387
    68  -0.3094   2.0000   0.3471   2.7894   0.1427   1.3872   1.3872   0.1625   0.0000  -0.1900   0.5387    0.387
    69  -0.5056   2.0000   0.4360   2.7870   0.1385   1.3860   1.3860   0.1625   0.0000  -0.1900   0.5383    0.387
    70  -0.7445   2.0000   0.5175   2.7823   0.1435   1.3836   1.3836   0.1627   0.0000  -0.1899   0.5377    0.387
    71  -1.0220   2.0000   0.5901   2.7746   0.1475   1.3796   1.3796   0.1630   0.0000  -0.1898   0.5366    0.388
    72  -1.3333   2.0000   0.6526   2.7627   0.1452   1.3735   1.3735   0.1634   0.0000  -0.1896   0.5349    0.388
    73  -1.6731   2.0000   0.7039   2.7456   0.1494   1.3648   1.3648   0.1639   0.0000  -0.1893   0.5325    0.389
    74  -2.0357   2.0000   0.7432   2.7220   0.1466   1.3526   1.3526   0.1646   0.0000  -0.1889   0.5292    0.390
    75  -2.4147   2.0000   0.7698   2.6900   0.1545   1.3363   1.3363   0.1655   0.0000  -0.1884   0.5247    0.391
    76  -2.8038   2.0000   0.7832   2.6475   0.1658   1.3145   1.3145   0.1665   0.0000  -0.1876   0.5185    0.393
    77  -3.1962   2.0000   0.7832   2.5897   0.1601   1.2850   1.2850   0.1674   0.0000  -0.1863   0.5100    0.395
    78  -3.5853   2.0000   0.7698   2.5061   0.1627   1.2426   1.2426   0.1678   0.0000  -0.1839   0.4971    0.398
    79  -3.9643   2.0000   0.7432   2.3806   0.1068   1.1792   1.1792   0.1661   0.0000  -0.1794   0.4770    0.402
    80  -4.3269   2.0000   0.7039   2.2315   0.2147   1.1041   1.1041   0.1629   0.0000  -0.1737   0.4526    0.407
    81  -4.6667   2.0000   0.6526   2.0808   0.2222   1.0282   1.0282   0.1595   0.0000  -0.1678   0.4279    0.413
    82  -4.9780   2.0000   0.5901   1.9122   0.2392   0.9436   0.9436   0.1542   0.0000  -0.1604   0.3994    0.420
    83  -5.2555   2.0000   0.5175   1.7148   0.2657   0.8450   0.8450   0.1455   0.0000  -0.1501   0.3645    0.428
    84  -5.4944   2.0000   0.4360   1.4826   0.2077   0.7294   0.7294   0.1323   0.0000  -0.1357   0.3210    0.436
    85  -5.6906   2.0000   0.3471   1.2119   0.2921   0.5953   0.5953   0.1136   0.0000  -0.1158   0.2673    0.445
    86  -5.8408   2.0000   0.2523   0.9021   0.3203   0.4424   0.4424   0.0886   0.0000  -0.0894   0.2021    0.452
    87  -5.9424   2.0000   0.1531   0.5576   0.3410   0.2731   0.2731   0.0572   0.0000  -0.0566   0.1263    0.457
    88  -5.9936   2.0000   0.0513   0.1888   0.3529   0.0923   0.0923   0.0201   0.0000  -0.0194   0.0430    0.460

  Surface # 5     Fin                                     
     # Chordwise = 12   # Spanwise = 12     First strip = 89
     Surface area =    4.000000       Ave. chord =    1.600000
     CLsurf  =   0.00003     Clsurf  =  -0.00011
     CYsurf  =  -0.00398     Cmsurf  =  -0.00008
     CDsurf  =  -0.00006     Cnsurf  =   0.00082
     CDisurf =  -0.00006     CDvsurf =   0.00000

  Forces referred to Ssurf, Cave about hinge axis thru LE
     CLsurf  =   0.11935     CDsurf  =  -0.00177
     Deflect =

 Strip Forces referred to Strip Area, Chord
    j      Yle    Chord     Area     c cl      ai      cl_norm  cl       cd       cdv    cm_c/4    cm_LE  C.P.x/c
    89   4.0000   1.9966   0.0850   0.0199  -0.0142   0.0118   0.0100   0.0000   0.0000  -0.0009  -0.0035    0.335
    90   4.0000   1.9696   0.2459   0.0672  -0.0620   0.0404   0.0341  -0.0001   0.0000  -0.0027  -0.0118    0.329
    91   4.0000   1.9173   0.3809   0.1301  -0.0652   0.0804   0.0679  -0.0003   0.0000  -0.0046  -0.0227    0.318
    92   4.0000   1.8435   0.4773   0.1950  -0.0495   0.1253   0.1058  -0.0008   0.0000  -0.0058  -0.0341    0.305
    93   4.0000   1.7531   0.5285   0.2395  -0.0421   0.1619   0.1366  -0.0015   0.0000  -0.0057  -0.0424    0.292
    94   4.0000   1.6522   0.5345   0.2563  -0.0396   0.1838   0.1551  -0.0023   0.0000  -0.0046  -0.0465    0.280
    95   4.0000   1.5478   0.5007   0.2491  -0.0381   0.1907   0.1609  -0.0028   0.0000  -0.0029  -0.0466    0.268
    96   4.0000   1.4469   0.4362   0.2242  -0.0361   0.1836   0.1550  -0.0030   0.0000  -0.0009  -0.0432    0.256
    97   4.0000   1.3565   0.3512   0.1869  -0.0335   0.1633   0.1378  -0.0028   0.0000   0.0011  -0.0367    0.242
    98   4.0000   1.2827   0.2548   0.1405  -0.0306   0.1298   0.1096  -0.0023   0.0000   0.0028  -0.0275    0.225
    99   4.0000   1.2304   0.1537   0.0874  -0.0281   0.0842   0.0710  -0.0015   0.0000   0.0031  -0.0167    0.206
   100   4.0000   1.2034   0.0513   0.0297  -0.0263   0.0293   0.0247  -0.0005   0.0000   0.0014  -0.0055    0.193

  Surface # 6     Fin (YDUP)                              
     # Chordwise = 12   # Spanwise = 12     First strip =101
     Surface area =    4.000000       Ave. chord =    1.600000
     CLsurf  =   0.00003     Clsurf  =   0.00011
     CYsurf  =   0.00398     Cmsurf  =  -0.00008
     CDsurf  =  -0.00006     Cnsurf  =  -0.00082
     CDisurf =  -0.00006     CDvsurf =   0.00000

  Forces referred to Ssurf, Cave about hinge axis thru LE
     CLsurf  =   0.11935     CDsurf  =  -0.00177
     Deflect =

 Strip Forces referred to Strip Area, Chord
    j      Yle    Chord     Area     c cl      ai      cl_norm  cl       cd       cdv    cm_c/4    cm_LE  C.P.x/c
   101  -4.0000   1.9966   0.0850   0.0199  -0.0142   0.0118   0.0100   0.0000   0.0000  -0.0009   0.0035    0.335
   102  -4.0000   1.9696   0.2459   0.0672  -0.0620   0.0404   0.0341  -0.0001   0.0000  -0.0027   0.0118    0.329
   103  -4.0000   1.9173   0.3809   0.1301  -0.0652   0.0804   0.0679  -0.0003   0.0000  -0.0046   0.0227    0.318
   104  -4.0000   1.8435   0.4773   0.1950  -0.0495   0.1253   0.1058  -0.0008   0.0000  -0.0058   0.0341    0.305
   105  -4.0000   1.7531   0.5285   0.2395  -0.0421   0.1619   0.1366  -0.0015   0.0000  -0.0057   0.0424    0.292
   106  -4.0000   1.6522   0.5345   0.2563  -0.0396   0.1838   0.1551  -0.0023   0.0000  -0.0046   0.0465    0.280
   107  -4.0000   1.5478   0.5007   0.2491  -0.0381   0.1907   0.1609  -0.0028   0.0000  -0.0029   0.0466    0.268
   108  -4.0000   1.4469   0.4362   0.2242  -0.0361   0.1836   0.1550  -0.0030   0.0000  -0.0009   0.0432    0.256
   109  -4.0000   1.3565   0.3512   0.1869  -0.0335   0.1633   0.1378  -0.0028   0.0000   0.0011   0.0367    0.242
   110  -4.0000   1.2827   0.2548   0.1405  -0.0306   0.1298   0.1096  -0.0023   0.0000   0.0028   0.0275    0.225
   111  -4.0000   1.2304   0.1537   0.0874  -0.0281   0.0842   0.0710  -0.0015   0.0000   0.0031   0.0167    0.206
   112  -4.0000   1.2034   0.0513   0.0297  -0.0263   0.0293   0.0247  -0.0005   0.0000   0.0014   0.0055    0.193
 ---------------------------------------------------------------
