 ---------------------------------------------------------------
 Surface and Strip Forces by surface

  Forces referred to Sref, Cref, Bref about Xref, Yref, Zref
 Standard axis orientation,  X fwd, Z down         

  Surface # 1     FrontWing                               
     # Chordwise = 12   # Spanwise = 20     First strip =  1
     Surface area =   60.000000       Ave. chord =    3.000000
     CLsurf  =   0.22822     Clsurf  =  -0.05301
     CYsurf  =  -0.00000     Cmsurf  =   0.06351
     CDsurf  =   0.00258     Cnsurf  =   0.00114
     CDisurf =   0.00258     CDvsurf =   0.00000

  Forces referred to Ssurf, Cave about hinge axis thru LE
     CLsurf  =   0.45644     CDsurf  =   0.00515
     Deflect =

 Strip Forces referred to Strip Area, Chord
    j      Yle    Chord     Area     c cl      ai      cl_norm  cl       cd       cdv    cm_c/4    cm_LE  C.P.x/c
     1   0.0308   3.0000   0.3693   1.5144   0.0312   0.5048   0.5048   0.0032   0.0000  -0.1435  -0.2697    0.534
     2   0.2763   3.0000   1.0990   1.5144   0.0311   0.5048   0.5048   0.0032   0.0000  -0.1435  -0.2697    0.534
     3   0.7612   3.0000   1.8015   1.5142   0.0317   0.5048   0.5048   0.0032   0.0000  -0.1435  -0.2696    0.534
     4   1.4736   3.0000   2.4597   1.5134   0.0403   0.5045   0.5045   0.0032   0.0000  -0.1435  -0.2696    0.534
     5   2.3959   3.0000   3.0573   1.5117   0.0328   0.5039   0.5039   0.0032   0.0000  -0.1434  -0.2694    0.535
     6   3.5055   3.0000   3.5796   1.5086   0.0285   0.5029   0.5029   0.0033   0.0000  -0.1434  -0.2691    0.535
     7   4.7750   3.0000   4.0138   1.5034   0.0856   0.5012   0.5012   0.0034   0.0000  -0.1434  -0.2686    0.536
     8   6.1732   3.0000   4.3492   1.4955  -0.0790   0.4985   0.4985   0.0036   0.0000  -0.1433  -0.2679    0.537
     9   7.6655   3.0000   4.5775   1.4843   0.0016   0.4948   0.4948   0.0038   0.0000  -0.1432  -0.2669    0.539
    10   9.2154   3.0000   4.6930   1.4688   0.0103   0.4896   0.4896   0.0041   0.0000  -0.1430  -0.2654    0.542
    11  10.7846   3.0000   4.6930   1.4476   0.0148   0.4826   0.4826   0.0046   0.0000  -0.1428  -0.2634    0.546
    12  12.3345   3.0000   4.5775   1.4185   0.0187   0.4729   0.4729   0.0051   0.0000  -0.1425  -0.2607    0.551
    13  13.8268   3.0000   4.3492   1.3789   0.0230   0.4597   0.4597   0.0058   0.0000  -0.1420  -0.2569    0.559
    14  15.2250   3.0000   4.0138   1.3247   0.0282   0.4416   0.4416   0.0067   0.0000  -0.1411  -0.2515    0.569
    15  16.4945   3.0000   3.5796   1.2505   0.0351   0.4169   0.4169   0.0078   0.0000  -0.1395  -0.2437    0.585
    16  17.6041   3.0000   3.0573   1.1487   0.0448   0.3830   0.3830   0.0088   0.0000  -0.1363  -0.2320    0.606
    17  18.5264   3.0000   2.4597   1.0093   0.0590   0.3365   0.3365   0.0096   0.0000  -0.1295  -0.2136    0.635
    18  19.2388   3.0000   1.8015   0.8176   0.0804   0.2726   0.2726   0.0097   0.0000  -0.1147  -0.1828    0.671
    19  19.7237   3.0000   1.0989   0.5543   0.1126   0.1848   0.1848   0.0082   0.0000  -0.0851  -0.1313    0.710
    20  19.9692   3.0000   0.3694   0.2031   0.1512   0.0677   0.0677   0.0038   0.0000  -0.0334  -0.0503    0.743

  Surface # 2     FrontWing (YDUP)                        
     # Chordwise = 12   # Spanwise = 20     First strip = 21
     Surface area =   60.000000       Ave. chord =    3.000000
     CLsurf  =   0.22822     Clsurf  =   0.05301
     CYsurf  =  -0.00000     Cmsurf  =   0.06351
     CDsurf  =   0.00258     Cnsurf  =  -0.00114
     CDisurf =   0.00258     CDvsurf =   0.00000

  Forces referred to Ssurf, Cave about hinge axis thru LE
     CLsurf  =   0.45644     CDsurf  =   0.00515
     Deflect =

 Strip Forces referred to Strip Area, Chord
    j      Yle    Chord     Area     c cl      ai      cl_norm  cl       cd       cdv    cm_c/4    cm_LE  C.P.x/c
    21  -0.0308   3.0000   0.3693   1.5144   0.0312   0.5048   0.5048   0.0032   0.0000  -0.1435   0.2697    0.534
    22  -0.2763   3.0000   1.0990   1.5144   0.0311   0.5048   0.5048   0.0032   0.0000  -0.1435   0.2697    0.534
    23  -0.7612   3.0000   1.8015   1.5142   0.0317   0.5048   0.5048   0.0032   0.0000  -0.1435   0.2696    0.534
    24  -1.4736   3.0000   2.4597   1.5134   0.0403   0.5045   0.5045   0.0032   0.0000  -0.1435   0.2696    0.534
    25  -2.3959   3.0000   3.0573   1.5117   0.0328   0.5039   0.5039   0.0032   0.0000  -0.1434   0.2694    0.535
    26  -3.5055   3.0000   3.5796   1.5086   0.0285   0.5029   0.5029   0.0033   0.0000  -0.1434   0.2691    0.535
    27  -4.7750   3.0000   4.0138   1.5034   0.0856   0.5012   0.5012   0.0034   0.0000  -0.1434   0.2686    0.536
    28  -6.1732   3.0000   4.3492   1.4955  -0.0790   0.4985   0.4985   0.0036   0.0000  -0.1433   0.2679    0.537
    29  -7.6655   3.0000   4.5775   1.4843   0.0016   0.4948   0.4948   0.0038   0.0000  -0.1432   0.2669    0.539
    30  -9.2154   3.0000   4.6930   1.4688   0.0103   0.4896   0.4896   0.0041   0.0000  -0.1430   0.2654    0.542
    31 -10.7846   3.0000   4.6930   1.4476   0.0148   0.4826   0.4826   0.0046   0.0000  -0.1428   0.2634    0.546
    32 -12.3345   3.0000   4.5775   1.4185   0.0187   0.4729   0.4729   0.0051   0.0000  -0.1425   0.2607    0.551
    33 -13.8268   3.0000   4.3492   1.3789   0.0230   0.4597   0.4597   0.0058   0.0000  -0.1420   0.2569    0.559
    34 -15.2250   3.0000   4.0138   1.3247   0.0282   0.4416   0.4416   0.0067   0.0000  -0.1411   0.2515    0.569
    35 -16.4945   3.0000   3.5796   1.2505   0.0351   0.4169   0.4169   0.0078   0.0000  -0.1395   0.2437    0.585
    36 -17.6041   3.0000   3.0573   1.1487   0.0448   0.3830   0.3830   0.0088   0.0000  -0.1363   0.2320    0.606
    37 -18.5264   3.0000   2.4597   1.0093   0.0590   0.3365   0.3365   0.0096   0.0000  -0.1295   0.2136    0.635
    38 -19.2388   3.0000   1.8015   0.8176   0.0804   0.2726   0.2726   0.0097   0.0000  -0.1147   0.1828    0.671
    39 -19.7237   3.0000   1.0989   0.5543   0.1126   0.1848   0.1848   0.0082   0.0000  -0.0851   0.1313    0.710
    40 -19.9692   3.0000   0.3694   0.2031   0.1512   0.0677   0.0677   0.0038   0.0000  -0.0334   0.0503    0.743

  Surface # 3     Second Wing2                            
     # Chordwise = 12   # Spanwise = 24     First strip = 41
     Surface area =   12.000000       Ave. chord =    2.000000
     CLsurf  =   0.02178     Clsurf  =  -0.00147
     CYsurf  =   0.00000     Cmsurf  =  -0.06351
     CDsurf  =   0.00074     Cnsurf  =   0.00006
     CDisurf =   0.00074     CDvsurf =   0.00000

  Forces referred to Ssurf, Cave about hinge axis thru LE
     CLsurf  =   0.21779     CDsurf  =   0.00738
     Deflect =

 Strip Forces referred to Strip Area, Chord
    j      Yle    Chord     Area     c cl      ai      cl_norm  cl       cd       cdv    cm_c/4    cm_LE  C.P.x/c
    41   0.0064   2.0000   0.0513   0.5028   0.0313   0.2514   0.2514   0.0077   0.0000  -0.0867  -0.1495    0.595
    42   0.0576   2.0000   0.1531   0.5027   0.0313   0.2514   0.2514   0.0077   0.0000  -0.0867  -0.1495    0.595
    43   0.1592   2.0000   0.2523   0.5027   0.0312   0.2514   0.2514   0.0077   0.0000  -0.0867  -0.1495    0.595
    44   0.3094   2.0000   0.3471   0.5025   0.0313   0.2513   0.2513   0.0077   0.0000  -0.0867  -0.1495    0.595
    45   0.5056   2.0000   0.4360   0.5021   0.0302   0.2511   0.2511   0.0077   0.0000  -0.0867  -0.1494    0.595
    46   0.7445   2.0000   0.5175   0.5013   0.0315   0.2507   0.2507   0.0077   0.0000  -0.0867  -0.1493    0.596
    47   1.0220   2.0000   0.5901   0.5000   0.0324   0.2501   0.2501   0.0077   0.0000  -0.0866  -0.1491    0.596
    48   1.3333   2.0000   0.6526   0.4981   0.0317   0.2491   0.2491   0.0077   0.0000  -0.0866  -0.1489    0.598
    49   1.6731   2.0000   0.7039   0.4952   0.0326   0.2477   0.2477   0.0077   0.0000  -0.0865  -0.1484    0.599
    50   2.0357   2.0000   0.7432   0.4913   0.0317   0.2457   0.2457   0.0077   0.0000  -0.0865  -0.1479    0.602
    51   2.4147   2.0000   0.7698   0.4860   0.0335   0.2431   0.2431   0.0077   0.0000  -0.0864  -0.1471    0.605
    52   2.8038   2.0000   0.7832   0.4791   0.0361   0.2396   0.2396   0.0077   0.0000  -0.0862  -0.1461    0.610
    53   3.1962   2.0000   0.7832   0.4698   0.0344   0.2350   0.2350   0.0077   0.0000  -0.0859  -0.1447    0.616
    54   3.5853   2.0000   0.7698   0.4568   0.0355   0.2285   0.2285   0.0077   0.0000  -0.0855  -0.1426    0.624
    55   3.9643   2.0000   0.7432   0.4380   0.0279   0.2190   0.2190   0.0077   0.0000  -0.0846  -0.1393    0.636
    56   4.3269   2.0000   0.7039   0.4155   0.0444   0.2078   0.2078   0.0076   0.0000  -0.0833  -0.1353    0.651
    57   4.6667   2.0000   0.6526   0.3920   0.0473   0.1961   0.1961   0.0075   0.0000  -0.0817  -0.1307    0.667
    58   4.9780   2.0000   0.5901   0.3651   0.0522   0.1826   0.1826   0.0073   0.0000  -0.0793  -0.1249    0.684
    59   5.2555   2.0000   0.5175   0.3327   0.0598   0.1664   0.1664   0.0070   0.0000  -0.0754  -0.1170    0.703
    60   5.4944   2.0000   0.4360   0.2931   0.0458   0.1466   0.1466   0.0065   0.0000  -0.0693  -0.1059    0.723
    61   5.6906   2.0000   0.3471   0.2444   0.0701   0.1222   0.1222   0.0057   0.0000  -0.0601  -0.0907    0.742
    62   5.8408   2.0000   0.2523   0.1852   0.0798   0.0926   0.0926   0.0045   0.0000  -0.0471  -0.0703    0.759
    63   5.9424   2.0000   0.1531   0.1161   0.0872   0.0581   0.0581   0.0029   0.0000  -0.0302  -0.0448    0.771
    64   5.9936   2.0000   0.0513   0.0396   0.0915   0.0198   0.0198   0.0010   0.0000  -0.0105  -0.0154    0.778

  Surface # 4     Second Wing2 (YDUP)                     
     # Chordwise = 12   # Spanwise = 24     First strip = 65
     Surface area =   12.000000       Ave. chord =    2.000000
     CLsurf  =   0.02178     Clsurf  =   0.00147
     CYsurf  =   0.00000     Cmsurf  =  -0.06351
     CDsurf  =   0.00074     Cnsurf  =  -0.00006
     CDisurf =   0.00074     CDvsurf =   0.00000

  Forces referred to Ssurf, Cave about hinge axis thru LE
     CLsurf  =   0.21779     CDsurf  =   0.00738
     Deflect =

 Strip Forces referred to Strip Area, Chord
    j      Yle    Chord     Area     c cl      ai      cl_norm  cl       cd       cdv    cm_c/4    cm_LE  C.P.x/c
    65  -0.0064   2.0000   0.0513   0.5028   0.0313   0.2514   0.2514   0.0077   0.0000  -0.0867   0.1495    0.595
    66  -0.0576   2.0000   0.1531   0.5027   0.0313   0.2514   0.2514   0.0077   0.0000  -0.0867   0.1495    0.595
    67  -0.1592   2.0000   0.2523   0.5027   0.0312   0.2514   0.2514   0.0077   0.0000  -0.0867   0.1495    0.595
    68  -0.3094   2.0000   0.3471   0.5025   0.0313   0.2513   0.2513   0.0077   0.0000  -0.0867   0.1495    0.595
    69  -0.5056   2.0000   0.4360   0.5021   0.0302   0.2511   0.2511   0.0077   0.0000  -0.0867   0.1494    0.595
    70  -0.7445   2.0000   0.5175   0.5013   0.0315   0.2507   0.2507   0.0077   0.0000  -0.0867   0.1493    0.596
    71  -1.0220   2.0000   0.5901   0.5000   0.0324   0.2501   0.2501   0.0077   0.0000  -0.0866   0.1491    0.596
    72  -1.3333   2.0000   0.6526   0.4981   0.0317   0.2491   0.2491   0.0077   0.0000  -0.0866   0.1489    0.598
    73  -1.6731   2.0000   0.7039   0.4952   0.0326   0.2477   0.2477   0.0077   0.0000  -0.0865   0.1484    0.599
    74  -2.0357   2.0000   0.7432   0.4913   0.0317   0.2457   0.2457   0.0077   0.0000  -0.0865   0.1479    0.602
    75  -2.4147   2.0000   0.7698   0.4860   0.0335   0.2431   0.2431   0.0077   0.0000  -0.0864   0.1471    0.605
    76  -2.8038   2.0000   0.7832   0.4791   0.0361   0.2396   0.2396   0.0077   0.0000  -0.0862   0.1461    0.610
    77  -3.1962   2.0000   0.7832   0.4698   0.0344   0.2350   0.2350   0.0077   0.0000  -0.0859   0.1447    0.616
    78  -3.5853   2.0000   0.7698   0.4568   0.0355   0.2285   0.2285   0.0077   0.0000  -0.0855   0.1426    0.624
    79  -3.9643   2.0000   0.7432   0.4380   0.0279   0.2190   0.2190   0.0077   0.0000  -0.0846   0.1393    0.636
    80  -4.3269   2.0000   0.7039   0.4155   0.0444   0.2078   0.2078   0.0076   0.0000  -0.0833   0.1353    0.651
    81  -4.6667   2.0000   0.6526   0.3920   0.0473   0.1961   0.1961   0.0075   0.0000  -0.0817   0.1307    0.667
    82  -4.9780   2.0000   0.5901   0.3651   0.0522   0.1826   0.1826   0.0073   0.0000  -0.0793   0.1249    0.684
    83  -5.2555   2.0000   0.5175   0.3327   0.0598   0.1664   0.1664   0.0070   0.0000  -0.0754   0.1170    0.703
    84  -5.4944   2.0000   0.4360   0.2931   0.0458   0.1466   0.1466   0.0065   0.0000  -0.0693   0.1059    0.723
    85  -5.6906   2.0000   0.3471   0.2444   0.0701   0.1222   0.1222   0.0057   0.0000  -0.0601   0.0907    0.742
    86  -5.8408   2.0000   0.2523   0.1852   0.0798   0.0926   0.0926   0.0045   0.0000  -0.0471   0.0703    0.759
    87  -5.9424   2.0000   0.1531   0.1161   0.0872   0.0581   0.0581   0.0029   0.0000  -0.0302   0.0448    0.771
    88  -5.9936   2.0000   0.0513   0.0396   0.0915   0.0198   0.0198   0.0010   0.0000  -0.0105   0.0154    0.778

  Surface # 5     Fin                                     
     # Chordwise = 12   # Spanwise = 12     First strip = 89
     Surface area =    4.000000       Ave. chord =    1.600000
     CLsurf  =   0.00000     Clsurf  =  -0.00002
     CYsurf  =  -0.00061     Cmsurf  =  -0.00000
     CDsurf  =  -0.00000     Cnsurf  =   0.00013
     CDisurf =  -0.00000     CDvsurf =   0.00000

  Forces referred to Ssurf, Cave about hinge axis thru LE
     CLsurf  =   0.01821     CDsurf  =  -0.00005
     Deflect =

 Strip Forces referred to Strip Area, Chord
    j      Yle    Chord     Area     c cl      ai      cl_norm  cl       cd       cdv    cm_c/4    cm_LE  C.P.x/c
    89   4.0000   1.9966   0.0850   0.0032  -0.0024   0.0017   0.0016   0.0000   0.0000  -0.0002  -0.0005    0.345
    90   4.0000   1.9696   0.2459   0.0105  -0.0105   0.0056   0.0053  -0.0000   0.0000  -0.0005  -0.0017    0.342
    91   4.0000   1.9173   0.3809   0.0196  -0.0111   0.0108   0.0102  -0.0000   0.0000  -0.0009  -0.0032    0.333
    92   4.0000   1.8435   0.4773   0.0288  -0.0088   0.0165   0.0156  -0.0000   0.0000  -0.0011  -0.0048    0.321
    93   4.0000   1.7531   0.5285   0.0355  -0.0078   0.0213   0.0202  -0.0000   0.0000  -0.0012  -0.0059    0.307
    94   4.0000   1.6522   0.5345   0.0385  -0.0075   0.0246   0.0233  -0.0001   0.0000  -0.0010  -0.0065    0.293
    95   4.0000   1.5478   0.5007   0.0381  -0.0073   0.0259   0.0246  -0.0001   0.0000  -0.0007  -0.0065    0.279
    96   4.0000   1.4469   0.4362   0.0349  -0.0070   0.0254   0.0241  -0.0001   0.0000  -0.0003  -0.0060    0.264
    97   4.0000   1.3565   0.3512   0.0295  -0.0065   0.0229   0.0217  -0.0001   0.0000   0.0000  -0.0051    0.249
    98   4.0000   1.2827   0.2548   0.0224  -0.0060   0.0184   0.0175  -0.0001   0.0000   0.0003  -0.0038    0.231
    99   4.0000   1.2304   0.1537   0.0140  -0.0055   0.0120   0.0114  -0.0000   0.0000   0.0004  -0.0023    0.212
   100   4.0000   1.2034   0.0513   0.0048  -0.0052   0.0042   0.0040  -0.0000   0.0000   0.0002  -0.0007    0.198

  Surface # 6     Fin (YDUP)                              
     # Chordwise = 12   # Spanwise = 12     First strip =101
     Surface area =    4.000000       Ave. chord =    1.600000
     CLsurf  =   0.00000     Clsurf  =   0.00002
     CYsurf  =   0.00061     Cmsurf  =  -0.00000
     CDsurf  =  -0.00000     Cnsurf  =  -0.00013
     CDisurf =  -0.00000     CDvsurf =   0.00000

  Forces referred to Ssurf, Cave about hinge axis thru LE
     CLsurf  =   0.01821     CDsurf  =  -0.00005
     Deflect =

 Strip Forces referred to Strip Area, Chord
    j      Yle    Chord     Area     c cl      ai      cl_norm  cl       cd       cdv    cm_c/4    cm_LE  C.P.x/c
   101  -4.0000   1.9966   0.0850   0.0032  -0.0024   0.0017   0.0016   0.0000   0.0000  -0.0002   0.0005    0.345
   102  -4.0000   1.9696   0.2459   0.0105  -0.0105   0.0056   0.0053  -0.0000   0.0000  -0.0005   0.0017    0.342
   103  -4.0000   1.9173   0.3809   0.0196  -0.0111   0.0108   0.0102  -0.0000   0.0000  -0.0009   0.0032    0.333
   104  -4.0000   1.8435   0.4773   0.0288  -0.0088   0.0165   0.0156  -0.0000   0.0000  -0.0011   0.0048    0.321
   105  -4.0000   1.7531   0.5285   0.0355  -0.0078   0.0213   0.0202  -0.0000   0.0000  -0.0012   0.0059    0.307
   106  -4.0000   1.6522   0.5345   0.0385  -0.0075   0.0246   0.0233  -0.0001   0.0000  -0.0010   0.0065    0.293
   107  -4.0000   1.5478   0.5007   0.0381  -0.0073   0.0259   0.0246  -0.0001   0.0000  -0.0007   0.0065    0.279
   108  -4.0000   1.4469   0.4362   0.0349  -0.0070   0.0254   0.0241  -0.0001   0.0000  -0.0003   0.0060    0.264
   109  -4.0000   1.3565   0.3512   0.0295  -0.0065   0.0229   0.0217  -0.0001   0.0000   0.0000   0.0051    0.249
   110  -4.0000   1.2827   0.2548   0.0224  -0.0060   0.0184   0.0175  -0.0001   0.0000   0.0003   0.0038    0.231
   111  -4.0000   1.2304   0.1537   0.0140  -0.0055   0.0120   0.0114  -0.0000   0.0000   0.0004   0.0023    0.212
   112  -4.0000   1.2034   0.0513   0.0048  -0.0052   0.0042   0.0040  -0.0000   0.0000   0.0002   0.0007    0.198
 ---------------------------------------------------------------
