 ---------------------------------------------------------------
 Surface and Strip Forces by surface

  Forces referred to Sref, Cref, Bref about Xref, Yref, Zref
 Standard axis orientation,  X fwd, Z down         

  Surface # 1     FrontWing                               
     # Chordwise = 12   # Spanwise = 20     First strip =  1
     Surface area =   60.000000       Ave. chord =    3.000000
     CLsurf  =   0.14590     Clsurf  =  -0.03416
     CYsurf  =  -0.00000     Cmsurf  =   0.01521
     CDsurf  =   0.00114     Cnsurf  =   0.00166
     CDisurf =   0.00114     CDvsurf =   0.00000

  Forces referred to Ssurf, Cave about hinge axis thru LE
     CLsurf  =   0.29180     CDsurf  =   0.00228
     Deflect =

 Strip Forces referred to Strip Area, Chord
    j      Yle    Chord     Area     c cl      ai      cl_norm  cl       cd       cdv    cm_c/4    cm_LE  C.P.x/c
     1   0.0308   3.0000   0.3693   0.9550   0.0113   0.3186   0.3186   0.0014   0.0000  -0.1431  -0.2227    0.699
     2   0.2763   3.0000   1.0990   0.9550   0.0113   0.3186   0.3186   0.0014   0.0000  -0.1431  -0.2227    0.699
     3   0.7612   3.0000   1.8015   0.9549   0.0114   0.3186   0.3186   0.0014   0.0000  -0.1431  -0.2227    0.699
     4   1.4736   3.0000   2.4597   0.9546   0.0119   0.3185   0.3185   0.0014   0.0000  -0.1431  -0.2227    0.699
     5   2.3959   3.0000   3.0573   0.9538   0.0118   0.3182   0.3182   0.0014   0.0000  -0.1431  -0.2226    0.700
     6   3.5055   3.0000   3.5796   0.9522   0.0124   0.3177   0.3177   0.0015   0.0000  -0.1431  -0.2225    0.701
     7   4.7750   3.0000   4.0138   0.9497   0.0180   0.3168   0.3168   0.0015   0.0000  -0.1431  -0.2222    0.702
     8   6.1732   3.0000   4.3492   0.9457  -0.0143   0.3155   0.3155   0.0016   0.0000  -0.1431  -0.2219    0.703
     9   7.6655   3.0000   4.5775   0.9398   0.0072   0.3136   0.3136   0.0016   0.0000  -0.1430  -0.2213    0.706
    10   9.2154   3.0000   4.6930   0.9315   0.0096   0.3108   0.3108   0.0018   0.0000  -0.1430  -0.2206    0.710
    11  10.7846   3.0000   4.6930   0.9198   0.0113   0.3069   0.3069   0.0019   0.0000  -0.1428  -0.2195    0.715
    12  12.3345   3.0000   4.5775   0.9037   0.0132   0.3015   0.3015   0.0022   0.0000  -0.1427  -0.2180    0.723
    13  13.8268   3.0000   4.3492   0.8816   0.0155   0.2942   0.2942   0.0024   0.0000  -0.1423  -0.2158    0.734
    14  15.2250   3.0000   4.0138   0.8515   0.0187   0.2841   0.2841   0.0028   0.0000  -0.1418  -0.2127    0.749
    15  16.4945   3.0000   3.5796   0.8105   0.0232   0.2705   0.2705   0.0033   0.0000  -0.1407  -0.2082    0.770
    16  17.6041   3.0000   3.0573   0.7544   0.0302   0.2518   0.2518   0.0039   0.0000  -0.1382  -0.2010    0.799
    17  18.5264   3.0000   2.4597   0.6761   0.0416   0.2257   0.2257   0.0045   0.0000  -0.1322  -0.1885    0.836
    18  19.2388   3.0000   1.8015   0.5628   0.0604   0.1879   0.1879   0.0049   0.0000  -0.1180  -0.1649    0.878
    19  19.7237   3.0000   1.0989   0.3938   0.0905   0.1315   0.1315   0.0047   0.0000  -0.0880  -0.1208    0.919
    20  19.9692   3.0000   0.3694   0.1481   0.1279   0.0495   0.0495   0.0027   0.0000  -0.0347  -0.0470    0.950

  Surface # 2     FrontWing (YDUP)                        
     # Chordwise = 12   # Spanwise = 20     First strip = 21
     Surface area =   60.000000       Ave. chord =    3.000000
     CLsurf  =   0.14590     Clsurf  =   0.03416
     CYsurf  =   0.00000     Cmsurf  =   0.01521
     CDsurf  =   0.00114     Cnsurf  =  -0.00166
     CDisurf =   0.00114     CDvsurf =   0.00000

  Forces referred to Ssurf, Cave about hinge axis thru LE
     CLsurf  =   0.29180     CDsurf  =   0.00228
     Deflect =

 Strip Forces referred to Strip Area, Chord
    j      Yle    Chord     Area     c cl      ai      cl_norm  cl       cd       cdv    cm_c/4    cm_LE  C.P.x/c
    21  -0.0308   3.0000   0.3693   0.9550   0.0113   0.3186   0.3186   0.0014   0.0000  -0.1431   0.2227    0.699
    22  -0.2763   3.0000   1.0990   0.9550   0.0113   0.3186   0.3186   0.0014   0.0000  -0.1431   0.2227    0.699
    23  -0.7612   3.0000   1.8015   0.9549   0.0114   0.3186   0.3186   0.0014   0.0000  -0.1431   0.2227    0.699
    24  -1.4736   3.0000   2.4597   0.9546   0.0119   0.3185   0.3185   0.0014   0.0000  -0.1431   0.2227    0.699
    25  -2.3959   3.0000   3.0573   0.9538   0.0118   0.3182   0.3182   0.0014   0.0000  -0.1431   0.2226    0.700
    26  -3.5055   3.0000   3.5796   0.9522   0.0124   0.3177   0.3177   0.0015   0.0000  -0.1431   0.2225    0.701
    27  -4.7750   3.0000   4.0138   0.9497   0.0180   0.3168   0.3168   0.0015   0.0000  -0.1431   0.2222    0.702
    28  -6.1732   3.0000   4.3492   0.9457  -0.0143   0.3155   0.3155   0.0016   0.0000  -0.1431   0.2219    0.703
    29  -7.6655   3.0000   4.5775   0.9398   0.0072   0.3136   0.3136   0.0016   0.0000  -0.1430   0.2213    0.706
    30  -9.2154   3.0000   4.6930   0.9315   0.0096   0.3108   0.3108   0.0018   0.0000  -0.1430   0.2206    0.710
    31 -10.7846   3.0000   4.6930   0.9198   0.0113   0.3069   0.3069   0.0019   0.0000  -0.1428   0.2195    0.715
    32 -12.3345   3.0000   4.5775   0.9037   0.0132   0.3015   0.3015   0.0022   0.0000  -0.1427   0.2180    0.723
    33 -13.8268   3.0000   4.3492   0.8816   0.0155   0.2942   0.2942   0.0024   0.0000  -0.1423   0.2158    0.734
    34 -15.2250   3.0000   4.0138   0.8515   0.0187   0.2841   0.2841   0.0028   0.0000  -0.1418   0.2127    0.749
    35 -16.4945   3.0000   3.5796   0.8105   0.0232   0.2705   0.2705   0.0033   0.0000  -0.1407   0.2082    0.770
    36 -17.6041   3.0000   3.0573   0.7544   0.0302   0.2518   0.2518   0.0039   0.0000  -0.1382   0.2010    0.799
    37 -18.5264   3.0000   2.4597   0.6761   0.0416   0.2257   0.2257   0.0045   0.0000  -0.1322   0.1885    0.836
    38 -19.2388   3.0000   1.8015   0.5628   0.0604   0.1879   0.1879   0.0049   0.0000  -0.1180   0.1649    0.878
    39 -19.7237   3.0000   1.0989   0.3938   0.0905   0.1315   0.1315   0.0047   0.0000  -0.0880   0.1208    0.919
    40 -19.9692   3.0000   0.3694   0.1481   0.1279   0.0495   0.0495   0.0027   0.0000  -0.0347   0.0470    0.950

  Surface # 3     Second Wing2                            
     # Chordwise = 12   # Spanwise = 24     First strip = 41
     Surface area =   12.000000       Ave. chord =    2.000000
     CLsurf  =   0.00410     Clsurf  =  -0.00030
     CYsurf  =  -0.00000     Cmsurf  =  -0.01521
     CDsurf  =   0.00006     Cnsurf  =   0.00002
     CDisurf =   0.00006     CDvsurf =   0.00000

  Forces referred to Ssurf, Cave about hinge axis thru LE
     CLsurf  =   0.04099     CDsurf  =   0.00060
     Deflect =

 Strip Forces referred to Strip Area, Chord
    j      Yle    Chord     Area     c cl      ai      cl_norm  cl       cd       cdv    cm_c/4    cm_LE  C.P.x/c
    41   0.0064   2.0000   0.0513   0.0859   0.0113   0.0430   0.0430   0.0006   0.0000  -0.0674  -0.0781    1.818
    42   0.0576   2.0000   0.1531   0.0859   0.0113   0.0430   0.0430   0.0006   0.0000  -0.0674  -0.0781    1.818
    43   0.1592   2.0000   0.2523   0.0858   0.0113   0.0430   0.0430   0.0006   0.0000  -0.0674  -0.0781    1.818
    44   0.3094   2.0000   0.3471   0.0858   0.0113   0.0430   0.0430   0.0006   0.0000  -0.0674  -0.0781    1.818
    45   0.5056   2.0000   0.4360   0.0858   0.0108   0.0430   0.0430   0.0006   0.0000  -0.0674  -0.0781    1.819
    46   0.7445   2.0000   0.5175   0.0858   0.0114   0.0429   0.0429   0.0006   0.0000  -0.0674  -0.0781    1.819
    47   1.0220   2.0000   0.5901   0.0857   0.0118   0.0429   0.0429   0.0006   0.0000  -0.0674  -0.0781    1.821
    48   1.3333   2.0000   0.6526   0.0856   0.0114   0.0428   0.0428   0.0006   0.0000  -0.0674  -0.0781    1.823
    49   1.6731   2.0000   0.7039   0.0854   0.0117   0.0428   0.0428   0.0006   0.0000  -0.0674  -0.0780    1.825
    50   2.0357   2.0000   0.7432   0.0852   0.0111   0.0427   0.0427   0.0006   0.0000  -0.0674  -0.0780    1.829
    51   2.4147   2.0000   0.7698   0.0850   0.0118   0.0425   0.0425   0.0006   0.0000  -0.0673  -0.0780    1.832
    52   2.8038   2.0000   0.7832   0.0847   0.0129   0.0424   0.0424   0.0006   0.0000  -0.0673  -0.0779    1.836
    53   3.1962   2.0000   0.7832   0.0845   0.0119   0.0423   0.0423   0.0006   0.0000  -0.0672  -0.0778    1.840
    54   3.5853   2.0000   0.7698   0.0841   0.0127   0.0421   0.0421   0.0006   0.0000  -0.0671  -0.0776    1.844
    55   3.9643   2.0000   0.7432   0.0836   0.0137   0.0418   0.0418   0.0006   0.0000  -0.0668  -0.0773    1.847
    56   4.3269   2.0000   0.7039   0.0830   0.0138   0.0416   0.0416   0.0006   0.0000  -0.0663  -0.0767    1.846
    57   4.6667   2.0000   0.6526   0.0825   0.0160   0.0413   0.0413   0.0006   0.0000  -0.0655  -0.0758    1.836
    58   4.9780   2.0000   0.5901   0.0815   0.0186   0.0408   0.0408   0.0007   0.0000  -0.0640  -0.0741    1.818
    59   5.2555   2.0000   0.5175   0.0794   0.0229   0.0398   0.0398   0.0007   0.0000  -0.0613  -0.0712    1.790
    60   5.4944   2.0000   0.4360   0.0752   0.0167   0.0376   0.0376   0.0008   0.0000  -0.0567  -0.0661    1.758
    61   5.6906   2.0000   0.3471   0.0671   0.0302   0.0336   0.0336   0.0008   0.0000  -0.0496  -0.0580    1.725
    62   5.8408   2.0000   0.2523   0.0539   0.0366   0.0270   0.0270   0.0008   0.0000  -0.0391  -0.0458    1.699
    63   5.9424   2.0000   0.1531   0.0352   0.0416   0.0176   0.0176   0.0006   0.0000  -0.0252  -0.0296    1.682
    64   5.9936   2.0000   0.0513   0.0123   0.0445   0.0061   0.0061   0.0002   0.0000  -0.0088  -0.0103    1.674

  Surface # 4     Second Wing2 (YDUP)                     
     # Chordwise = 12   # Spanwise = 24     First strip = 65
     Surface area =   12.000000       Ave. chord =    2.000000
     CLsurf  =   0.00410     Clsurf  =   0.00030
     CYsurf  =   0.00000     Cmsurf  =  -0.01521
     CDsurf  =   0.00006     Cnsurf  =  -0.00002
     CDisurf =   0.00006     CDvsurf =   0.00000

  Forces referred to Ssurf, Cave about hinge axis thru LE
     CLsurf  =   0.04099     CDsurf  =   0.00060
     Deflect =

 Strip Forces referred to Strip Area, Chord
    j      Yle    Chord     Area     c cl      ai      cl_norm  cl       cd       cdv    cm_c/4    cm_LE  C.P.x/c
    65  -0.0064   2.0000   0.0513   0.0859   0.0113   0.0430   0.0430   0.0006   0.0000  -0.0674   0.0781    1.818
    66  -0.0576   2.0000   0.1531   0.0859   0.0113   0.0430   0.0430   0.0006   0.0000  -0.0674   0.0781    1.818
    67  -0.1592   2.0000   0.2523   0.0858   0.0113   0.0430   0.0430   0.0006   0.0000  -0.0674   0.0781    1.818
    68  -0.3094   2.0000   0.3471   0.0858   0.0113   0.0430   0.0430   0.0006   0.0000  -0.0674   0.0781    1.818
    69  -0.5056   2.0000   0.4360   0.0858   0.0108   0.0430   0.0430   0.0006   0.0000  -0.0674   0.0781    1.819
    70  -0.7445   2.0000   0.5175   0.0858   0.0114   0.0429   0.0429   0.0006   0.0000  -0.0674   0.0781    1.819
    71  -1.0220   2.0000   0.5901   0.0857   0.0118   0.0429   0.0429   0.0006   0.0000  -0.0674   0.0781    1.821
    72  -1.3333   2.0000   0.6526   0.0856   0.0114   0.0428   0.0428   0.0006   0.0000  -0.0674   0.0781    1.823
    73  -1.6731   2.0000   0.7039   0.0854   0.0117   0.0428   0.0428   0.0006   0.0000  -0.0674   0.0780    1.825
    74  -2.0357   2.0000   0.7432   0.0852   0.0111   0.0427   0.0427   0.0006   0.0000  -0.0674   0.0780    1.829
    75  -2.4147   2.0000   0.7698   0.0850   0.0118   0.0425   0.0425   0.0006   0.0000  -0.0673   0.0780    1.832
    76  -2.8038   2.0000   0.7832   0.0847   0.0129   0.0424   0.0424   0.0006   0.0000  -0.0673   0.0779    1.836
    77  -3.1962   2.0000   0.7832   0.0845   0.0119   0.0423   0.0423   0.0006   0.0000  -0.0672   0.0778    1.840
    78  -3.5853   2.0000   0.7698   0.0841   0.0127   0.0421   0.0421   0.0006   0.0000  -0.0671   0.0776    1.844
    79  -3.9643   2.0000   0.7432   0.0836   0.0137   0.0418   0.0418   0.0006   0.0000  -0.0668   0.0773    1.847
    80  -4.3269   2.0000   0.7039   0.0830   0.0138   0.0416   0.0416   0.0006   0.0000  -0.0663   0.0767    1.846
    81  -4.6667   2.0000   0.6526   0.0825   0.0160   0.0413   0.0413   0.0006   0.0000  -0.0655   0.0758    1.836
    82  -4.9780   2.0000   0.5901   0.0815   0.0186   0.0408   0.0408   0.0007   0.0000  -0.0640   0.0741    1.818
    83  -5.2555   2.0000   0.5175   0.0794   0.0229   0.0398   0.0398   0.0007   0.0000  -0.0613   0.0712    1.790
    84  -5.4944   2.0000   0.4360   0.0752   0.0167   0.0376   0.0376   0.0008   0.0000  -0.0567   0.0661    1.758
    85  -5.6906   2.0000   0.3471   0.0671   0.0302   0.0336   0.0336   0.0008   0.0000  -0.0496   0.0580    1.725
    86  -5.8408   2.0000   0.2523   0.0539   0.0366   0.0270   0.0270   0.0008   0.0000  -0.0391   0.0458    1.699
    87  -5.9424   2.0000   0.1531   0.0352   0.0416   0.0176   0.0176   0.0006   0.0000  -0.0252   0.0296    1.682
    88  -5.9936   2.0000   0.0513   0.0123   0.0445   0.0061   0.0061   0.0002   0.0000  -0.0088   0.0103    1.674

  Surface # 5     Fin                                     
     # Chordwise = 12   # Spanwise = 12     First strip = 89
     Surface area =    4.000000       Ave. chord =    1.600000
     CLsurf  =   0.00000     Clsurf  =  -0.00000
     CYsurf  =  -0.00005     Cmsurf  =  -0.00000
     CDsurf  =  -0.00000     Cnsurf  =   0.00001
     CDisurf =  -0.00000     CDvsurf =   0.00000

  Forces referred to Ssurf, Cave about hinge axis thru LE
     CLsurf  =   0.00156     CDsurf  =  -0.00000
     Deflect =

 Strip Forces referred to Strip Area, Chord
    j      Yle    Chord     Area     c cl      ai      cl_norm  cl       cd       cdv    cm_c/4    cm_LE  C.P.x/c
    89   4.0000   1.9966   0.0850   0.0002  -0.0003   0.0001   0.0001   0.0000   0.0000  -0.0000  -0.0001    0.531
    90   4.0000   1.9696   0.2459   0.0007  -0.0013   0.0004   0.0003   0.0000   0.0000  -0.0001  -0.0002    0.552
    91   4.0000   1.9173   0.3809   0.0013  -0.0014   0.0007   0.0007  -0.0000   0.0000  -0.0002  -0.0004    0.563
    92   4.0000   1.8435   0.4773   0.0019  -0.0015   0.0011   0.0010  -0.0000   0.0000  -0.0003  -0.0005    0.540
    93   4.0000   1.7531   0.5285   0.0026  -0.0017   0.0015   0.0015  -0.0000   0.0000  -0.0004  -0.0007    0.490
    94   4.0000   1.6522   0.5345   0.0031  -0.0018   0.0019   0.0019  -0.0000   0.0000  -0.0003  -0.0007    0.432
    95   4.0000   1.5478   0.5007   0.0034  -0.0018   0.0023   0.0022  -0.0000   0.0000  -0.0003  -0.0008    0.379
    96   4.0000   1.4469   0.4362   0.0034  -0.0018   0.0024   0.0023  -0.0000   0.0000  -0.0002  -0.0007    0.336
    97   4.0000   1.3565   0.3512   0.0031  -0.0017   0.0024   0.0023  -0.0000   0.0000  -0.0001  -0.0006    0.301
    98   4.0000   1.2827   0.2548   0.0025  -0.0016   0.0020   0.0020  -0.0000   0.0000  -0.0000  -0.0005    0.273
    99   4.0000   1.2304   0.1537   0.0016  -0.0015   0.0014   0.0013  -0.0000   0.0000   0.0000  -0.0003    0.249
   100   4.0000   1.2034   0.0513   0.0006  -0.0014   0.0005   0.0005  -0.0000   0.0000   0.0000  -0.0001    0.235

  Surface # 6     Fin (YDUP)                              
     # Chordwise = 12   # Spanwise = 12     First strip =101
     Surface area =    4.000000       Ave. chord =    1.600000
     CLsurf  =   0.00000     Clsurf  =   0.00000
     CYsurf  =   0.00005     Cmsurf  =  -0.00000
     CDsurf  =  -0.00000     Cnsurf  =  -0.00001
     CDisurf =  -0.00000     CDvsurf =   0.00000

  Forces referred to Ssurf, Cave about hinge axis thru LE
     CLsurf  =   0.00156     CDsurf  =  -0.00000
     Deflect =

 Strip Forces referred to Strip Area, Chord
    j      Yle    Chord     Area     c cl      ai      cl_norm  cl       cd       cdv    cm_c/4    cm_LE  C.P.x/c
   101  -4.0000   1.9966   0.0850   0.0002  -0.0003   0.0001   0.0001   0.0000   0.0000  -0.0000   0.0001    0.531
   102  -4.0000   1.9696   0.2459   0.0007  -0.0013   0.0004   0.0003   0.0000   0.0000  -0.0001   0.0002    0.552
   103  -4.0000   1.9173   0.3809   0.0013  -0.0014   0.0007   0.0007  -0.0000   0.0000  -0.0002   0.0004    0.563
   104  -4.0000   1.8435   0.4773   0.0019  -0.0015   0.0011   0.0010  -0.0000   0.0000  -0.0003   0.0005    0.540
   105  -4.0000   1.7531   0.5285   0.0026  -0.0017   0.0015   0.0015  -0.0000   0.0000  -0.0004   0.0007    0.490
   106  -4.0000   1.6522   0.5345   0.0031  -0.0018   0.0019   0.0019  -0.0000   0.0000  -0.0003   0.0007    0.432
   107  -4.0000   1.5478   0.5007   0.0034  -0.0018   0.0023   0.0022  -0.0000   0.0000  -0.0003   0.0008    0.379
   108  -4.0000   1.4469   0.4362   0.0034  -0.0018   0.0024   0.0023  -0.0000   0.0000  -0.0002   0.0007    0.336
   109  -4.0000   1.3565   0.3512   0.0031  -0.0017   0.0024   0.0023  -0.0000   0.0000  -0.0001   0.0006    0.301
   110  -4.0000   1.2827   0.2548   0.0025  -0.0016   0.0020   0.0020  -0.0000   0.0000  -0.0000   0.0005    0.273
   111  -4.0000   1.2304   0.1537   0.0016  -0.0015   0.0014   0.0013  -0.0000   0.0000   0.0000   0.0003    0.249
   112  -4.0000   1.2034   0.0513   0.0006  -0.0014   0.0005   0.0005  -0.0000   0.0000   0.0000   0.0001    0.235
 ---------------------------------------------------------------
