 ---------------------------------------------------------------
 Surface and Strip Forces by surface

  Forces referred to Sref, Cref, Bref about Xref, Yref, Zref
 Standard axis orientation,  X fwd, Z down         

  Surface # 1     FrontWing                               
     # Chordwise = 12   # Spanwise = 20     First strip =  1
     Surface area =   60.000000       Ave. chord =    3.000000
     CLsurf  =   0.18706     Clsurf  =  -0.04358
     CYsurf  =  -0.00000     Cmsurf  =   0.03935
     CDsurf  =   0.00178     Cnsurf  =   0.00152
     CDisurf =   0.00178     CDvsurf =   0.00000

  Forces referred to Ssurf, Cave about hinge axis thru LE
     CLsurf  =   0.37412     CDsurf  =   0.00357
     Deflect =

 Strip Forces referred to Strip Area, Chord
    j      Yle    Chord     Area     c cl      ai      cl_norm  cl       cd       cdv    cm_c/4    cm_LE  C.P.x/c
     1   0.0308   3.0000   0.3693   1.2347   0.0212   0.4117   0.4117   0.0022   0.0000  -0.1433  -0.2462    0.598
     2   0.2763   3.0000   1.0990   1.2347   0.0212   0.4117   0.4117   0.0022   0.0000  -0.1433  -0.2462    0.598
     3   0.7612   3.0000   1.8015   1.2345   0.0215   0.4117   0.4117   0.0022   0.0000  -0.1433  -0.2462    0.598
     4   1.4736   3.0000   2.4597   1.2340   0.0261   0.4115   0.4115   0.0022   0.0000  -0.1433  -0.2462    0.598
     5   2.3959   3.0000   3.0573   1.2327   0.0223   0.4111   0.4111   0.0022   0.0000  -0.1433  -0.2461    0.599
     6   3.5055   3.0000   3.5796   1.2304   0.0204   0.4103   0.4103   0.0023   0.0000  -0.1433  -0.2458    0.599
     7   4.7750   3.0000   4.0138   1.2265   0.0518   0.4090   0.4090   0.0023   0.0000  -0.1433  -0.2455    0.600
     8   6.1732   3.0000   4.3492   1.2206  -0.0467   0.4070   0.4070   0.0025   0.0000  -0.1432  -0.2449    0.602
     9   7.6655   3.0000   4.5775   1.2121   0.0044   0.4042   0.4042   0.0026   0.0000  -0.1431  -0.2441    0.604
    10   9.2154   3.0000   4.6930   1.2001   0.0100   0.4002   0.4002   0.0028   0.0000  -0.1430  -0.2430    0.607
    11  10.7846   3.0000   4.6930   1.1837   0.0131   0.3947   0.3947   0.0031   0.0000  -0.1429  -0.2415    0.612
    12  12.3345   3.0000   4.5775   1.1611   0.0159   0.3872   0.3872   0.0035   0.0000  -0.1426  -0.2394    0.618
    13  13.8268   3.0000   4.3492   1.1303   0.0192   0.3769   0.3769   0.0040   0.0000  -0.1422  -0.2364    0.627
    14  15.2250   3.0000   4.0138   1.0881   0.0234   0.3629   0.3629   0.0046   0.0000  -0.1415  -0.2321    0.640
    15  16.4945   3.0000   3.5796   1.0305   0.0292   0.3437   0.3437   0.0053   0.0000  -0.1401  -0.2260    0.658
    16  17.6041   3.0000   3.0573   0.9516   0.0375   0.3174   0.3174   0.0061   0.0000  -0.1373  -0.2166    0.683
    17  18.5264   3.0000   2.4597   0.8427   0.0503   0.2811   0.2811   0.0068   0.0000  -0.1309  -0.2011    0.715
    18  19.2388   3.0000   1.8015   0.6902   0.0704   0.2303   0.2303   0.0071   0.0000  -0.1164  -0.1739    0.755
    19  19.7237   3.0000   1.0989   0.4741   0.1015   0.1582   0.1582   0.0063   0.0000  -0.0866  -0.1261    0.797
    20  19.9692   3.0000   0.3694   0.1756   0.1396   0.0586   0.0586   0.0031   0.0000  -0.0341  -0.0487    0.831

  Surface # 2     FrontWing (YDUP)                        
     # Chordwise = 12   # Spanwise = 20     First strip = 21
     Surface area =   60.000000       Ave. chord =    3.000000
     CLsurf  =   0.18706     Clsurf  =   0.04358
     CYsurf  =  -0.00000     Cmsurf  =   0.03935
     CDsurf  =   0.00178     Cnsurf  =  -0.00152
     CDisurf =   0.00178     CDvsurf =   0.00000

  Forces referred to Ssurf, Cave about hinge axis thru LE
     CLsurf  =   0.37412     CDsurf  =   0.00357
     Deflect =

 Strip Forces referred to Strip Area, Chord
    j      Yle    Chord     Area     c cl      ai      cl_norm  cl       cd       cdv    cm_c/4    cm_LE  C.P.x/c
    21  -0.0308   3.0000   0.3693   1.2347   0.0212   0.4117   0.4117   0.0022   0.0000  -0.1433   0.2462    0.598
    22  -0.2763   3.0000   1.0990   1.2347   0.0212   0.4117   0.4117   0.0022   0.0000  -0.1433   0.2462    0.598
    23  -0.7612   3.0000   1.8015   1.2345   0.0215   0.4117   0.4117   0.0022   0.0000  -0.1433   0.2462    0.598
    24  -1.4736   3.0000   2.4597   1.2340   0.0261   0.4115   0.4115   0.0022   0.0000  -0.1433   0.2462    0.598
    25  -2.3959   3.0000   3.0573   1.2327   0.0223   0.4111   0.4111   0.0022   0.0000  -0.1433   0.2461    0.599
    26  -3.5055   3.0000   3.5796   1.2304   0.0204   0.4103   0.4103   0.0023   0.0000  -0.1433   0.2458    0.599
    27  -4.7750   3.0000   4.0138   1.2265   0.0518   0.4090   0.4090   0.0023   0.0000  -0.1433   0.2455    0.600
    28  -6.1732   3.0000   4.3492   1.2206  -0.0467   0.4070   0.4070   0.0025   0.0000  -0.1432   0.2449    0.602
    29  -7.6655   3.0000   4.5775   1.2121   0.0044   0.4042   0.4042   0.0026   0.0000  -0.1431   0.2441    0.604
    30  -9.2154   3.0000   4.6930   1.2001   0.0100   0.4002   0.4002   0.0028   0.0000  -0.1430   0.2430    0.607
    31 -10.7846   3.0000   4.6930   1.1837   0.0131   0.3947   0.3947   0.0031   0.0000  -0.1429   0.2415    0.612
    32 -12.3345   3.0000   4.5775   1.1611   0.0159   0.3872   0.3872   0.0035   0.0000  -0.1426   0.2394    0.618
    33 -13.8268   3.0000   4.3492   1.1303   0.0192   0.3769   0.3769   0.0040   0.0000  -0.1422   0.2364    0.627
    34 -15.2250   3.0000   4.0138   1.0881   0.0234   0.3629   0.3629   0.0046   0.0000  -0.1415   0.2321    0.640
    35 -16.4945   3.0000   3.5796   1.0305   0.0292   0.3437   0.3437   0.0053   0.0000  -0.1401   0.2260    0.658
    36 -17.6041   3.0000   3.0573   0.9516   0.0375   0.3174   0.3174   0.0061   0.0000  -0.1373   0.2166    0.683
    37 -18.5264   3.0000   2.4597   0.8427   0.0503   0.2811   0.2811   0.0068   0.0000  -0.1309   0.2011    0.715
    38 -19.2388   3.0000   1.8015   0.6902   0.0704   0.2303   0.2303   0.0071   0.0000  -0.1164   0.1739    0.755
    39 -19.7237   3.0000   1.0989   0.4741   0.1015   0.1582   0.1582   0.0063   0.0000  -0.0866   0.1261    0.797
    40 -19.9692   3.0000   0.3694   0.1756   0.1396   0.0586   0.0586   0.0031   0.0000  -0.0341   0.0487    0.831

  Surface # 3     Second Wing2                            
     # Chordwise = 12   # Spanwise = 24     First strip = 41
     Surface area =   12.000000       Ave. chord =    2.000000
     CLsurf  =   0.01294     Clsurf  =  -0.00088
     CYsurf  =  -0.00000     Cmsurf  =  -0.03935
     CDsurf  =   0.00032     Cnsurf  =   0.00004
     CDisurf =   0.00032     CDvsurf =   0.00000

  Forces referred to Ssurf, Cave about hinge axis thru LE
     CLsurf  =   0.12938     CDsurf  =   0.00321
     Deflect =

 Strip Forces referred to Strip Area, Chord
    j      Yle    Chord     Area     c cl      ai      cl_norm  cl       cd       cdv    cm_c/4    cm_LE  C.P.x/c
    41   0.0064   2.0000   0.0513   0.2941   0.0213   0.1472   0.1472   0.0033   0.0000  -0.0770  -0.1138    0.773
    42   0.0576   2.0000   0.1531   0.2941   0.0213   0.1472   0.1472   0.0033   0.0000  -0.0770  -0.1138    0.773
    43   0.1592   2.0000   0.2523   0.2941   0.0212   0.1472   0.1472   0.0033   0.0000  -0.0770  -0.1138    0.774
    44   0.3094   2.0000   0.3471   0.2940   0.0213   0.1471   0.1471   0.0033   0.0000  -0.0770  -0.1138    0.774
    45   0.5056   2.0000   0.4360   0.2938   0.0205   0.1470   0.1470   0.0033   0.0000  -0.0770  -0.1138    0.774
    46   0.7445   2.0000   0.5175   0.2934   0.0214   0.1468   0.1468   0.0033   0.0000  -0.0770  -0.1137    0.775
    47   1.0220   2.0000   0.5901   0.2927   0.0221   0.1465   0.1465   0.0033   0.0000  -0.0770  -0.1136    0.776
    48   1.3333   2.0000   0.6526   0.2916   0.0215   0.1459   0.1459   0.0033   0.0000  -0.0770  -0.1135    0.778
    49   1.6731   2.0000   0.7039   0.2901   0.0222   0.1452   0.1452   0.0033   0.0000  -0.0770  -0.1132    0.780
    50   2.0357   2.0000   0.7432   0.2881   0.0214   0.1442   0.1442   0.0033   0.0000  -0.0769  -0.1129    0.784
    51   2.4147   2.0000   0.7698   0.2853   0.0226   0.1428   0.1428   0.0033   0.0000  -0.0769  -0.1125    0.788
    52   2.8038   2.0000   0.7832   0.2817   0.0245   0.1410   0.1410   0.0033   0.0000  -0.0768  -0.1120    0.794
    53   3.1962   2.0000   0.7832   0.2770   0.0232   0.1386   0.1386   0.0033   0.0000  -0.0766  -0.1112    0.803
    54   3.5853   2.0000   0.7698   0.2703   0.0241   0.1352   0.1352   0.0033   0.0000  -0.0763  -0.1101    0.814
    55   3.9643   2.0000   0.7432   0.2607   0.0208   0.1304   0.1304   0.0033   0.0000  -0.0757  -0.1083    0.830
    56   4.3269   2.0000   0.7039   0.2492   0.0291   0.1247   0.1247   0.0033   0.0000  -0.0748  -0.1060    0.850
    57   4.6667   2.0000   0.6526   0.2372   0.0316   0.1187   0.1187   0.0033   0.0000  -0.0736  -0.1033    0.870
    58   4.9780   2.0000   0.5901   0.2232   0.0354   0.1117   0.1117   0.0032   0.0000  -0.0716  -0.0995    0.891
    59   5.2555   2.0000   0.5175   0.2060   0.0414   0.1031   0.1031   0.0031   0.0000  -0.0683  -0.0941    0.913
    60   5.4944   2.0000   0.4360   0.1841   0.0312   0.0921   0.0921   0.0030   0.0000  -0.0630  -0.0860    0.934
    61   5.6906   2.0000   0.3471   0.1557   0.0502   0.0779   0.0779   0.0027   0.0000  -0.0549  -0.0743    0.954
    62   5.8408   2.0000   0.2523   0.1195   0.0582   0.0598   0.0598   0.0022   0.0000  -0.0431  -0.0581    0.971
    63   5.9424   2.0000   0.1531   0.0756   0.0644   0.0379   0.0379   0.0015   0.0000  -0.0278  -0.0372    0.983
    64   5.9936   2.0000   0.0513   0.0259   0.0680   0.0130   0.0130   0.0005   0.0000  -0.0096  -0.0128    0.990

  Surface # 4     Second Wing2 (YDUP)                     
     # Chordwise = 12   # Spanwise = 24     First strip = 65
     Surface area =   12.000000       Ave. chord =    2.000000
     CLsurf  =   0.01294     Clsurf  =   0.00088
     CYsurf  =   0.00000     Cmsurf  =  -0.03935
     CDsurf  =   0.00032     Cnsurf  =  -0.00004
     CDisurf =   0.00032     CDvsurf =   0.00000

  Forces referred to Ssurf, Cave about hinge axis thru LE
     CLsurf  =   0.12938     CDsurf  =   0.00321
     Deflect =

 Strip Forces referred to Strip Area, Chord
    j      Yle    Chord     Area     c cl      ai      cl_norm  cl       cd       cdv    cm_c/4    cm_LE  C.P.x/c
    65  -0.0064   2.0000   0.0513   0.2941   0.0213   0.1472   0.1472   0.0033   0.0000  -0.0770   0.1138    0.773
    66  -0.0576   2.0000   0.1531   0.2941   0.0213   0.1472   0.1472   0.0033   0.0000  -0.0770   0.1138    0.773
    67  -0.1592   2.0000   0.2523   0.2941   0.0212   0.1472   0.1472   0.0033   0.0000  -0.0770   0.1138    0.774
    68  -0.3094   2.0000   0.3471   0.2940   0.0213   0.1471   0.1471   0.0033   0.0000  -0.0770   0.1138    0.774
    69  -0.5056   2.0000   0.4360   0.2938   0.0205   0.1470   0.1470   0.0033   0.0000  -0.0770   0.1138    0.774
    70  -0.7445   2.0000   0.5175   0.2934   0.0214   0.1468   0.1468   0.0033   0.0000  -0.0770   0.1137    0.775
    71  -1.0220   2.0000   0.5901   0.2927   0.0221   0.1465   0.1465   0.0033   0.0000  -0.0770   0.1136    0.776
    72  -1.3333   2.0000   0.6526   0.2916   0.0215   0.1459   0.1459   0.0033   0.0000  -0.0770   0.1135    0.778
    73  -1.6731   2.0000   0.7039   0.2901   0.0222   0.1452   0.1452   0.0033   0.0000  -0.0770   0.1132    0.780
    74  -2.0357   2.0000   0.7432   0.2881   0.0214   0.1442   0.1442   0.0033   0.0000  -0.0769   0.1129    0.784
    75  -2.4147   2.0000   0.7698   0.2853   0.0226   0.1428   0.1428   0.0033   0.0000  -0.0769   0.1125    0.788
    76  -2.8038   2.0000   0.7832   0.2817   0.0245   0.1410   0.1410   0.0033   0.0000  -0.0768   0.1120    0.794
    77  -3.1962   2.0000   0.7832   0.2770   0.0232   0.1386   0.1386   0.0033   0.0000  -0.0766   0.1112    0.803
    78  -3.5853   2.0000   0.7698   0.2703   0.0241   0.1352   0.1352   0.0033   0.0000  -0.0763   0.1101    0.814
    79  -3.9643   2.0000   0.7432   0.2607   0.0208   0.1304   0.1304   0.0033   0.0000  -0.0757   0.1083    0.830
    80  -4.3269   2.0000   0.7039   0.2492   0.0291   0.1247   0.1247   0.0033   0.0000  -0.0748   0.1060    0.850
    81  -4.6667   2.0000   0.6526   0.2372   0.0316   0.1187   0.1187   0.0033   0.0000  -0.0736   0.1033    0.870
    82  -4.9780   2.0000   0.5901   0.2232   0.0354   0.1117   0.1117   0.0032   0.0000  -0.0716   0.0995    0.891
    83  -5.2555   2.0000   0.5175   0.2060   0.0414   0.1031   0.1031   0.0031   0.0000  -0.0683   0.0941    0.913
    84  -5.4944   2.0000   0.4360   0.1841   0.0312   0.0921   0.0921   0.0030   0.0000  -0.0630   0.0860    0.934
    85  -5.6906   2.0000   0.3471   0.1557   0.0502   0.0779   0.0779   0.0027   0.0000  -0.0549   0.0743    0.954
    86  -5.8408   2.0000   0.2523   0.1195   0.0582   0.0598   0.0598   0.0022   0.0000  -0.0431   0.0581    0.971
    87  -5.9424   2.0000   0.1531   0.0756   0.0644   0.0379   0.0379   0.0015   0.0000  -0.0278   0.0372    0.983
    88  -5.9936   2.0000   0.0513   0.0259   0.0680   0.0130   0.0130   0.0005   0.0000  -0.0096   0.0128    0.990

  Surface # 5     Fin                                     
     # Chordwise = 12   # Spanwise = 12     First strip = 89
     Surface area =    4.000000       Ave. chord =    1.600000
     CLsurf  =   0.00000     Clsurf  =  -0.00001
     CYsurf  =  -0.00033     Cmsurf  =  -0.00000
     CDsurf  =  -0.00000     Cnsurf  =   0.00007
     CDisurf =  -0.00000     CDvsurf =   0.00000

  Forces referred to Ssurf, Cave about hinge axis thru LE
     CLsurf  =   0.00981     CDsurf  =  -0.00001
     Deflect =

 Strip Forces referred to Strip Area, Chord
    j      Yle    Chord     Area     c cl      ai      cl_norm  cl       cd       cdv    cm_c/4    cm_LE  C.P.x/c
    89   4.0000   1.9966   0.0850   0.0017  -0.0014   0.0009   0.0008   0.0000   0.0000  -0.0001  -0.0003    0.357
    90   4.0000   1.9696   0.2459   0.0056  -0.0059   0.0030   0.0028  -0.0000   0.0000  -0.0003  -0.0009    0.355
    91   4.0000   1.9173   0.3809   0.0104  -0.0063   0.0057   0.0054  -0.0000   0.0000  -0.0005  -0.0018    0.348
    92   4.0000   1.8435   0.4773   0.0152  -0.0051   0.0086   0.0083  -0.0000   0.0000  -0.0007  -0.0026    0.335
    93   4.0000   1.7531   0.5285   0.0188  -0.0047   0.0112   0.0107  -0.0000   0.0000  -0.0007  -0.0032    0.320
    94   4.0000   1.6522   0.5345   0.0206  -0.0047   0.0131   0.0125  -0.0000   0.0000  -0.0007  -0.0035    0.303
    95   4.0000   1.5478   0.5007   0.0206  -0.0046   0.0139   0.0133  -0.0000   0.0000  -0.0005  -0.0036    0.287
    96   4.0000   1.4469   0.4362   0.0190  -0.0044   0.0138   0.0131  -0.0000   0.0000  -0.0003  -0.0033    0.271
    97   4.0000   1.3565   0.3512   0.0162  -0.0041   0.0125   0.0119  -0.0000   0.0000  -0.0000  -0.0028    0.254
    98   4.0000   1.2827   0.2548   0.0124  -0.0038   0.0101   0.0097  -0.0000   0.0000   0.0001  -0.0021    0.235
    99   4.0000   1.2304   0.1537   0.0078  -0.0035   0.0066   0.0063  -0.0000   0.0000   0.0002  -0.0013    0.216
   100   4.0000   1.2034   0.0513   0.0027  -0.0033   0.0023   0.0022  -0.0000   0.0000   0.0001  -0.0004    0.202

  Surface # 6     Fin (YDUP)                              
     # Chordwise = 12   # Spanwise = 12     First strip =101
     Surface area =    4.000000       Ave. chord =    1.600000
     CLsurf  =   0.00000     Clsurf  =   0.00001
     CYsurf  =   0.00033     Cmsurf  =  -0.00000
     CDsurf  =  -0.00000     Cnsurf  =  -0.00007
     CDisurf =  -0.00000     CDvsurf =   0.00000

  Forces referred to Ssurf, Cave about hinge axis thru LE
     CLsurf  =   0.00981     CDsurf  =  -0.00001
     Deflect =

 Strip Forces referred to Strip Area, Chord
    j      Yle    Chord     Area     c cl      ai      cl_norm  cl       cd       cdv    cm_c/4    cm_LE  C.P.x/c
   101  -4.0000   1.9966   0.0850   0.0017  -0.0014   0.0009   0.0008   0.0000   0.0000  -0.0001   0.0003    0.357
   102  -4.0000   1.9696   0.2459   0.0056  -0.0059   0.0030   0.0028  -0.0000   0.0000  -0.0003   0.0009    0.355
   103  -4.0000   1.9173   0.3809   0.0104  -0.0063   0.0057   0.0054  -0.0000   0.0000  -0.0005   0.0018    0.348
   104  -4.0000   1.8435   0.4773   0.0152  -0.0051   0.0086   0.0083  -0.0000   0.0000  -0.0007   0.0026    0.335
   105  -4.0000   1.7531   0.5285   0.0188  -0.0047   0.0112   0.0107  -0.0000   0.0000  -0.0007   0.0032    0.320
   106  -4.0000   1.6522   0.5345   0.0206  -0.0047   0.0131   0.0125  -0.0000   0.0000  -0.0007   0.0035    0.303
   107  -4.0000   1.5478   0.5007   0.0206  -0.0046   0.0139   0.0133  -0.0000   0.0000  -0.0005   0.0036    0.287
   108  -4.0000   1.4469   0.4362   0.0190  -0.0044   0.0138   0.0131  -0.0000   0.0000  -0.0003   0.0033    0.271
   109  -4.0000   1.3565   0.3512   0.0162  -0.0041   0.0125   0.0119  -0.0000   0.0000  -0.0000   0.0028    0.254
   110  -4.0000   1.2827   0.2548   0.0124  -0.0038   0.0101   0.0097  -0.0000   0.0000   0.0001   0.0021    0.235
   111  -4.0000   1.2304   0.1537   0.0078  -0.0035   0.0066   0.0063  -0.0000   0.0000   0.0002   0.0013    0.216
   112  -4.0000   1.2034   0.0513   0.0027  -0.0033   0.0023   0.0022  -0.0000   0.0000   0.0001   0.0004    0.202
 ---------------------------------------------------------------
