 ---------------------------------------------------------------
 Surface and Strip Forces by surface

  Forces referred to Sref, Cref, Bref about Xref, Yref, Zref
 Standard axis orientation,  X fwd, Z down         

  Surface # 1     FrontWing                               
     # Chordwise = 12   # Spanwise = 20     First strip =  1
     Surface area =   60.000000       Ave. chord =    3.000000
     CLsurf  =   0.55797     Clsurf  =  -0.12786
     CYsurf  =  -0.00000     Cmsurf  =   0.25674
     CDsurf  =   0.01427     Cnsurf  =  -0.01122
     CDisurf =   0.01427     CDvsurf =   0.00000

  Forces referred to Ssurf, Cave about hinge axis thru LE
     CLsurf  =   1.11593     CDsurf  =   0.02853
     Deflect =

 Strip Forces referred to Strip Area, Chord
    j      Yle    Chord     Area     c cl      ai      cl_norm  cl       cd       cdv    cm_c/4    cm_LE  C.P.x/c
     1   0.0308   3.0000   0.3693   3.7366   0.1112   1.2526   1.2526   0.0174   0.0000  -0.1419  -0.4533    0.363
     2   0.2763   3.0000   1.0990   3.7366   0.1107   1.2526   1.2526   0.0174   0.0000  -0.1419  -0.4533    0.363
     3   0.7612   3.0000   1.8015   3.7359   0.1136   1.2523   1.2523   0.0174   0.0000  -0.1419  -0.4532    0.363
     4   1.4736   3.0000   2.4597   3.7336   0.1549   1.2515   1.2515   0.0175   0.0000  -0.1419  -0.4530    0.363
     5   2.3959   3.0000   3.0573   3.7284   0.1179   1.2498   1.2498   0.0178   0.0000  -0.1418  -0.4525    0.363
     6   3.5055   3.0000   3.5796   3.7188   0.0934   1.2465   1.2465   0.0182   0.0000  -0.1417  -0.4516    0.364
     7   4.7750   3.0000   4.0138   3.7032   0.3585   1.2412   1.2412   0.0189   0.0000  -0.1415  -0.4501    0.364
     8   6.1732   3.0000   4.3492   3.6793  -0.3404   1.2330   1.2330   0.0201   0.0000  -0.1412  -0.4478    0.365
     9   7.6655   3.0000   4.5775   3.6470  -0.0210   1.2220   1.2220   0.0216   0.0000  -0.1408  -0.4448    0.365
    10   9.2154   3.0000   4.6930   3.6030   0.0128   1.2070   1.2070   0.0236   0.0000  -0.1404  -0.4406    0.366
    11  10.7846   3.0000   4.6930   3.5436   0.0289   1.1867   1.1867   0.0263   0.0000  -0.1398  -0.4351    0.368
    12  12.3345   3.0000   4.5775   3.4633   0.0410   1.1593   1.1593   0.0296   0.0000  -0.1389  -0.4275    0.370
    13  13.8268   3.0000   4.3492   3.3539   0.0529   1.1221   1.1221   0.0337   0.0000  -0.1376  -0.4171    0.373
    14  15.2250   3.0000   4.0138   3.2038   0.0664   1.0711   1.0711   0.0386   0.0000  -0.1355  -0.4024    0.376
    15  16.4945   3.0000   3.5796   2.9971   0.0829   1.0010   1.0010   0.0438   0.0000  -0.1320  -0.3817    0.382
    16  17.6041   3.0000   3.0573   2.7136   0.1035   0.9053   0.9053   0.0483   0.0000  -0.1261  -0.3522    0.389
    17  18.5264   3.0000   2.4597   2.3306   0.1291   0.7765   0.7765   0.0504   0.0000  -0.1161  -0.3103    0.400
    18  19.2388   3.0000   1.8015   1.8272   0.1608   0.6078   0.6078   0.0474   0.0000  -0.0993  -0.2515    0.413
    19  19.7237   3.0000   1.0989   1.1896   0.2009   0.3951   0.3951   0.0362   0.0000  -0.0715  -0.1706    0.431
    20  19.9692   3.0000   0.3694   0.4202   0.2441   0.1394   0.1394   0.0142   0.0000  -0.0276  -0.0627    0.448

  Surface # 2     FrontWing (YDUP)                        
     # Chordwise = 12   # Spanwise = 20     First strip = 21
     Surface area =   60.000000       Ave. chord =    3.000000
     CLsurf  =   0.55797     Clsurf  =   0.12786
     CYsurf  =   0.00000     Cmsurf  =   0.25674
     CDsurf  =   0.01427     Cnsurf  =   0.01122
     CDisurf =   0.01427     CDvsurf =   0.00000

  Forces referred to Ssurf, Cave about hinge axis thru LE
     CLsurf  =   1.11593     CDsurf  =   0.02853
     Deflect =

 Strip Forces referred to Strip Area, Chord
    j      Yle    Chord     Area     c cl      ai      cl_norm  cl       cd       cdv    cm_c/4    cm_LE  C.P.x/c
    21  -0.0308   3.0000   0.3693   3.7366   0.1112   1.2526   1.2526   0.0174   0.0000  -0.1419   0.4533    0.363
    22  -0.2763   3.0000   1.0990   3.7366   0.1107   1.2526   1.2526   0.0174   0.0000  -0.1419   0.4533    0.363
    23  -0.7612   3.0000   1.8015   3.7359   0.1136   1.2523   1.2523   0.0174   0.0000  -0.1419   0.4532    0.363
    24  -1.4736   3.0000   2.4597   3.7336   0.1549   1.2515   1.2515   0.0175   0.0000  -0.1419   0.4530    0.363
    25  -2.3959   3.0000   3.0573   3.7284   0.1179   1.2498   1.2498   0.0178   0.0000  -0.1418   0.4525    0.363
    26  -3.5055   3.0000   3.5796   3.7188   0.0934   1.2465   1.2465   0.0182   0.0000  -0.1417   0.4516    0.364
    27  -4.7750   3.0000   4.0138   3.7032   0.3585   1.2412   1.2412   0.0189   0.0000  -0.1415   0.4501    0.364
    28  -6.1732   3.0000   4.3492   3.6793  -0.3404   1.2330   1.2330   0.0201   0.0000  -0.1412   0.4478    0.365
    29  -7.6655   3.0000   4.5775   3.6470  -0.0210   1.2220   1.2220   0.0216   0.0000  -0.1408   0.4448    0.365
    30  -9.2154   3.0000   4.6930   3.6030   0.0128   1.2070   1.2070   0.0236   0.0000  -0.1404   0.4406    0.366
    31 -10.7846   3.0000   4.6930   3.5436   0.0289   1.1867   1.1867   0.0263   0.0000  -0.1398   0.4351    0.368
    32 -12.3345   3.0000   4.5775   3.4633   0.0410   1.1593   1.1593   0.0296   0.0000  -0.1389   0.4275    0.370
    33 -13.8268   3.0000   4.3492   3.3539   0.0529   1.1221   1.1221   0.0337   0.0000  -0.1376   0.4171    0.373
    34 -15.2250   3.0000   4.0138   3.2038   0.0664   1.0711   1.0711   0.0386   0.0000  -0.1355   0.4024    0.376
    35 -16.4945   3.0000   3.5796   2.9971   0.0829   1.0010   1.0010   0.0438   0.0000  -0.1320   0.3817    0.382
    36 -17.6041   3.0000   3.0573   2.7136   0.1035   0.9053   0.9053   0.0483   0.0000  -0.1261   0.3522    0.389
    37 -18.5264   3.0000   2.4597   2.3306   0.1291   0.7765   0.7765   0.0504   0.0000  -0.1161   0.3103    0.400
    38 -19.2388   3.0000   1.8015   1.8272   0.1608   0.6078   0.6078   0.0474   0.0000  -0.0993   0.2515    0.413
    39 -19.7237   3.0000   1.0989   1.1896   0.2009   0.3951   0.3951   0.0362   0.0000  -0.0715   0.1706    0.431
    40 -19.9692   3.0000   0.3694   0.4202   0.2441   0.1394   0.1394   0.0142   0.0000  -0.0276   0.0627    0.448

  Surface # 3     Second Wing2                            
     # Chordwise = 12   # Spanwise = 24     First strip = 41
     Surface area =   12.000000       Ave. chord =    2.000000
     CLsurf  =   0.09202     Clsurf  =  -0.00618
     CYsurf  =   0.00000     Cmsurf  =  -0.25669
     CDsurf  =   0.00972     Cnsurf  =  -0.00005
     CDisurf =   0.00972     CDvsurf =   0.00000

  Forces referred to Ssurf, Cave about hinge axis thru LE
     CLsurf  =   0.92017     CDsurf  =   0.09718
     Deflect =

 Strip Forces referred to Strip Area, Chord
    j      Yle    Chord     Area     c cl      ai      cl_norm  cl       cd       cdv    cm_c/4    cm_LE  C.P.x/c
    41   0.0064   2.0000   0.0513   2.1718   0.1118   1.0817   1.0817   0.1007   0.0000  -0.1625  -0.4340    0.400
    42   0.0576   2.0000   0.1531   2.1718   0.1118   1.0816   1.0816   0.1007   0.0000  -0.1625  -0.4340    0.400
    43   0.1592   2.0000   0.2523   2.1715   0.1116   1.0815   1.0815   0.1007   0.0000  -0.1625  -0.4340    0.400
    44   0.3094   2.0000   0.3471   2.1707   0.1120   1.0811   1.0811   0.1008   0.0000  -0.1625  -0.4338    0.400
    45   0.5056   2.0000   0.4360   2.1688   0.1086   1.0801   1.0801   0.1008   0.0000  -0.1625  -0.4336    0.400
    46   0.7445   2.0000   0.5175   2.1652   0.1125   1.0783   1.0783   0.1009   0.0000  -0.1624  -0.4331    0.401
    47   1.0220   2.0000   0.5901   2.1591   0.1157   1.0752   1.0752   0.1010   0.0000  -0.1623  -0.4322    0.401
    48   1.3333   2.0000   0.6526   2.1499   0.1138   1.0705   1.0705   0.1013   0.0000  -0.1622  -0.4309    0.401
    49   1.6731   2.0000   0.7039   2.1365   0.1171   1.0638   1.0638   0.1016   0.0000  -0.1620  -0.4290    0.402
    50   2.0357   2.0000   0.7432   2.1181   0.1149   1.0544   1.0544   0.1020   0.0000  -0.1617  -0.4264    0.403
    51   2.4147   2.0000   0.7698   2.0932   0.1211   1.0418   1.0418   0.1025   0.0000  -0.1612  -0.4229    0.405
    52   2.8038   2.0000   0.7832   2.0601   0.1300   1.0251   1.0251   0.1030   0.0000  -0.1606  -0.4181    0.407
    53   3.1962   2.0000   0.7832   2.0153   0.1254   1.0025   1.0025   0.1035   0.0000  -0.1595  -0.4114    0.409
    54   3.5853   2.0000   0.7698   1.9510   0.1276   0.9701   0.9701   0.1037   0.0000  -0.1577  -0.4015    0.413
    55   3.9643   2.0000   0.7432   1.8555   0.0850   0.9221   0.9221   0.1028   0.0000  -0.1542  -0.3862    0.417
    56   4.3269   2.0000   0.7039   1.7418   0.1677   0.8650   0.8650   0.1010   0.0000  -0.1498  -0.3675    0.423
    57   4.6667   2.0000   0.6526   1.6257   0.1739   0.8068   0.8068   0.0990   0.0000  -0.1450  -0.3482    0.430
    58   4.9780   2.0000   0.5901   1.4952   0.1876   0.7415   0.7415   0.0957   0.0000  -0.1389  -0.3258    0.437
    59   5.2555   2.0000   0.5175   1.3422   0.2089   0.6651   0.6651   0.0903   0.0000  -0.1304  -0.2982    0.446
    60   5.4944   2.0000   0.4360   1.1619   0.1630   0.5753   0.5753   0.0822   0.0000  -0.1182  -0.2634    0.455
    61   5.6906   2.0000   0.3471   0.9511   0.2309   0.4704   0.4704   0.0706   0.0000  -0.1011  -0.2200    0.465
    62   5.8408   2.0000   0.2523   0.7088   0.2539   0.3503   0.3503   0.0550   0.0000  -0.0782  -0.1668    0.473
    63   5.9424   2.0000   0.1531   0.4386   0.2710   0.2166   0.2166   0.0354   0.0000  -0.0497  -0.1045    0.479
    64   5.9936   2.0000   0.0513   0.1486   0.2808   0.0733   0.0733   0.0124   0.0000  -0.0170  -0.0356    0.482

  Surface # 4     Second Wing2 (YDUP)                     
     # Chordwise = 12   # Spanwise = 24     First strip = 65
     Surface area =   12.000000       Ave. chord =    2.000000
     CLsurf  =   0.09202     Clsurf  =   0.00618
     CYsurf  =  -0.00000     Cmsurf  =  -0.25669
     CDsurf  =   0.00972     Cnsurf  =   0.00005
     CDisurf =   0.00972     CDvsurf =   0.00000

  Forces referred to Ssurf, Cave about hinge axis thru LE
     CLsurf  =   0.92017     CDsurf  =   0.09718
     Deflect =

 Strip Forces referred to Strip Area, Chord
    j      Yle    Chord     Area     c cl      ai      cl_norm  cl       cd       cdv    cm_c/4    cm_LE  C.P.x/c
    65  -0.0064   2.0000   0.0513   2.1718   0.1118   1.0817   1.0817   0.1007   0.0000  -0.1625   0.4340    0.400
    66  -0.0576   2.0000   0.1531   2.1718   0.1118   1.0816   1.0816   0.1007   0.0000  -0.1625   0.4340    0.400
    67  -0.1592   2.0000   0.2523   2.1715   0.1116   1.0815   1.0815   0.1007   0.0000  -0.1625   0.4340    0.400
    68  -0.3094   2.0000   0.3471   2.1707   0.1120   1.0811   1.0811   0.1008   0.0000  -0.1625   0.4338    0.400
    69  -0.5056   2.0000   0.4360   2.1688   0.1086   1.0801   1.0801   0.1008   0.0000  -0.1625   0.4336    0.400
    70  -0.7445   2.0000   0.5175   2.1652   0.1125   1.0783   1.0783   0.1009   0.0000  -0.1624   0.4331    0.401
    71  -1.0220   2.0000   0.5901   2.1591   0.1157   1.0752   1.0752   0.1010   0.0000  -0.1623   0.4322    0.401
    72  -1.3333   2.0000   0.6526   2.1499   0.1138   1.0705   1.0705   0.1013   0.0000  -0.1622   0.4309    0.401
    73  -1.6731   2.0000   0.7039   2.1365   0.1171   1.0638   1.0638   0.1016   0.0000  -0.1620   0.4290    0.402
    74  -2.0357   2.0000   0.7432   2.1181   0.1149   1.0544   1.0544   0.1020   0.0000  -0.1617   0.4264    0.403
    75  -2.4147   2.0000   0.7698   2.0932   0.1211   1.0418   1.0418   0.1025   0.0000  -0.1612   0.4229    0.405
    76  -2.8038   2.0000   0.7832   2.0601   0.1300   1.0251   1.0251   0.1030   0.0000  -0.1606   0.4181    0.407
    77  -3.1962   2.0000   0.7832   2.0153   0.1254   1.0025   1.0025   0.1035   0.0000  -0.1595   0.4114    0.409
    78  -3.5853   2.0000   0.7698   1.9510   0.1276   0.9701   0.9701   0.1037   0.0000  -0.1577   0.4015    0.413
    79  -3.9643   2.0000   0.7432   1.8555   0.0850   0.9221   0.9221   0.1028   0.0000  -0.1542   0.3862    0.417
    80  -4.3269   2.0000   0.7039   1.7418   0.1677   0.8650   0.8650   0.1010   0.0000  -0.1498   0.3675    0.423
    81  -4.6667   2.0000   0.6526   1.6257   0.1739   0.8068   0.8068   0.0990   0.0000  -0.1450   0.3482    0.430
    82  -4.9780   2.0000   0.5901   1.4952   0.1876   0.7415   0.7415   0.0957   0.0000  -0.1389   0.3258    0.437
    83  -5.2555   2.0000   0.5175   1.3422   0.2089   0.6651   0.6651   0.0903   0.0000  -0.1304   0.2982    0.446
    84  -5.4944   2.0000   0.4360   1.1619   0.1630   0.5753   0.5753   0.0822   0.0000  -0.1182   0.2634    0.455
    85  -5.6906   2.0000   0.3471   0.9511   0.2309   0.4704   0.4704   0.0706   0.0000  -0.1011   0.2200    0.465
    86  -5.8408   2.0000   0.2523   0.7088   0.2539   0.3503   0.3503   0.0550   0.0000  -0.0782   0.1668    0.473
    87  -5.9424   2.0000   0.1531   0.4386   0.2710   0.2166   0.2166   0.0354   0.0000  -0.0497   0.1045    0.479
    88  -5.9936   2.0000   0.0513   0.1486   0.2808   0.0733   0.0733   0.0124   0.0000  -0.0170   0.0356    0.482

  Surface # 5     Fin                                     
     # Chordwise = 12   # Spanwise = 12     First strip = 89
     Surface area =    4.000000       Ave. chord =    1.600000
     CLsurf  =   0.00002     Clsurf  =  -0.00009
     CYsurf  =  -0.00301     Cmsurf  =  -0.00005
     CDsurf  =  -0.00004     Cnsurf  =   0.00062
     CDisurf =  -0.00004     CDvsurf =   0.00000

  Forces referred to Ssurf, Cave about hinge axis thru LE
     CLsurf  =   0.09026     CDsurf  =  -0.00107
     Deflect =

 Strip Forces referred to Strip Area, Chord
    j      Yle    Chord     Area     c cl      ai      cl_norm  cl       cd       cdv    cm_c/4    cm_LE  C.P.x/c
    89   4.0000   1.9966   0.0850   0.0153  -0.0109   0.0087   0.0077   0.0000   0.0000  -0.0007  -0.0026    0.336
    90   4.0000   1.9696   0.2459   0.0514  -0.0478   0.0297   0.0261  -0.0000   0.0000  -0.0021  -0.0088    0.330
    91   4.0000   1.9173   0.3809   0.0985  -0.0502   0.0585   0.0514  -0.0002   0.0000  -0.0036  -0.0168    0.319
    92   4.0000   1.8435   0.4773   0.1467  -0.0383   0.0906   0.0796  -0.0005   0.0000  -0.0045  -0.0251    0.306
    93   4.0000   1.7531   0.5285   0.1802  -0.0326   0.1171   0.1028  -0.0009   0.0000  -0.0045  -0.0311    0.293
    94   4.0000   1.6522   0.5345   0.1933  -0.0307   0.1332   0.1170  -0.0014   0.0000  -0.0036  -0.0341    0.281
    95   4.0000   1.5478   0.5007   0.1884  -0.0296   0.1387   0.1217  -0.0017   0.0000  -0.0023  -0.0342    0.269
    96   4.0000   1.4469   0.4362   0.1701  -0.0281   0.1339   0.1176  -0.0018   0.0000  -0.0008  -0.0318    0.257
    97   4.0000   1.3565   0.3512   0.1421  -0.0260   0.1193   0.1048  -0.0017   0.0000   0.0008  -0.0269    0.243
    98   4.0000   1.2827   0.2548   0.1070  -0.0238   0.0950   0.0834  -0.0014   0.0000   0.0020  -0.0202    0.225
    99   4.0000   1.2304   0.1537   0.0666  -0.0219   0.0617   0.0541  -0.0009   0.0000   0.0023  -0.0122    0.207
   100   4.0000   1.2034   0.0513   0.0227  -0.0205   0.0214   0.0188  -0.0003   0.0000   0.0011  -0.0040    0.193

  Surface # 6     Fin (YDUP)                              
     # Chordwise = 12   # Spanwise = 12     First strip =101
     Surface area =    4.000000       Ave. chord =    1.600000
     CLsurf  =   0.00002     Clsurf  =   0.00009
     CYsurf  =   0.00301     Cmsurf  =  -0.00005
     CDsurf  =  -0.00004     Cnsurf  =  -0.00062
     CDisurf =  -0.00004     CDvsurf =   0.00000

  Forces referred to Ssurf, Cave about hinge axis thru LE
     CLsurf  =   0.09027     CDsurf  =  -0.00107
     Deflect =

 Strip Forces referred to Strip Area, Chord
    j      Yle    Chord     Area     c cl      ai      cl_norm  cl       cd       cdv    cm_c/4    cm_LE  C.P.x/c
   101  -4.0000   1.9966   0.0850   0.0153  -0.0109   0.0087   0.0077   0.0000   0.0000  -0.0007   0.0026    0.336
   102  -4.0000   1.9696   0.2459   0.0514  -0.0478   0.0297   0.0261  -0.0000   0.0000  -0.0021   0.0088    0.330
   103  -4.0000   1.9173   0.3809   0.0985  -0.0502   0.0585   0.0514  -0.0002   0.0000  -0.0036   0.0168    0.319
   104  -4.0000   1.8435   0.4773   0.1467  -0.0383   0.0906   0.0796  -0.0005   0.0000  -0.0045   0.0251    0.306
   105  -4.0000   1.7531   0.5285   0.1802  -0.0326   0.1171   0.1028  -0.0009   0.0000  -0.0045   0.0311    0.293
   106  -4.0000   1.6522   0.5345   0.1933  -0.0307   0.1332   0.1170  -0.0014   0.0000  -0.0036   0.0341    0.281
   107  -4.0000   1.5478   0.5007   0.1884  -0.0296   0.1387   0.1217  -0.0017   0.0000  -0.0023   0.0342    0.269
   108  -4.0000   1.4469   0.4362   0.1701  -0.0281   0.1339   0.1176  -0.0018   0.0000  -0.0008   0.0318    0.257
   109  -4.0000   1.3565   0.3512   0.1421  -0.0260   0.1193   0.1048  -0.0017   0.0000   0.0008   0.0269    0.243
   110  -4.0000   1.2827   0.2548   0.1070  -0.0238   0.0950   0.0834  -0.0014   0.0000   0.0020   0.0202    0.225
   111  -4.0000   1.2304   0.1537   0.0666  -0.0219   0.0617   0.0541  -0.0009   0.0000   0.0023   0.0122    0.207
   112  -4.0000   1.2034   0.0513   0.0227  -0.0205   0.0214   0.0188  -0.0003   0.0000   0.0011   0.0040    0.193
 ---------------------------------------------------------------
