 ---------------------------------------------------------------
 Surface and Strip Forces by surface

  Forces referred to Sref, Cref, Bref about Xref, Yref, Zref
 Standard axis orientation,  X fwd, Z down         

  Surface # 1     FrontWing                               
     # Chordwise = 13   # Spanwise = 20     First strip =  1
     Surface area =   60.108913       Ave. chord =    3.005444
     CLsurf  =   0.25965     Clsurf  =  -0.05408
     CYsurf  =   0.00048     Cmsurf  =  -0.17913
     CDsurf  =   0.00336     Cnsurf  =  -0.00004
     CDisurf =   0.00336     CDvsurf =   0.00000

  Forces referred to Ssurf, Cave about hinge axis thru LE
     CLsurf  =   0.51944     CDsurf  =   0.00673
     Deflect =

 Strip Forces referred to Strip Area, Chord
    j      Yle    Chord     Area     c cl      ai      cl_norm  cl       cd       cdv    cm_c/4    cm_LE  C.P.x/c
     1   0.0282   3.7000   0.4171   2.0716   0.0192   0.5598   0.5598   0.0085   0.0000  -0.1422  -0.2822    0.504
     2   0.2530   3.7000   1.2412   2.0715   0.0192   0.5598   0.5598   0.0085   0.0000  -0.1422  -0.2822    0.504
     3   0.6971   3.7000   2.0346   2.0705   0.0191   0.5595   0.5595   0.0085   0.0000  -0.1422  -0.2821    0.504
     4   1.3494   3.7000   2.7780   2.0674   0.0191   0.5587   0.5587   0.0085   0.0000  -0.1422  -0.2819    0.504
     5   2.1940   3.7000   3.4529   2.0600   0.0191   0.5567   0.5567   0.0087   0.0000  -0.1421  -0.2813    0.505
     6   3.2101   3.7000   4.0429   2.0454   0.0193   0.5527   0.5527   0.0089   0.0000  -0.1420  -0.2802    0.507
     7   4.3726   3.7000   4.5333   2.0186   0.0206   0.5455   0.5455   0.0094   0.0000  -0.1418  -0.2782    0.510
     8   5.7356   3.6093   5.3981   1.9646   0.0297   0.5489   0.5443   0.0090   0.0000  -0.1419  -0.2759    0.511
     9   7.2752   3.4194   5.3825   1.8747   0.0340   0.5529   0.5482   0.0077   0.0000  -0.1421  -0.2770    0.509
    10   8.8741   3.2222   5.2001   1.7625   0.0270   0.5517   0.5470   0.0065   0.0000  -0.1422  -0.2769    0.510
    11  10.4930   3.0225   4.8779   1.6353   0.0232   0.5457   0.5410   0.0056   0.0000  -0.1423  -0.2755    0.513
    12  12.0919   2.8253   4.4474   1.4987   0.0205   0.5350   0.5304   0.0048   0.0000  -0.1423  -0.2729    0.518
    13  13.6315   2.6354   3.9416   1.3574   0.0189   0.5195   0.5151   0.0042   0.0000  -0.1422  -0.2689    0.526
    14  15.0739   2.4576   3.3921   1.2150   0.0183   0.4986   0.4944   0.0038   0.0000  -0.1419  -0.2635    0.537
    15  16.3836   2.2960   2.8264   1.0734   0.0193   0.4715   0.4675   0.0037   0.0000  -0.1412  -0.2562    0.552
    16  17.5282   2.1549   2.2655   0.9320   0.0227   0.4362   0.4325   0.0040   0.0000  -0.1398  -0.2461    0.573
    17  18.4798   2.0375   1.7234   0.7864   0.0303   0.3893   0.3859   0.0047   0.0000  -0.1364  -0.2311    0.603
    18  19.2147   1.9469   1.2061   0.6256   0.0459   0.3241   0.3213   0.0055   0.0000  -0.1270  -0.2058    0.645
    19  19.7150   1.8852   0.7124   0.4280   0.0760   0.2289   0.2270   0.0056   0.0000  -0.1016  -0.1571    0.698
    20  19.9682   1.8539   0.2355   0.1621   0.1236   0.0881   0.0874   0.0029   0.0000  -0.0436  -0.0649    0.748

  Surface # 2     FrontWing (YDUP)                        
     # Chordwise = 13   # Spanwise = 20     First strip = 21
     Surface area =   60.108913       Ave. chord =    3.005444
     CLsurf  =   0.25965     Clsurf  =   0.05408
     CYsurf  =  -0.00048     Cmsurf  =  -0.17913
     CDsurf  =   0.00336     Cnsurf  =   0.00004
     CDisurf =   0.00336     CDvsurf =   0.00000

  Forces referred to Ssurf, Cave about hinge axis thru LE
     CLsurf  =   0.51944     CDsurf  =   0.00673
     Deflect =

 Strip Forces referred to Strip Area, Chord
    j      Yle    Chord     Area     c cl      ai      cl_norm  cl       cd       cdv    cm_c/4    cm_LE  C.P.x/c
    21  -0.0282   3.7000   0.4171   2.0716   0.0192   0.5598   0.5598   0.0085   0.0000  -0.1422   0.2822    0.504
    22  -0.2530   3.7000   1.2412   2.0715   0.0192   0.5598   0.5598   0.0085   0.0000  -0.1422   0.2822    0.504
    23  -0.6971   3.7000   2.0346   2.0705   0.0191   0.5595   0.5595   0.0085   0.0000  -0.1422   0.2821    0.504
    24  -1.3494   3.7000   2.7780   2.0674   0.0191   0.5587   0.5587   0.0085   0.0000  -0.1422   0.2819    0.504
    25  -2.1940   3.7000   3.4529   2.0600   0.0191   0.5567   0.5567   0.0087   0.0000  -0.1421   0.2813    0.505
    26  -3.2101   3.7000   4.0429   2.0454   0.0193   0.5527   0.5527   0.0089   0.0000  -0.1420   0.2802    0.507
    27  -4.3726   3.7000   4.5333   2.0186   0.0206   0.5455   0.5455   0.0094   0.0000  -0.1418   0.2782    0.510
    28  -5.7356   3.6093   5.3981   1.9646   0.0297   0.5489   0.5443   0.0090   0.0000  -0.1419   0.2759    0.511
    29  -7.2752   3.4194   5.3825   1.8746   0.0340   0.5529   0.5482   0.0076   0.0000  -0.1421   0.2770    0.509
    30  -8.8741   3.2222   5.2001   1.7625   0.0270   0.5517   0.5470   0.0065   0.0000  -0.1422   0.2769    0.510
    31 -10.4930   3.0225   4.8779   1.6353   0.0232   0.5457   0.5410   0.0056   0.0000  -0.1423   0.2755    0.513
    32 -12.0919   2.8253   4.4474   1.4987   0.0205   0.5350   0.5304   0.0048   0.0000  -0.1423   0.2729    0.518
    33 -13.6315   2.6354   3.9416   1.3574   0.0189   0.5195   0.5151   0.0042   0.0000  -0.1422   0.2689    0.526
    34 -15.0739   2.4576   3.3921   1.2150   0.0183   0.4986   0.4944   0.0038   0.0000  -0.1419   0.2635    0.537
    35 -16.3836   2.2960   2.8264   1.0734   0.0193   0.4715   0.4675   0.0037   0.0000  -0.1412   0.2562    0.552
    36 -17.5282   2.1549   2.2655   0.9320   0.0227   0.4362   0.4325   0.0040   0.0000  -0.1398   0.2461    0.573
    37 -18.4798   2.0375   1.7234   0.7864   0.0303   0.3893   0.3859   0.0047   0.0000  -0.1364   0.2311    0.603
    38 -19.2147   1.9469   1.2061   0.6256   0.0459   0.3241   0.3213   0.0055   0.0000  -0.1270   0.2058    0.645
    39 -19.7150   1.8852   0.7124   0.4280   0.0760   0.2289   0.2270   0.0056   0.0000  -0.1016   0.1571    0.698
    40 -19.9682   1.8539   0.2355   0.1621   0.1236   0.0881   0.0874   0.0029   0.0000  -0.0436   0.0649    0.748

  Surface # 3     Second Wing2                            
     # Chordwise = 13   # Spanwise = 24     First strip = 41
     Surface area =   12.000000       Ave. chord =    2.000000
     CLsurf  =  -0.00965     Clsurf  =   0.00063
     CYsurf  =  -0.00000     Cmsurf  =   0.03216
     CDsurf  =  -0.00030     Cnsurf  =  -0.00001
     CDisurf =  -0.00030     CDvsurf =   0.00000

  Forces referred to Ssurf, Cave about hinge axis thru LE
     CLsurf  =  -0.09670     CDsurf  =  -0.00303
     Deflect =

 Strip Forces referred to Strip Area, Chord
    j      Yle    Chord     Area     c cl      ai      cl_norm  cl       cd       cdv    cm_c/4    cm_LE  C.P.x/c
    41   0.0064   2.0000   0.0513  -0.2344   0.0185  -0.1172  -0.1172  -0.0038   0.0000  -0.0017   0.0276    0.235
    42   0.0576   2.0000   0.1531  -0.2344   0.0185  -0.1172  -0.1172  -0.0038   0.0000  -0.0017   0.0276    0.235
    43   0.1592   2.0000   0.2523  -0.2344   0.0185  -0.1172  -0.1172  -0.0038   0.0000  -0.0017   0.0276    0.235
    44   0.3094   2.0000   0.3471  -0.2343   0.0185  -0.1171  -0.1171  -0.0038   0.0000  -0.0017   0.0276    0.235
    45   0.5056   2.0000   0.4360  -0.2340   0.0184  -0.1170  -0.1170  -0.0038   0.0000  -0.0017   0.0275    0.235
    46   0.7445   2.0000   0.5175  -0.2334   0.0185  -0.1167  -0.1167  -0.0038   0.0000  -0.0017   0.0274    0.235
    47   1.0220   2.0000   0.5901  -0.2325   0.0183  -0.1162  -0.1162  -0.0038   0.0000  -0.0018   0.0273    0.235
    48   1.3333   2.0000   0.6526  -0.2311   0.0183  -0.1155  -0.1155  -0.0038   0.0000  -0.0018   0.0271    0.234
    49   1.6731   2.0000   0.7039  -0.2291   0.0183  -0.1145  -0.1145  -0.0037   0.0000  -0.0018   0.0268    0.234
    50   2.0357   2.0000   0.7432  -0.2262   0.0177  -0.1130  -0.1130  -0.0037   0.0000  -0.0019   0.0264    0.233
    51   2.4147   2.0000   0.7698  -0.2222   0.0187  -0.1111  -0.1111  -0.0036   0.0000  -0.0020   0.0258    0.232
    52   2.8038   2.0000   0.7832  -0.2168   0.0167  -0.1084  -0.1084  -0.0035   0.0000  -0.0020   0.0251    0.231
    53   3.1962   2.0000   0.7832  -0.2099   0.0178  -0.1049  -0.1049  -0.0033   0.0000  -0.0021   0.0241    0.230
    54   3.5853   2.0000   0.7698  -0.2010   0.0195  -0.1005  -0.1005  -0.0031   0.0000  -0.0022   0.0229    0.228
    55   3.9643   2.0000   0.7432  -0.1900   0.0157  -0.0950  -0.0950  -0.0029   0.0000  -0.0023   0.0214    0.226
    56   4.3269   2.0000   0.7039  -0.1774   0.0180  -0.0887  -0.0887  -0.0026   0.0000  -0.0025   0.0197    0.222
    57   4.6667   2.0000   0.6526  -0.1640   0.0209  -0.0820  -0.0820  -0.0024   0.0000  -0.0027   0.0178    0.217
    58   4.9780   2.0000   0.5901  -0.1495   0.0153  -0.0747  -0.0747  -0.0021   0.0000  -0.0030   0.0157    0.209
    59   5.2555   2.0000   0.5175  -0.1325   0.0082  -0.0662  -0.0662  -0.0019   0.0000  -0.0033   0.0133    0.201
    60   5.4944   2.0000   0.4360  -0.1122   0.0101  -0.0561  -0.0561  -0.0015   0.0000  -0.0033   0.0107    0.191
    61   5.6906   2.0000   0.3471  -0.0894   0.0131  -0.0447  -0.0447  -0.0012   0.0000  -0.0031   0.0081    0.181
    62   5.8408   2.0000   0.2523  -0.0649   0.0156  -0.0324  -0.0324  -0.0008   0.0000  -0.0026   0.0056    0.171
    63   5.9424   2.0000   0.1531  -0.0394   0.0173  -0.0197  -0.0197  -0.0005   0.0000  -0.0017   0.0032    0.162
    64   5.9936   2.0000   0.0513  -0.0132   0.0180  -0.0066  -0.0066  -0.0001   0.0000  -0.0006   0.0010    0.156

  Surface # 4     Second Wing2 (YDUP)                     
     # Chordwise = 13   # Spanwise = 24     First strip = 65
     Surface area =   12.000000       Ave. chord =    2.000000
     CLsurf  =  -0.00965     Clsurf  =  -0.00063
     CYsurf  =  -0.00000     Cmsurf  =   0.03216
     CDsurf  =  -0.00030     Cnsurf  =   0.00001
     CDisurf =  -0.00030     CDvsurf =   0.00000

  Forces referred to Ssurf, Cave about hinge axis thru LE
     CLsurf  =  -0.09670     CDsurf  =  -0.00303
     Deflect =

 Strip Forces referred to Strip Area, Chord
    j      Yle    Chord     Area     c cl      ai      cl_norm  cl       cd       cdv    cm_c/4    cm_LE  C.P.x/c
    65  -0.0064   2.0000   0.0513  -0.2344   0.0185  -0.1172  -0.1172  -0.0038   0.0000  -0.0017  -0.0276    0.235
    66  -0.0576   2.0000   0.1531  -0.2344   0.0185  -0.1172  -0.1172  -0.0038   0.0000  -0.0017  -0.0276    0.235
    67  -0.1592   2.0000   0.2523  -0.2344   0.0185  -0.1172  -0.1172  -0.0038   0.0000  -0.0017  -0.0276    0.235
    68  -0.3094   2.0000   0.3471  -0.2343   0.0185  -0.1171  -0.1171  -0.0038   0.0000  -0.0017  -0.0276    0.235
    69  -0.5056   2.0000   0.4360  -0.2340   0.0184  -0.1170  -0.1170  -0.0038   0.0000  -0.0017  -0.0275    0.235
    70  -0.7445   2.0000   0.5175  -0.2334   0.0185  -0.1167  -0.1167  -0.0038   0.0000  -0.0017  -0.0274    0.235
    71  -1.0220   2.0000   0.5901  -0.2325   0.0183  -0.1162  -0.1162  -0.0038   0.0000  -0.0018  -0.0273    0.235
    72  -1.3333   2.0000   0.6526  -0.2311   0.0183  -0.1155  -0.1155  -0.0038   0.0000  -0.0018  -0.0271    0.234
    73  -1.6731   2.0000   0.7039  -0.2291   0.0183  -0.1145  -0.1145  -0.0037   0.0000  -0.0018  -0.0268    0.234
    74  -2.0357   2.0000   0.7432  -0.2262   0.0177  -0.1130  -0.1130  -0.0037   0.0000  -0.0019  -0.0264    0.233
    75  -2.4147   2.0000   0.7698  -0.2222   0.0187  -0.1111  -0.1111  -0.0036   0.0000  -0.0020  -0.0258    0.232
    76  -2.8038   2.0000   0.7832  -0.2168   0.0167  -0.1084  -0.1084  -0.0035   0.0000  -0.0020  -0.0251    0.231
    77  -3.1962   2.0000   0.7832  -0.2099   0.0178  -0.1049  -0.1049  -0.0033   0.0000  -0.0021  -0.0241    0.230
    78  -3.5853   2.0000   0.7698  -0.2010   0.0195  -0.1005  -0.1005  -0.0031   0.0000  -0.0022  -0.0229    0.228
    79  -3.9643   2.0000   0.7432  -0.1900   0.0157  -0.0950  -0.0950  -0.0029   0.0000  -0.0023  -0.0214    0.226
    80  -4.3269   2.0000   0.7039  -0.1774   0.0180  -0.0887  -0.0887  -0.0026   0.0000  -0.0025  -0.0197    0.222
    81  -4.6667   2.0000   0.6526  -0.1640   0.0209  -0.0820  -0.0820  -0.0024   0.0000  -0.0027  -0.0178    0.217
    82  -4.9780   2.0000   0.5901  -0.1495   0.0153  -0.0747  -0.0747  -0.0021   0.0000  -0.0030  -0.0157    0.209
    83  -5.2555   2.0000   0.5175  -0.1325   0.0082  -0.0662  -0.0662  -0.0019   0.0000  -0.0033  -0.0133    0.201
    84  -5.4944   2.0000   0.4360  -0.1122   0.0101  -0.0561  -0.0561  -0.0015   0.0000  -0.0033  -0.0107    0.191
    85  -5.6906   2.0000   0.3471  -0.0894   0.0131  -0.0447  -0.0447  -0.0012   0.0000  -0.0031  -0.0081    0.181
    86  -5.8408   2.0000   0.2523  -0.0649   0.0156  -0.0324  -0.0324  -0.0008   0.0000  -0.0026  -0.0056    0.171
    87  -5.9424   2.0000   0.1531  -0.0394   0.0173  -0.0197  -0.0197  -0.0005   0.0000  -0.0017  -0.0032    0.162
    88  -5.9936   2.0000   0.0513  -0.0132   0.0180  -0.0066  -0.0066  -0.0001   0.0000  -0.0006  -0.0010    0.156

  Surface # 5     Fin                                     
     # Chordwise = 11   # Spanwise = 12     First strip = 89
     Surface area =    4.000000       Ave. chord =    1.600000
     CLsurf  =   0.00000     Clsurf  =  -0.00000
     CYsurf  =  -0.00001     Cmsurf  =  -0.00000
     CDsurf  =  -0.00000     Cnsurf  =   0.00000
     CDisurf =  -0.00000     CDvsurf =   0.00000

  Forces referred to Ssurf, Cave about hinge axis thru LE
     CLsurf  =   0.00031     CDsurf  =  -0.00000
     Deflect =

 Strip Forces referred to Strip Area, Chord
    j      Yle    Chord     Area     c cl      ai      cl_norm  cl       cd       cdv    cm_c/4    cm_LE  C.P.x/c
    89   4.0000   1.9966   0.0850   0.0001  -0.0043   0.0001   0.0000  -0.0000   0.0000   0.0001   0.0001
    90   4.0000   1.9696   0.2459  -0.0001  -0.0003  -0.0000  -0.0000  -0.0000   0.0000   0.0003   0.0003
    91   4.0000   1.9173   0.3809  -0.0009   0.0006  -0.0005  -0.0005  -0.0000   0.0000   0.0005   0.0005    1.166
    92   4.0000   1.8435   0.4773  -0.0017  -0.0001  -0.0010  -0.0009  -0.0000   0.0000   0.0006   0.0008    0.891
    93   4.0000   1.7531   0.5285  -0.0016  -0.0002  -0.0010  -0.0009  -0.0000   0.0000   0.0007   0.0009    1.015
    94   4.0000   1.6522   0.5345  -0.0005   0.0001  -0.0003  -0.0003  -0.0000   0.0000   0.0007   0.0008
    95   4.0000   1.5478   0.5007   0.0010   0.0003   0.0007   0.0006  -0.0000   0.0000   0.0007   0.0005   -0.900
    96   4.0000   1.4469   0.4362   0.0022   0.0005   0.0016   0.0015  -0.0000   0.0000   0.0007   0.0003   -0.204
    97   4.0000   1.3565   0.3512   0.0028   0.0005   0.0022   0.0021  -0.0000   0.0000   0.0007   0.0001   -0.068
    98   4.0000   1.2827   0.2548   0.0027   0.0006   0.0023   0.0021  -0.0000   0.0000   0.0006   0.0001   -0.037
    99   4.0000   1.2304   0.1537   0.0019   0.0005   0.0017   0.0016  -0.0000   0.0000   0.0005   0.0001   -0.046
   100   4.0000   1.2034   0.0513   0.0007   0.0005   0.0006   0.0006  -0.0000   0.0000   0.0002   0.0000   -0.066

  Surface # 6     Fin (YDUP)                              
     # Chordwise = 11   # Spanwise = 12     First strip =101
     Surface area =    4.000000       Ave. chord =    1.600000
     CLsurf  =   0.00000     Clsurf  =   0.00000
     CYsurf  =   0.00001     Cmsurf  =  -0.00000
     CDsurf  =  -0.00000     Cnsurf  =  -0.00000
     CDisurf =  -0.00000     CDvsurf =   0.00000

  Forces referred to Ssurf, Cave about hinge axis thru LE
     CLsurf  =   0.00031     CDsurf  =  -0.00000
     Deflect =

 Strip Forces referred to Strip Area, Chord
    j      Yle    Chord     Area     c cl      ai      cl_norm  cl       cd       cdv    cm_c/4    cm_LE  C.P.x/c
   101  -4.0000   1.9966   0.0850   0.0001  -0.0043   0.0001   0.0000  -0.0000   0.0000   0.0001  -0.0001
   102  -4.0000   1.9696   0.2459  -0.0001  -0.0003  -0.0000  -0.0000  -0.0000   0.0000   0.0003  -0.0003
   103  -4.0000   1.9173   0.3809  -0.0009   0.0006  -0.0005  -0.0005  -0.0000   0.0000   0.0005  -0.0005    1.166
   104  -4.0000   1.8435   0.4773  -0.0017  -0.0001  -0.0010  -0.0009  -0.0000   0.0000   0.0006  -0.0008    0.891
   105  -4.0000   1.7531   0.5285  -0.0016  -0.0002  -0.0010  -0.0009  -0.0000   0.0000   0.0007  -0.0009    1.015
   106  -4.0000   1.6522   0.5345  -0.0005   0.0001  -0.0003  -0.0003  -0.0000   0.0000   0.0007  -0.0008
   107  -4.0000   1.5478   0.5007   0.0010   0.0003   0.0007   0.0006  -0.0000   0.0000   0.0007  -0.0005   -0.900
   108  -4.0000   1.4469   0.4362   0.0022   0.0005   0.0016   0.0015  -0.0000   0.0000   0.0007  -0.0003   -0.204
   109  -4.0000   1.3565   0.3512   0.0028   0.0005   0.0022   0.0021  -0.0000   0.0000   0.0007  -0.0001   -0.068
   110  -4.0000   1.2827   0.2548   0.0027   0.0006   0.0023   0.0021  -0.0000   0.0000   0.0006  -0.0001   -0.037
   111  -4.0000   1.2304   0.1537   0.0019   0.0005   0.0017   0.0016  -0.0000   0.0000   0.0005  -0.0001   -0.046
   112  -4.0000   1.2034   0.0513   0.0007   0.0005   0.0006   0.0006  -0.0000   0.0000   0.0002  -0.0000   -0.066
 ---------------------------------------------------------------
