 ---------------------------------------------------------------
 Surface and Strip Forces by surface

  Forces referred to Sref, Cref, Bref about Xref, Yref, Zref
 Standard axis orientation,  X fwd, Z down         

  Surface # 1     FrontWing                               
     # Chordwise = 13   # Spanwise = 20     First strip =  1
     Surface area =   60.108913       Ave. chord =    3.005444
     CLsurf  =   0.30471     Clsurf  =  -0.06379
     CYsurf  =   0.00061     Cmsurf  =  -0.19939
     CDsurf  =   0.00454     Cnsurf  =  -0.00099
     CDisurf =   0.00454     CDvsurf =   0.00000

  Forces referred to Ssurf, Cave about hinge axis thru LE
     CLsurf  =   0.60959     CDsurf  =   0.00908
     Deflect =

 Strip Forces referred to Strip Area, Chord
    j      Yle    Chord     Area     c cl      ai      cl_norm  cl       cd       cdv    cm_c/4    cm_LE  C.P.x/c
     1   0.0282   3.7000   0.4171   2.4133   0.0273   0.6522   0.6522   0.0111   0.0000  -0.1420  -0.3051    0.468
     2   0.2530   3.7000   1.2412   2.4132   0.0273   0.6522   0.6522   0.0111   0.0000  -0.1420  -0.3051    0.468
     3   0.6971   3.7000   2.0346   2.4120   0.0273   0.6519   0.6519   0.0112   0.0000  -0.1420  -0.3050    0.468
     4   1.3494   3.7000   2.7780   2.4083   0.0274   0.6508   0.6508   0.0112   0.0000  -0.1420  -0.3047    0.468
     5   2.1940   3.7000   3.4529   2.3997   0.0275   0.6485   0.6485   0.0114   0.0000  -0.1419  -0.3041    0.469
     6   3.2101   3.7000   4.0429   2.3826   0.0282   0.6439   0.6439   0.0118   0.0000  -0.1419  -0.3029    0.470
     7   4.3726   3.7000   4.5333   2.3515   0.0311   0.6355   0.6355   0.0124   0.0000  -0.1418  -0.3007    0.473
     8   5.7356   3.6093   5.3981   2.2906   0.0345   0.6400   0.6346   0.0119   0.0000  -0.1419  -0.2982    0.474
     9   7.2752   3.4194   5.3825   2.1898   0.0341   0.6459   0.6404   0.0102   0.0000  -0.1419  -0.2997    0.472
    10   8.8741   3.2222   5.2001   2.0640   0.0291   0.6460   0.6406   0.0087   0.0000  -0.1420  -0.2999    0.472
    11  10.4930   3.0225   4.8779   1.9208   0.0257   0.6410   0.6355   0.0076   0.0000  -0.1421  -0.2987    0.474
    12  12.0919   2.8253   4.4474   1.7665   0.0234   0.6307   0.6253   0.0066   0.0000  -0.1421  -0.2961    0.477
    13  13.6315   2.6354   3.9416   1.6064   0.0220   0.6148   0.6096   0.0059   0.0000  -0.1419  -0.2921    0.483
    14  15.0739   2.4576   3.3921   1.4440   0.0219   0.5927   0.5877   0.0055   0.0000  -0.1415  -0.2862    0.491
    15  16.3836   2.2960   2.8264   1.2809   0.0236   0.5627   0.5580   0.0055   0.0000  -0.1407  -0.2780    0.502
    16  17.5282   2.1549   2.2655   1.1156   0.0281   0.5222   0.5177   0.0061   0.0000  -0.1390  -0.2664    0.518
    17  18.4798   2.0375   1.7234   0.9416   0.0374   0.4661   0.4621   0.0071   0.0000  -0.1350  -0.2486    0.542
    18  19.2147   1.9469   1.2061   0.7456   0.0548   0.3862   0.3829   0.0081   0.0000  -0.1249  -0.2190    0.576
    19  19.7150   1.8852   0.7124   0.5046   0.0866   0.2698   0.2675   0.0078   0.0000  -0.0992  -0.1649    0.621
    20  19.9682   1.8539   0.2355   0.1885   0.1353   0.1025   0.1016   0.0038   0.0000  -0.0424  -0.0673    0.667

  Surface # 2     FrontWing (YDUP)                        
     # Chordwise = 13   # Spanwise = 20     First strip = 21
     Surface area =   60.108913       Ave. chord =    3.005444
     CLsurf  =   0.30471     Clsurf  =   0.06379
     CYsurf  =  -0.00061     Cmsurf  =  -0.19939
     CDsurf  =   0.00454     Cnsurf  =   0.00099
     CDisurf =   0.00454     CDvsurf =   0.00000

  Forces referred to Ssurf, Cave about hinge axis thru LE
     CLsurf  =   0.60959     CDsurf  =   0.00908
     Deflect =

 Strip Forces referred to Strip Area, Chord
    j      Yle    Chord     Area     c cl      ai      cl_norm  cl       cd       cdv    cm_c/4    cm_LE  C.P.x/c
    21  -0.0282   3.7000   0.4171   2.4133   0.0273   0.6522   0.6522   0.0111   0.0000  -0.1420   0.3051    0.468
    22  -0.2530   3.7000   1.2412   2.4132   0.0273   0.6522   0.6522   0.0111   0.0000  -0.1420   0.3051    0.468
    23  -0.6971   3.7000   2.0346   2.4120   0.0273   0.6519   0.6519   0.0112   0.0000  -0.1420   0.3050    0.468
    24  -1.3494   3.7000   2.7780   2.4083   0.0274   0.6508   0.6508   0.0112   0.0000  -0.1420   0.3047    0.468
    25  -2.1940   3.7000   3.4529   2.3997   0.0275   0.6485   0.6485   0.0114   0.0000  -0.1419   0.3041    0.469
    26  -3.2101   3.7000   4.0429   2.3826   0.0282   0.6439   0.6439   0.0118   0.0000  -0.1419   0.3029    0.470
    27  -4.3726   3.7000   4.5333   2.3515   0.0311   0.6355   0.6355   0.0124   0.0000  -0.1418   0.3007    0.473
    28  -5.7356   3.6093   5.3981   2.2906   0.0345   0.6400   0.6346   0.0119   0.0000  -0.1419   0.2982    0.474
    29  -7.2752   3.4194   5.3825   2.1898   0.0341   0.6459   0.6404   0.0101   0.0000  -0.1419   0.2997    0.472
    30  -8.8741   3.2222   5.2001   2.0640   0.0291   0.6460   0.6406   0.0087   0.0000  -0.1420   0.2999    0.472
    31 -10.4930   3.0225   4.8779   1.9208   0.0257   0.6410   0.6355   0.0076   0.0000  -0.1421   0.2987    0.474
    32 -12.0919   2.8253   4.4474   1.7665   0.0234   0.6307   0.6253   0.0066   0.0000  -0.1421   0.2961    0.477
    33 -13.6315   2.6354   3.9416   1.6064   0.0220   0.6148   0.6096   0.0059   0.0000  -0.1419   0.2921    0.483
    34 -15.0739   2.4576   3.3921   1.4440   0.0219   0.5927   0.5877   0.0055   0.0000  -0.1415   0.2862    0.491
    35 -16.3836   2.2960   2.8264   1.2809   0.0236   0.5627   0.5580   0.0055   0.0000  -0.1407   0.2780    0.502
    36 -17.5282   2.1549   2.2655   1.1156   0.0281   0.5222   0.5177   0.0061   0.0000  -0.1390   0.2664    0.518
    37 -18.4798   2.0375   1.7234   0.9416   0.0374   0.4661   0.4621   0.0071   0.0000  -0.1350   0.2486    0.542
    38 -19.2147   1.9469   1.2061   0.7456   0.0548   0.3862   0.3829   0.0081   0.0000  -0.1249   0.2190    0.576
    39 -19.7150   1.8852   0.7124   0.5046   0.0866   0.2698   0.2675   0.0078   0.0000  -0.0992   0.1649    0.621
    40 -19.9682   1.8539   0.2355   0.1885   0.1353   0.1025   0.1016   0.0038   0.0000  -0.0424   0.0673    0.667

  Surface # 3     Second Wing2                            
     # Chordwise = 13   # Spanwise = 24     First strip = 41
     Surface area =   12.000000       Ave. chord =    2.000000
     CLsurf  =  -0.00471     Clsurf  =   0.00030
     CYsurf  =   0.00000     Cmsurf  =   0.01569
     CDsurf  =  -0.00019     Cnsurf  =  -0.00000
     CDisurf =  -0.00019     CDvsurf =   0.00000

  Forces referred to Ssurf, Cave about hinge axis thru LE
     CLsurf  =  -0.04724     CDsurf  =  -0.00187
     Deflect =

 Strip Forces referred to Strip Area, Chord
    j      Yle    Chord     Area     c cl      ai      cl_norm  cl       cd       cdv    cm_c/4    cm_LE  C.P.x/c
    41   0.0064   2.0000   0.0513  -0.1181   0.0266  -0.0590  -0.0590  -0.0024   0.0000  -0.0017   0.0131    0.221
    42   0.0576   2.0000   0.1531  -0.1181   0.0266  -0.0590  -0.0590  -0.0024   0.0000  -0.0017   0.0131    0.221
    43   0.1592   2.0000   0.2523  -0.1181   0.0266  -0.0590  -0.0590  -0.0024   0.0000  -0.0017   0.0131    0.221
    44   0.3094   2.0000   0.3471  -0.1180   0.0266  -0.0590  -0.0590  -0.0024   0.0000  -0.0017   0.0130    0.221
    45   0.5056   2.0000   0.4360  -0.1178   0.0266  -0.0589  -0.0589  -0.0024   0.0000  -0.0017   0.0130    0.221
    46   0.7445   2.0000   0.5175  -0.1175   0.0267  -0.0587  -0.0587  -0.0024   0.0000  -0.0017   0.0130    0.221
    47   1.0220   2.0000   0.5901  -0.1169   0.0265  -0.0584  -0.0584  -0.0024   0.0000  -0.0017   0.0129    0.220
    48   1.3333   2.0000   0.6526  -0.1159   0.0267  -0.0579  -0.0579  -0.0023   0.0000  -0.0018   0.0127    0.220
    49   1.6731   2.0000   0.7039  -0.1145   0.0267  -0.0572  -0.0572  -0.0023   0.0000  -0.0018   0.0125    0.219
    50   2.0357   2.0000   0.7432  -0.1126   0.0262  -0.0562  -0.0562  -0.0023   0.0000  -0.0018   0.0123    0.218
    51   2.4147   2.0000   0.7698  -0.1098   0.0275  -0.0549  -0.0549  -0.0022   0.0000  -0.0019   0.0119    0.216
    52   2.8038   2.0000   0.7832  -0.1062   0.0255  -0.0530  -0.0530  -0.0021   0.0000  -0.0019   0.0114    0.214
    53   3.1962   2.0000   0.7832  -0.1016   0.0269  -0.0507  -0.0507  -0.0020   0.0000  -0.0019   0.0108    0.212
    54   3.5853   2.0000   0.7698  -0.0960   0.0288  -0.0480  -0.0480  -0.0019   0.0000  -0.0019   0.0101    0.210
    55   3.9643   2.0000   0.7432  -0.0900   0.0208  -0.0450  -0.0450  -0.0017   0.0000  -0.0018   0.0094    0.209
    56   4.3269   2.0000   0.7039  -0.0837   0.0300  -0.0418  -0.0418  -0.0016   0.0000  -0.0018   0.0087    0.207
    57   4.6667   2.0000   0.6526  -0.0771   0.0332  -0.0385  -0.0385  -0.0014   0.0000  -0.0019   0.0078    0.202
    58   4.9780   2.0000   0.5901  -0.0704   0.0273  -0.0352  -0.0352  -0.0013   0.0000  -0.0020   0.0068    0.192
    59   5.2555   2.0000   0.5175  -0.0624   0.0198  -0.0312  -0.0312  -0.0012   0.0000  -0.0022   0.0056    0.180
    60   5.4944   2.0000   0.4360  -0.0524   0.0224  -0.0262  -0.0262  -0.0010   0.0000  -0.0021   0.0044    0.169
    61   5.6906   2.0000   0.3471  -0.0412   0.0263  -0.0206  -0.0206  -0.0007   0.0000  -0.0019   0.0032    0.158
    62   5.8408   2.0000   0.2523  -0.0294   0.0296  -0.0147  -0.0147  -0.0005   0.0000  -0.0015   0.0022    0.146
    63   5.9424   2.0000   0.1531  -0.0177   0.0318  -0.0088  -0.0088  -0.0003   0.0000  -0.0010   0.0012    0.136
    64   5.9936   2.0000   0.0513  -0.0059   0.0328  -0.0029  -0.0029  -0.0001   0.0000  -0.0004   0.0004    0.129

  Surface # 4     Second Wing2 (YDUP)                     
     # Chordwise = 13   # Spanwise = 24     First strip = 65
     Surface area =   12.000000       Ave. chord =    2.000000
     CLsurf  =  -0.00471     Clsurf  =  -0.00030
     CYsurf  =   0.00000     Cmsurf  =   0.01569
     CDsurf  =  -0.00019     Cnsurf  =   0.00000
     CDisurf =  -0.00019     CDvsurf =   0.00000

  Forces referred to Ssurf, Cave about hinge axis thru LE
     CLsurf  =  -0.04724     CDsurf  =  -0.00187
     Deflect =

 Strip Forces referred to Strip Area, Chord
    j      Yle    Chord     Area     c cl      ai      cl_norm  cl       cd       cdv    cm_c/4    cm_LE  C.P.x/c
    65  -0.0064   2.0000   0.0513  -0.1181   0.0266  -0.0590  -0.0590  -0.0024   0.0000  -0.0017  -0.0131    0.221
    66  -0.0576   2.0000   0.1531  -0.1181   0.0266  -0.0590  -0.0590  -0.0024   0.0000  -0.0017  -0.0131    0.221
    67  -0.1592   2.0000   0.2523  -0.1181   0.0266  -0.0590  -0.0590  -0.0024   0.0000  -0.0017  -0.0131    0.221
    68  -0.3094   2.0000   0.3471  -0.1180   0.0266  -0.0590  -0.0590  -0.0024   0.0000  -0.0017  -0.0130    0.221
    69  -0.5056   2.0000   0.4360  -0.1178   0.0266  -0.0589  -0.0589  -0.0024   0.0000  -0.0017  -0.0130    0.221
    70  -0.7445   2.0000   0.5175  -0.1175   0.0267  -0.0587  -0.0587  -0.0024   0.0000  -0.0017  -0.0130    0.221
    71  -1.0220   2.0000   0.5901  -0.1169   0.0265  -0.0584  -0.0584  -0.0024   0.0000  -0.0017  -0.0129    0.220
    72  -1.3333   2.0000   0.6526  -0.1159   0.0267  -0.0579  -0.0579  -0.0023   0.0000  -0.0018  -0.0127    0.220
    73  -1.6731   2.0000   0.7039  -0.1145   0.0267  -0.0572  -0.0572  -0.0023   0.0000  -0.0018  -0.0125    0.219
    74  -2.0357   2.0000   0.7432  -0.1126   0.0262  -0.0562  -0.0562  -0.0023   0.0000  -0.0018  -0.0123    0.218
    75  -2.4147   2.0000   0.7698  -0.1098   0.0275  -0.0549  -0.0549  -0.0022   0.0000  -0.0019  -0.0119    0.216
    76  -2.8038   2.0000   0.7832  -0.1062   0.0255  -0.0530  -0.0530  -0.0021   0.0000  -0.0019  -0.0114    0.214
    77  -3.1962   2.0000   0.7832  -0.1016   0.0269  -0.0507  -0.0507  -0.0020   0.0000  -0.0019  -0.0108    0.212
    78  -3.5853   2.0000   0.7698  -0.0960   0.0288  -0.0480  -0.0480  -0.0019   0.0000  -0.0019  -0.0101    0.210
    79  -3.9643   2.0000   0.7432  -0.0900   0.0208  -0.0450  -0.0450  -0.0017   0.0000  -0.0018  -0.0094    0.209
    80  -4.3269   2.0000   0.7039  -0.0837   0.0300  -0.0418  -0.0418  -0.0016   0.0000  -0.0018  -0.0087    0.207
    81  -4.6667   2.0000   0.6526  -0.0771   0.0332  -0.0385  -0.0385  -0.0014   0.0000  -0.0019  -0.0078    0.202
    82  -4.9780   2.0000   0.5901  -0.0704   0.0273  -0.0352  -0.0352  -0.0013   0.0000  -0.0020  -0.0068    0.192
    83  -5.2555   2.0000   0.5175  -0.0624   0.0198  -0.0312  -0.0312  -0.0012   0.0000  -0.0022  -0.0056    0.180
    84  -5.4944   2.0000   0.4360  -0.0524   0.0224  -0.0262  -0.0262  -0.0010   0.0000  -0.0021  -0.0044    0.169
    85  -5.6906   2.0000   0.3471  -0.0412   0.0263  -0.0206  -0.0206  -0.0007   0.0000  -0.0019  -0.0032    0.158
    86  -5.8408   2.0000   0.2523  -0.0294   0.0296  -0.0147  -0.0147  -0.0005   0.0000  -0.0015  -0.0022    0.146
    87  -5.9424   2.0000   0.1531  -0.0177   0.0318  -0.0088  -0.0088  -0.0003   0.0000  -0.0010  -0.0012    0.136
    88  -5.9936   2.0000   0.0513  -0.0059   0.0328  -0.0029  -0.0029  -0.0001   0.0000  -0.0004  -0.0004    0.129

  Surface # 5     Fin                                     
     # Chordwise = 11   # Spanwise = 12     First strip = 89
     Surface area =    4.000000       Ave. chord =    1.600000
     CLsurf  =   0.00000     Clsurf  =  -0.00001
     CYsurf  =  -0.00020     Cmsurf  =  -0.00000
     CDsurf  =  -0.00000     Cnsurf  =   0.00005
     CDisurf =  -0.00000     CDvsurf =   0.00000

  Forces referred to Ssurf, Cave about hinge axis thru LE
     CLsurf  =   0.00611     CDsurf  =  -0.00001
     Deflect =

 Strip Forces referred to Strip Area, Chord
    j      Yle    Chord     Area     c cl      ai      cl_norm  cl       cd       cdv    cm_c/4    cm_LE  C.P.x/c
    89   4.0000   1.9966   0.0850   0.0012  -0.0057   0.0006   0.0006  -0.0000   0.0000   0.0001  -0.0001    0.154
    90   4.0000   1.9696   0.2459   0.0034  -0.0035   0.0018   0.0017  -0.0000   0.0000   0.0002  -0.0003    0.149
    91   4.0000   1.9173   0.3809   0.0054  -0.0026   0.0030   0.0028  -0.0000   0.0000   0.0003  -0.0004    0.142
    92   4.0000   1.8435   0.4773   0.0074  -0.0026   0.0043   0.0040  -0.0000   0.0000   0.0004  -0.0006    0.143
    93   4.0000   1.7531   0.5285   0.0096  -0.0023   0.0059   0.0055  -0.0000   0.0000   0.0005  -0.0008    0.153
    94   4.0000   1.6522   0.5345   0.0117  -0.0019   0.0076   0.0071  -0.0000   0.0000   0.0006  -0.0012    0.163
    95   4.0000   1.5478   0.5007   0.0131  -0.0015   0.0091   0.0084  -0.0000   0.0000   0.0007  -0.0014    0.170
    96   4.0000   1.4469   0.4362   0.0133  -0.0012   0.0099   0.0092  -0.0000   0.0000   0.0007  -0.0016    0.170
    97   4.0000   1.3565   0.3512   0.0123  -0.0010   0.0097   0.0091  -0.0000   0.0000   0.0008  -0.0015    0.161
    98   4.0000   1.2827   0.2548   0.0099  -0.0009   0.0083   0.0077  -0.0000   0.0000   0.0008  -0.0011    0.144
    99   4.0000   1.2304   0.1537   0.0064  -0.0007   0.0056   0.0052  -0.0000   0.0000   0.0007  -0.0006    0.121
   100   4.0000   1.2034   0.0513   0.0022  -0.0007   0.0020   0.0019  -0.0000   0.0000   0.0003  -0.0002    0.102

  Surface # 6     Fin (YDUP)                              
     # Chordwise = 11   # Spanwise = 12     First strip =101
     Surface area =    4.000000       Ave. chord =    1.600000
     CLsurf  =   0.00000     Clsurf  =   0.00001
     CYsurf  =   0.00020     Cmsurf  =  -0.00000
     CDsurf  =  -0.00000     Cnsurf  =  -0.00005
     CDisurf =  -0.00000     CDvsurf =   0.00000

  Forces referred to Ssurf, Cave about hinge axis thru LE
     CLsurf  =   0.00611     CDsurf  =  -0.00001
     Deflect =

 Strip Forces referred to Strip Area, Chord
    j      Yle    Chord     Area     c cl      ai      cl_norm  cl       cd       cdv    cm_c/4    cm_LE  C.P.x/c
   101  -4.0000   1.9966   0.0850   0.0012  -0.0057   0.0006   0.0006  -0.0000   0.0000   0.0001   0.0001    0.154
   102  -4.0000   1.9696   0.2459   0.0034  -0.0035   0.0018   0.0017  -0.0000   0.0000   0.0002   0.0003    0.149
   103  -4.0000   1.9173   0.3809   0.0054  -0.0026   0.0030   0.0028  -0.0000   0.0000   0.0003   0.0004    0.142
   104  -4.0000   1.8435   0.4773   0.0074  -0.0026   0.0043   0.0040  -0.0000   0.0000   0.0004   0.0006    0.143
   105  -4.0000   1.7531   0.5285   0.0096  -0.0023   0.0059   0.0055  -0.0000   0.0000   0.0005   0.0008    0.153
   106  -4.0000   1.6522   0.5345   0.0117  -0.0019   0.0076   0.0071  -0.0000   0.0000   0.0006   0.0012    0.163
   107  -4.0000   1.5478   0.5007   0.0131  -0.0015   0.0091   0.0084  -0.0000   0.0000   0.0007   0.0014    0.170
   108  -4.0000   1.4469   0.4362   0.0133  -0.0012   0.0099   0.0092  -0.0000   0.0000   0.0007   0.0016    0.170
   109  -4.0000   1.3565   0.3512   0.0123  -0.0010   0.0097   0.0091  -0.0000   0.0000   0.0008   0.0015    0.161
   110  -4.0000   1.2827   0.2548   0.0099  -0.0009   0.0083   0.0077  -0.0000   0.0000   0.0008   0.0011    0.144
   111  -4.0000   1.2304   0.1537   0.0064  -0.0007   0.0056   0.0052  -0.0000   0.0000   0.0007   0.0006    0.121
   112  -4.0000   1.2034   0.0513   0.0022  -0.0007   0.0020   0.0019  -0.0000   0.0000   0.0003   0.0002    0.102
 ---------------------------------------------------------------
