 ---------------------------------------------------------------
 Surface and Strip Forces by surface

  Forces referred to Sref, Cref, Bref about Xref, Yref, Zref
 Standard axis orientation,  X fwd, Z down         

  Surface # 1     FrontWing                               
     # Chordwise = 13   # Spanwise = 20     First strip =  1
     Surface area =   60.108913       Ave. chord =    3.005444
     CLsurf  =   0.43986     Clsurf  =  -0.09278
     CYsurf  =   0.00112     Cmsurf  =  -0.26182
     CDsurf  =   0.00913     Cnsurf  =  -0.00564
     CDisurf =   0.00913     CDvsurf =   0.00000

  Forces referred to Ssurf, Cave about hinge axis thru LE
     CLsurf  =   0.87996     CDsurf  =   0.01827
     Deflect =

 Strip Forces referred to Strip Area, Chord
    j      Yle    Chord     Area     c cl      ai      cl_norm  cl       cd       cdv    cm_c/4    cm_LE  C.P.x/c
     1   0.0282   3.7000   0.4171   3.4330   0.0518   0.9291   0.9291   0.0213   0.0000  -0.1410  -0.3730    0.402
     2   0.2530   3.7000   1.2412   3.4327   0.0518   0.9290   0.9290   0.0213   0.0000  -0.1410  -0.3730    0.402
     3   0.6971   3.7000   2.0346   3.4311   0.0519   0.9286   0.9286   0.0214   0.0000  -0.1410  -0.3728    0.402
     4   1.3494   3.7000   2.7780   3.4258   0.0522   0.9271   0.9271   0.0216   0.0000  -0.1410  -0.3725    0.402
     5   2.1940   3.7000   3.4529   3.4133   0.0531   0.9237   0.9237   0.0219   0.0000  -0.1409  -0.3716    0.403
     6   3.2101   3.7000   4.0429   3.3889   0.0548   0.9170   0.9170   0.0227   0.0000  -0.1409  -0.3699    0.404
     7   4.3726   3.7000   4.5333   3.3452   0.0626   0.9050   0.9050   0.0243   0.0000  -0.1412  -0.3672    0.406
     8   5.7356   3.6093   5.3981   3.2631   0.0487   0.9128   0.9051   0.0233   0.0000  -0.1412  -0.3645    0.406
     9   7.2752   3.4194   5.3825   3.1303   0.0344   0.9246   0.9168   0.0198   0.0000  -0.1409  -0.3670    0.404
    10   8.8741   3.2222   5.2001   2.9636   0.0351   0.9292   0.9213   0.0172   0.0000  -0.1409  -0.3681    0.403
    11  10.4930   3.0225   4.8779   2.7728   0.0335   0.9269   0.9191   0.0152   0.0000  -0.1410  -0.3675    0.403
    12  12.0919   2.8253   4.4474   2.5661   0.0320   0.9178   0.9100   0.0136   0.0000  -0.1409  -0.3652    0.405
    13  13.6315   2.6354   3.9416   2.3497   0.0315   0.9010   0.8934   0.0126   0.0000  -0.1406  -0.3607    0.407
    14  15.0739   2.4576   3.3921   2.1278   0.0328   0.8750   0.8676   0.0123   0.0000  -0.1399  -0.3537    0.411
    15  16.3836   2.2960   2.8264   1.9007   0.0366   0.8365   0.8294   0.0128   0.0000  -0.1386  -0.3429    0.417
    16  17.5282   2.1549   2.2655   1.6639   0.0446   0.7800   0.7735   0.0143   0.0000  -0.1359  -0.3265    0.426
    17  18.4798   2.0375   1.7234   1.4052   0.0587   0.6964   0.6905   0.0166   0.0000  -0.1304  -0.3005    0.439
    18  19.2147   1.9469   1.2061   1.1041   0.0818   0.5723   0.5675   0.0184   0.0000  -0.1182  -0.2581    0.458
    19  19.7150   1.8852   0.7124   0.7333   0.1186   0.3922   0.3889   0.0169   0.0000  -0.0918  -0.1877    0.486
    20  19.9682   1.8539   0.2355   0.2674   0.1704   0.1453   0.1441   0.0076   0.0000  -0.0387  -0.0742    0.519

  Surface # 2     FrontWing (YDUP)                        
     # Chordwise = 13   # Spanwise = 20     First strip = 21
     Surface area =   60.108913       Ave. chord =    3.005444
     CLsurf  =   0.43986     Clsurf  =   0.09278
     CYsurf  =  -0.00112     Cmsurf  =  -0.26182
     CDsurf  =   0.00913     Cnsurf  =   0.00564
     CDisurf =   0.00913     CDvsurf =   0.00000

  Forces referred to Ssurf, Cave about hinge axis thru LE
     CLsurf  =   0.87996     CDsurf  =   0.01827
     Deflect =

 Strip Forces referred to Strip Area, Chord
    j      Yle    Chord     Area     c cl      ai      cl_norm  cl       cd       cdv    cm_c/4    cm_LE  C.P.x/c
    21  -0.0282   3.7000   0.4171   3.4330   0.0518   0.9291   0.9291   0.0213   0.0000  -0.1410   0.3730    0.402
    22  -0.2530   3.7000   1.2412   3.4327   0.0518   0.9290   0.9290   0.0213   0.0000  -0.1410   0.3730    0.402
    23  -0.6971   3.7000   2.0346   3.4311   0.0519   0.9286   0.9286   0.0214   0.0000  -0.1410   0.3728    0.402
    24  -1.3494   3.7000   2.7780   3.4258   0.0522   0.9271   0.9271   0.0216   0.0000  -0.1410   0.3725    0.402
    25  -2.1940   3.7000   3.4529   3.4133   0.0531   0.9237   0.9237   0.0219   0.0000  -0.1409   0.3716    0.403
    26  -3.2101   3.7000   4.0429   3.3889   0.0548   0.9170   0.9170   0.0227   0.0000  -0.1409   0.3699    0.404
    27  -4.3726   3.7000   4.5333   3.3452   0.0626   0.9050   0.9050   0.0243   0.0000  -0.1412   0.3672    0.406
    28  -5.7356   3.6093   5.3981   3.2631   0.0487   0.9128   0.9051   0.0233   0.0000  -0.1412   0.3645    0.406
    29  -7.2752   3.4194   5.3825   3.1303   0.0344   0.9246   0.9168   0.0198   0.0000  -0.1409   0.3670    0.404
    30  -8.8741   3.2222   5.2001   2.9636   0.0351   0.9292   0.9213   0.0172   0.0000  -0.1409   0.3681    0.403
    31 -10.4930   3.0225   4.8779   2.7728   0.0335   0.9269   0.9191   0.0152   0.0000  -0.1410   0.3675    0.403
    32 -12.0919   2.8253   4.4474   2.5661   0.0320   0.9178   0.9100   0.0136   0.0000  -0.1409   0.3652    0.405
    33 -13.6315   2.6354   3.9416   2.3497   0.0315   0.9010   0.8934   0.0126   0.0000  -0.1406   0.3607    0.407
    34 -15.0739   2.4576   3.3921   2.1278   0.0328   0.8750   0.8676   0.0123   0.0000  -0.1399   0.3537    0.411
    35 -16.3836   2.2960   2.8264   1.9007   0.0366   0.8365   0.8294   0.0128   0.0000  -0.1386   0.3429    0.417
    36 -17.5282   2.1549   2.2655   1.6639   0.0446   0.7800   0.7735   0.0143   0.0000  -0.1359   0.3265    0.426
    37 -18.4798   2.0375   1.7234   1.4052   0.0587   0.6964   0.6905   0.0166   0.0000  -0.1304   0.3005    0.439
    38 -19.2147   1.9469   1.2061   1.1041   0.0818   0.5723   0.5675   0.0184   0.0000  -0.1182   0.2581    0.458
    39 -19.7150   1.8852   0.7124   0.7333   0.1186   0.3922   0.3889   0.0169   0.0000  -0.0918   0.1877    0.486
    40 -19.9682   1.8539   0.2355   0.2674   0.1704   0.1453   0.1441   0.0076   0.0000  -0.0387   0.0742    0.519

  Surface # 3     Second Wing2                            
     # Chordwise = 13   # Spanwise = 24     First strip = 41
     Surface area =   12.000000       Ave. chord =    2.000000
     CLsurf  =   0.01014     Clsurf  =  -0.00069
     CYsurf  =   0.00000     Cmsurf  =  -0.03416
     CDsurf  =   0.00065     Cnsurf  =  -0.00001
     CDisurf =   0.00065     CDvsurf =   0.00000

  Forces referred to Ssurf, Cave about hinge axis thru LE
     CLsurf  =   0.10157     CDsurf  =   0.00648
     Deflect =

 Strip Forces referred to Strip Area, Chord
    j      Yle    Chord     Area     c cl      ai      cl_norm  cl       cd       cdv    cm_c/4    cm_LE  C.P.x/c
    41   0.0064   2.0000   0.0513   0.2325   0.0513   0.1160   0.1160   0.0074   0.0000  -0.0016  -0.0307    0.264
    42   0.0576   2.0000   0.1531   0.2325   0.0513   0.1160   0.1160   0.0074   0.0000  -0.0016  -0.0307    0.264
    43   0.1592   2.0000   0.2523   0.2325   0.0513   0.1160   0.1160   0.0074   0.0000  -0.0016  -0.0307    0.264
    44   0.3094   2.0000   0.3471   0.2324   0.0513   0.1160   0.1160   0.0074   0.0000  -0.0016  -0.0307    0.264
    45   0.5056   2.0000   0.4360   0.2323   0.0513   0.1159   0.1159   0.0074   0.0000  -0.0016  -0.0307    0.264
    46   0.7445   2.0000   0.5175   0.2321   0.0515   0.1158   0.1158   0.0074   0.0000  -0.0016  -0.0306    0.264
    47   1.0220   2.0000   0.5901   0.2318   0.0514   0.1157   0.1157   0.0073   0.0000  -0.0016  -0.0306    0.264
    48   1.3333   2.0000   0.6526   0.2314   0.0518   0.1155   0.1155   0.0073   0.0000  -0.0016  -0.0305    0.264
    49   1.6731   2.0000   0.7039   0.2308   0.0522   0.1152   0.1152   0.0073   0.0000  -0.0016  -0.0304    0.264
    50   2.0357   2.0000   0.7432   0.2300   0.0517   0.1148   0.1148   0.0073   0.0000  -0.0016  -0.0303    0.264
    51   2.4147   2.0000   0.7698   0.2289   0.0541   0.1143   0.1143   0.0073   0.0000  -0.0016  -0.0302    0.264
    52   2.8038   2.0000   0.7832   0.2276   0.0518   0.1136   0.1136   0.0072   0.0000  -0.0015  -0.0299    0.263
    53   3.1962   2.0000   0.7832   0.2253   0.0544   0.1124   0.1124   0.0072   0.0000  -0.0013  -0.0295    0.262
    54   3.5853   2.0000   0.7698   0.2207   0.0568   0.1101   0.1101   0.0070   0.0000  -0.0010  -0.0286    0.259
    55   3.9643   2.0000   0.7432   0.2112   0.0364   0.1054   0.1054   0.0067   0.0000  -0.0004  -0.0268    0.254
    56   4.3269   2.0000   0.7039   0.1983   0.0663   0.0990   0.0990   0.0063   0.0000   0.0003  -0.0245    0.247
    57   4.6667   2.0000   0.6526   0.1846   0.0704   0.0921   0.0921   0.0059   0.0000   0.0007  -0.0224    0.243
    58   4.9780   2.0000   0.5901   0.1677   0.0635   0.0837   0.0837   0.0054   0.0000   0.0009  -0.0201    0.239
    59   5.2555   2.0000   0.5175   0.1484   0.0547   0.0741   0.0741   0.0049   0.0000   0.0011  -0.0174    0.235
    60   5.4944   2.0000   0.4360   0.1275   0.0597   0.0636   0.0636   0.0042   0.0000   0.0014  -0.0145    0.227
    61   5.6906   2.0000   0.3471   0.1040   0.0662   0.0519   0.0519   0.0035   0.0000   0.0016  -0.0114    0.218
    62   5.8408   2.0000   0.2523   0.0773   0.0717   0.0386   0.0386   0.0026   0.0000   0.0016  -0.0081    0.209
    63   5.9424   2.0000   0.1531   0.0477   0.0755   0.0238   0.0238   0.0016   0.0000   0.0012  -0.0048    0.202
    64   5.9936   2.0000   0.0513   0.0161   0.0773   0.0080   0.0080   0.0006   0.0000   0.0004  -0.0016    0.197

  Surface # 4     Second Wing2 (YDUP)                     
     # Chordwise = 13   # Spanwise = 24     First strip = 65
     Surface area =   12.000000       Ave. chord =    2.000000
     CLsurf  =   0.01014     Clsurf  =   0.00069
     CYsurf  =  -0.00000     Cmsurf  =  -0.03416
     CDsurf  =   0.00065     Cnsurf  =   0.00001
     CDisurf =   0.00065     CDvsurf =   0.00000

  Forces referred to Ssurf, Cave about hinge axis thru LE
     CLsurf  =   0.10156     CDsurf  =   0.00648
     Deflect =

 Strip Forces referred to Strip Area, Chord
    j      Yle    Chord     Area     c cl      ai      cl_norm  cl       cd       cdv    cm_c/4    cm_LE  C.P.x/c
    65  -0.0064   2.0000   0.0513   0.2325   0.0513   0.1160   0.1160   0.0074   0.0000  -0.0016   0.0307    0.264
    66  -0.0576   2.0000   0.1531   0.2325   0.0513   0.1160   0.1160   0.0074   0.0000  -0.0016   0.0307    0.264
    67  -0.1592   2.0000   0.2523   0.2325   0.0513   0.1160   0.1160   0.0074   0.0000  -0.0016   0.0307    0.264
    68  -0.3094   2.0000   0.3471   0.2324   0.0513   0.1160   0.1160   0.0074   0.0000  -0.0016   0.0307    0.264
    69  -0.5056   2.0000   0.4360   0.2323   0.0513   0.1159   0.1159   0.0074   0.0000  -0.0016   0.0307    0.264
    70  -0.7445   2.0000   0.5175   0.2321   0.0515   0.1158   0.1158   0.0074   0.0000  -0.0016   0.0306    0.264
    71  -1.0220   2.0000   0.5901   0.2318   0.0514   0.1157   0.1157   0.0073   0.0000  -0.0016   0.0306    0.264
    72  -1.3333   2.0000   0.6526   0.2314   0.0518   0.1155   0.1155   0.0073   0.0000  -0.0016   0.0305    0.264
    73  -1.6731   2.0000   0.7039   0.2308   0.0522   0.1152   0.1152   0.0073   0.0000  -0.0016   0.0304    0.264
    74  -2.0357   2.0000   0.7432   0.2300   0.0517   0.1148   0.1148   0.0073   0.0000  -0.0016   0.0303    0.264
    75  -2.4147   2.0000   0.7698   0.2289   0.0541   0.1143   0.1143   0.0073   0.0000  -0.0016   0.0302    0.264
    76  -2.8038   2.0000   0.7832   0.2276   0.0518   0.1136   0.1136   0.0072   0.0000  -0.0015   0.0299    0.263
    77  -3.1962   2.0000   0.7832   0.2253   0.0544   0.1124   0.1124   0.0072   0.0000  -0.0013   0.0295    0.262
    78  -3.5853   2.0000   0.7698   0.2207   0.0568   0.1101   0.1101   0.0070   0.0000  -0.0010   0.0286    0.259
    79  -3.9643   2.0000   0.7432   0.2112   0.0364   0.1054   0.1054   0.0067   0.0000  -0.0004   0.0268    0.254
    80  -4.3269   2.0000   0.7039   0.1983   0.0663   0.0990   0.0990   0.0063   0.0000   0.0003   0.0245    0.247
    81  -4.6667   2.0000   0.6526   0.1846   0.0704   0.0921   0.0921   0.0059   0.0000   0.0007   0.0224    0.243
    82  -4.9780   2.0000   0.5901   0.1677   0.0635   0.0837   0.0837   0.0054   0.0000   0.0009   0.0201    0.239
    83  -5.2555   2.0000   0.5175   0.1484   0.0547   0.0741   0.0741   0.0049   0.0000   0.0011   0.0174    0.235
    84  -5.4944   2.0000   0.4360   0.1275   0.0597   0.0636   0.0636   0.0042   0.0000   0.0014   0.0145    0.227
    85  -5.6906   2.0000   0.3471   0.1040   0.0662   0.0519   0.0519   0.0035   0.0000   0.0016   0.0114    0.218
    86  -5.8408   2.0000   0.2523   0.0773   0.0717   0.0386   0.0386   0.0026   0.0000   0.0016   0.0081    0.209
    87  -5.9424   2.0000   0.1531   0.0477   0.0755   0.0238   0.0238   0.0016   0.0000   0.0012   0.0048    0.202
    88  -5.9936   2.0000   0.0513   0.0161   0.0773   0.0080   0.0080   0.0006   0.0000   0.0004   0.0016    0.197

  Surface # 5     Fin                                     
     # Chordwise = 11   # Spanwise = 12     First strip = 89
     Surface area =    4.000000       Ave. chord =    1.600000
     CLsurf  =   0.00000     Clsurf  =  -0.00005
     CYsurf  =  -0.00080     Cmsurf  =  -0.00001
     CDsurf  =  -0.00000     Cnsurf  =   0.00021
     CDisurf =  -0.00000     CDvsurf =   0.00000

  Forces referred to Ssurf, Cave about hinge axis thru LE
     CLsurf  =   0.02395     CDsurf  =  -0.00012
     Deflect =

 Strip Forces referred to Strip Area, Chord
    j      Yle    Chord     Area     c cl      ai      cl_norm  cl       cd       cdv    cm_c/4    cm_LE  C.P.x/c
    89   4.0000   1.9966   0.0850   0.0044  -0.0099   0.0025   0.0022  -0.0000   0.0000  -0.0000  -0.0006    0.266
    90   4.0000   1.9696   0.2459   0.0140  -0.0131   0.0078   0.0071  -0.0000   0.0000  -0.0001  -0.0019    0.265
    91   4.0000   1.9173   0.3809   0.0248  -0.0125   0.0143   0.0129  -0.0000   0.0000  -0.0001  -0.0034    0.261
    92   4.0000   1.8435   0.4773   0.0356  -0.0103   0.0214   0.0193  -0.0001   0.0000  -0.0001  -0.0050    0.255
    93   4.0000   1.7531   0.5285   0.0442  -0.0087   0.0279   0.0252  -0.0001   0.0000   0.0001  -0.0064    0.247
    94   4.0000   1.6522   0.5345   0.0493  -0.0077   0.0330   0.0298  -0.0002   0.0000   0.0003  -0.0073    0.240
    95   4.0000   1.5478   0.5007   0.0503  -0.0070   0.0360   0.0325  -0.0002   0.0000   0.0006  -0.0078    0.232
    96   4.0000   1.4469   0.4362   0.0475  -0.0063   0.0364   0.0328  -0.0002   0.0000   0.0009  -0.0075    0.222
    97   4.0000   1.3565   0.3512   0.0412  -0.0057   0.0336   0.0304  -0.0002   0.0000   0.0013  -0.0066    0.208
    98   4.0000   1.2827   0.2548   0.0319  -0.0051   0.0275   0.0249  -0.0002   0.0000   0.0015  -0.0050    0.190
    99   4.0000   1.2304   0.1537   0.0202  -0.0046   0.0182   0.0164  -0.0001   0.0000   0.0013  -0.0030    0.169
   100   4.0000   1.2034   0.0513   0.0069  -0.0043   0.0064   0.0058  -0.0000   0.0000   0.0006  -0.0010    0.153

  Surface # 6     Fin (YDUP)                              
     # Chordwise = 11   # Spanwise = 12     First strip =101
     Surface area =    4.000000       Ave. chord =    1.600000
     CLsurf  =   0.00000     Clsurf  =   0.00005
     CYsurf  =   0.00080     Cmsurf  =  -0.00001
     CDsurf  =  -0.00000     Cnsurf  =  -0.00021
     CDisurf =  -0.00000     CDvsurf =   0.00000

  Forces referred to Ssurf, Cave about hinge axis thru LE
     CLsurf  =   0.02395     CDsurf  =  -0.00012
     Deflect =

 Strip Forces referred to Strip Area, Chord
    j      Yle    Chord     Area     c cl      ai      cl_norm  cl       cd       cdv    cm_c/4    cm_LE  C.P.x/c
   101  -4.0000   1.9966   0.0850   0.0044  -0.0099   0.0025   0.0022  -0.0000   0.0000  -0.0000   0.0006    0.266
   102  -4.0000   1.9696   0.2459   0.0140  -0.0131   0.0078   0.0071  -0.0000   0.0000  -0.0001   0.0019    0.265
   103  -4.0000   1.9173   0.3809   0.0248  -0.0125   0.0143   0.0129  -0.0000   0.0000  -0.0001   0.0034    0.261
   104  -4.0000   1.8435   0.4773   0.0356  -0.0103   0.0214   0.0193  -0.0001   0.0000  -0.0001   0.0050    0.255
   105  -4.0000   1.7531   0.5285   0.0442  -0.0087   0.0279   0.0252  -0.0001   0.0000   0.0001   0.0064    0.247
   106  -4.0000   1.6522   0.5345   0.0493  -0.0077   0.0330   0.0298  -0.0002   0.0000   0.0003   0.0073    0.240
   107  -4.0000   1.5478   0.5007   0.0503  -0.0070   0.0360   0.0325  -0.0002   0.0000   0.0006   0.0078    0.232
   108  -4.0000   1.4469   0.4362   0.0475  -0.0063   0.0364   0.0328  -0.0002   0.0000   0.0009   0.0075    0.222
   109  -4.0000   1.3565   0.3512   0.0412  -0.0057   0.0336   0.0304  -0.0002   0.0000   0.0013   0.0066    0.208
   110  -4.0000   1.2827   0.2548   0.0319  -0.0051   0.0275   0.0249  -0.0002   0.0000   0.0015   0.0050    0.190
   111  -4.0000   1.2304   0.1537   0.0202  -0.0046   0.0182   0.0164  -0.0001   0.0000   0.0013   0.0030    0.169
   112  -4.0000   1.2034   0.0513   0.0069  -0.0043   0.0064   0.0058  -0.0000   0.0000   0.0006   0.0010    0.153
 ---------------------------------------------------------------
