 ---------------------------------------------------------------
 Surface and Strip Forces by surface

  Forces referred to Sref, Cref, Bref about Xref, Yref, Zref
 Standard axis orientation,  X fwd, Z down         

  Surface # 1     FrontWing                               
     # Chordwise = 13   # Spanwise = 20     First strip =  1
     Surface area =   60.108913       Ave. chord =    3.005444
     CLsurf  =   0.07924     Clsurf  =  -0.01517
     CYsurf  =   0.00006     Cmsurf  =  -0.10115
     CDsurf  =   0.00045     Cnsurf  =   0.00089
     CDisurf =   0.00045     CDvsurf =   0.00000

  Forces referred to Ssurf, Cave about hinge axis thru LE
     CLsurf  =   0.15853     CDsurf  =   0.00091
     Deflect =

 Strip Forces referred to Strip Area, Chord
    j      Yle    Chord     Area     c cl      ai      cl_norm  cl       cd       cdv    cm_c/4    cm_LE  C.P.x/c
     1   0.0282   3.7000   0.4171   0.7013  -0.0132   0.1899   0.1899   0.0015   0.0000  -0.1421  -0.1895    0.998
     2   0.2530   3.7000   1.2412   0.7013  -0.0133   0.1899   0.1899   0.0015   0.0000  -0.1421  -0.1895    0.998
     3   0.6971   3.7000   2.0346   0.7010  -0.0134   0.1898   0.1898   0.0015   0.0000  -0.1421  -0.1894    0.998
     4   1.3494   3.7000   2.7780   0.7001  -0.0138   0.1896   0.1896   0.0015   0.0000  -0.1421  -0.1894    0.999
     5   2.1940   3.7000   3.4529   0.6978  -0.0147   0.1890   0.1890   0.0016   0.0000  -0.1420  -0.1891    1.001
     6   3.2101   3.7000   4.0429   0.6930  -0.0160   0.1877   0.1877   0.0016   0.0000  -0.1418  -0.1886    1.005
     7   4.3726   3.7000   4.5333   0.6832  -0.0212   0.1850   0.1850   0.0018   0.0000  -0.1412  -0.1874    1.013
     8   5.7356   3.6093   5.3981   0.6577   0.0108   0.1842   0.1826   0.0016   0.0000  -0.1412  -0.1854    1.024
     9   7.2752   3.4194   5.3825   0.6111   0.0335   0.1806   0.1791   0.0012   0.0000  -0.1419  -0.1852    1.043
    10   8.8741   3.2222   5.2001   0.5542   0.0190   0.1738   0.1723   0.0009   0.0000  -0.1422  -0.1838    1.075
    11  10.4930   3.0225   4.8779   0.4913   0.0129   0.1642   0.1628   0.0007   0.0000  -0.1424  -0.1816    1.124
    12  12.0919   2.8253   4.4474   0.4256   0.0091   0.1522   0.1509   0.0004   0.0000  -0.1424  -0.1787    1.194
    13  13.6315   2.6354   3.9416   0.3601   0.0062   0.1380   0.1369   0.0002   0.0000  -0.1425  -0.1753    1.291
    14  15.0739   2.4576   3.3921   0.2980   0.0039   0.1225   0.1214   0.0000   0.0000  -0.1425  -0.1715    1.424
    15  16.3836   2.2960   2.8264   0.2425   0.0020   0.1067   0.1058  -0.0001   0.0000  -0.1425  -0.1677    1.598
    16  17.5282   2.1549   2.2655   0.1971   0.0008   0.0924   0.0916  -0.0003   0.0000  -0.1424  -0.1640    1.804
    17  18.4798   2.0375   1.7234   0.1650   0.0020   0.0818   0.0811  -0.0004   0.0000  -0.1411  -0.1601    1.989
    18  19.2147   1.9469   1.2061   0.1450   0.0100   0.0752   0.0745  -0.0004   0.0000  -0.1345  -0.1520
    19  19.7150   1.8852   0.7124   0.1209   0.0334   0.0648   0.0643   0.0003   0.0000  -0.1103  -0.1254    1.966
    20  19.9682   1.8539   0.2355   0.0561   0.0768   0.0306   0.0303   0.0010   0.0000  -0.0480  -0.0551    1.831

  Surface # 2     FrontWing (YDUP)                        
     # Chordwise = 13   # Spanwise = 20     First strip = 21
     Surface area =   60.108913       Ave. chord =    3.005444
     CLsurf  =   0.07924     Clsurf  =   0.01517
     CYsurf  =  -0.00006     Cmsurf  =  -0.10115
     CDsurf  =   0.00045     Cnsurf  =  -0.00089
     CDisurf =   0.00045     CDvsurf =   0.00000

  Forces referred to Ssurf, Cave about hinge axis thru LE
     CLsurf  =   0.15853     CDsurf  =   0.00091
     Deflect =

 Strip Forces referred to Strip Area, Chord
    j      Yle    Chord     Area     c cl      ai      cl_norm  cl       cd       cdv    cm_c/4    cm_LE  C.P.x/c
    21  -0.0282   3.7000   0.4171   0.7013  -0.0132   0.1899   0.1899   0.0015   0.0000  -0.1421   0.1895    0.998
    22  -0.2530   3.7000   1.2412   0.7013  -0.0133   0.1899   0.1899   0.0015   0.0000  -0.1421   0.1895    0.998
    23  -0.6971   3.7000   2.0346   0.7010  -0.0134   0.1898   0.1898   0.0015   0.0000  -0.1421   0.1894    0.998
    24  -1.3494   3.7000   2.7780   0.7001  -0.0138   0.1896   0.1896   0.0015   0.0000  -0.1421   0.1894    0.999
    25  -2.1940   3.7000   3.4529   0.6978  -0.0147   0.1890   0.1890   0.0016   0.0000  -0.1420   0.1891    1.001
    26  -3.2101   3.7000   4.0429   0.6930  -0.0160   0.1877   0.1877   0.0016   0.0000  -0.1418   0.1886    1.005
    27  -4.3726   3.7000   4.5333   0.6832  -0.0212   0.1850   0.1850   0.0018   0.0000  -0.1412   0.1874    1.013
    28  -5.7356   3.6093   5.3981   0.6577   0.0108   0.1842   0.1826   0.0016   0.0000  -0.1412   0.1854    1.024
    29  -7.2752   3.4194   5.3825   0.6111   0.0335   0.1806   0.1791   0.0012   0.0000  -0.1419   0.1852    1.043
    30  -8.8741   3.2222   5.2001   0.5542   0.0190   0.1738   0.1723   0.0009   0.0000  -0.1422   0.1838    1.075
    31 -10.4930   3.0225   4.8779   0.4913   0.0129   0.1642   0.1628   0.0007   0.0000  -0.1424   0.1816    1.124
    32 -12.0919   2.8253   4.4474   0.4256   0.0091   0.1522   0.1509   0.0004   0.0000  -0.1424   0.1787    1.194
    33 -13.6315   2.6354   3.9416   0.3601   0.0062   0.1380   0.1369   0.0002   0.0000  -0.1425   0.1753    1.291
    34 -15.0739   2.4576   3.3921   0.2980   0.0039   0.1225   0.1214   0.0000   0.0000  -0.1425   0.1715    1.424
    35 -16.3836   2.2960   2.8264   0.2425   0.0020   0.1067   0.1058  -0.0001   0.0000  -0.1425   0.1677    1.598
    36 -17.5282   2.1549   2.2655   0.1971   0.0008   0.0924   0.0916  -0.0003   0.0000  -0.1424   0.1640    1.804
    37 -18.4798   2.0375   1.7234   0.1650   0.0020   0.0818   0.0811  -0.0004   0.0000  -0.1411   0.1601    1.989
    38 -19.2147   1.9469   1.2061   0.1450   0.0100   0.0752   0.0745  -0.0004   0.0000  -0.1345   0.1520
    39 -19.7150   1.8852   0.7124   0.1209   0.0334   0.0648   0.0643   0.0003   0.0000  -0.1103   0.1254    1.966
    40 -19.9682   1.8539   0.2355   0.0561   0.0768   0.0306   0.0303   0.0010   0.0000  -0.0480   0.0551    1.831

  Surface # 3     Second Wing2                            
     # Chordwise = 13   # Spanwise = 24     First strip = 41
     Surface area =   12.000000       Ave. chord =    2.000000
     CLsurf  =  -0.02924     Clsurf  =   0.00193
     CYsurf  =   0.00000     Cmsurf  =   0.09710
     CDsurf  =   0.00003     Cnsurf  =  -0.00010
     CDisurf =   0.00003     CDvsurf =   0.00000

  Forces referred to Ssurf, Cave about hinge axis thru LE
     CLsurf  =  -0.29306     CDsurf  =   0.00033
     Deflect =

 Strip Forces referred to Strip Area, Chord
    j      Yle    Chord     Area     c cl      ai      cl_norm  cl       cd       cdv    cm_c/4    cm_LE  C.P.x/c
    41   0.0064   2.0000   0.0513  -0.6951  -0.0142  -0.3481  -0.3481  -0.0008   0.0000  -0.0018   0.0851    0.245
    42   0.0576   2.0000   0.1531  -0.6951  -0.0142  -0.3481  -0.3481  -0.0008   0.0000  -0.0018   0.0851    0.245
    43   0.1592   2.0000   0.2523  -0.6950  -0.0142  -0.3481  -0.3481  -0.0008   0.0000  -0.0018   0.0851    0.245
    44   0.3094   2.0000   0.3471  -0.6947  -0.0142  -0.3479  -0.3479  -0.0008   0.0000  -0.0018   0.0850    0.245
    45   0.5056   2.0000   0.4360  -0.6940  -0.0143  -0.3476  -0.3476  -0.0008   0.0000  -0.0018   0.0849    0.245
    46   0.7445   2.0000   0.5175  -0.6928  -0.0144  -0.3470  -0.3470  -0.0008   0.0000  -0.0019   0.0847    0.245
    47   1.0220   2.0000   0.5901  -0.6907  -0.0146  -0.3459  -0.3459  -0.0007   0.0000  -0.0019   0.0844    0.244
    48   1.3333   2.0000   0.6526  -0.6874  -0.0149  -0.3443  -0.3443  -0.0007   0.0000  -0.0020   0.0840    0.244
    49   1.6731   2.0000   0.7039  -0.6826  -0.0153  -0.3419  -0.3419  -0.0006   0.0000  -0.0021   0.0833    0.244
    50   2.0357   2.0000   0.7432  -0.6760  -0.0161  -0.3386  -0.3386  -0.0004   0.0000  -0.0022   0.0823    0.244
    51   2.4147   2.0000   0.7698  -0.6670  -0.0165  -0.3341  -0.3341  -0.0003   0.0000  -0.0023   0.0810    0.243
    52   2.8038   2.0000   0.7832  -0.6550  -0.0180  -0.3280  -0.3280  -0.0001   0.0000  -0.0026   0.0793    0.242
    53   3.1962   2.0000   0.7832  -0.6389  -0.0185  -0.3199  -0.3199   0.0002   0.0000  -0.0029   0.0770    0.241
    54   3.5853   2.0000   0.7698  -0.6168  -0.0175  -0.3089  -0.3089   0.0005   0.0000  -0.0034   0.0737    0.239
    55   3.9643   2.0000   0.7432  -0.5861  -0.0050  -0.2935  -0.2935   0.0008   0.0000  -0.0042   0.0691    0.236
    56   4.3269   2.0000   0.7039  -0.5490  -0.0299  -0.2749  -0.2749   0.0011   0.0000  -0.0052   0.0634    0.231
    57   4.6667   2.0000   0.6526  -0.5088  -0.0282  -0.2547  -0.2547   0.0015   0.0000  -0.0061   0.0575    0.226
    58   4.9780   2.0000   0.5901  -0.4632  -0.0325  -0.2319  -0.2319   0.0017   0.0000  -0.0069   0.0510    0.220
    59   5.2555   2.0000   0.5175  -0.4103  -0.0378  -0.2053  -0.2053   0.0019   0.0000  -0.0076   0.0437    0.213
    60   5.4944   2.0000   0.4360  -0.3492  -0.0391  -0.1748  -0.1748   0.0020   0.0000  -0.0080   0.0357    0.204
    61   5.6906   2.0000   0.3471  -0.2806  -0.0396  -0.1404  -0.1404   0.0020   0.0000  -0.0077   0.0274    0.195
    62   5.8408   2.0000   0.2523  -0.2055  -0.0401  -0.1028  -0.1028   0.0018   0.0000  -0.0066   0.0191    0.186
    63   5.9424   2.0000   0.1531  -0.1254  -0.0405  -0.0627  -0.0627   0.0014   0.0000  -0.0046   0.0111    0.177
    64   5.9936   2.0000   0.0513  -0.0422  -0.0408  -0.0211  -0.0211   0.0006   0.0000  -0.0017   0.0036    0.172

  Surface # 4     Second Wing2 (YDUP)                     
     # Chordwise = 13   # Spanwise = 24     First strip = 65
     Surface area =   12.000000       Ave. chord =    2.000000
     CLsurf  =  -0.02924     Clsurf  =  -0.00193
     CYsurf  =   0.00000     Cmsurf  =   0.09710
     CDsurf  =   0.00003     Cnsurf  =   0.00010
     CDisurf =   0.00003     CDvsurf =   0.00000

  Forces referred to Ssurf, Cave about hinge axis thru LE
     CLsurf  =  -0.29306     CDsurf  =   0.00033
     Deflect =

 Strip Forces referred to Strip Area, Chord
    j      Yle    Chord     Area     c cl      ai      cl_norm  cl       cd       cdv    cm_c/4    cm_LE  C.P.x/c
    65  -0.0064   2.0000   0.0513  -0.6951  -0.0142  -0.3481  -0.3481  -0.0008   0.0000  -0.0018  -0.0851    0.245
    66  -0.0576   2.0000   0.1531  -0.6951  -0.0142  -0.3481  -0.3481  -0.0008   0.0000  -0.0018  -0.0851    0.245
    67  -0.1592   2.0000   0.2523  -0.6950  -0.0142  -0.3481  -0.3481  -0.0008   0.0000  -0.0018  -0.0851    0.245
    68  -0.3094   2.0000   0.3471  -0.6947  -0.0142  -0.3479  -0.3479  -0.0008   0.0000  -0.0018  -0.0850    0.245
    69  -0.5056   2.0000   0.4360  -0.6940  -0.0143  -0.3476  -0.3476  -0.0008   0.0000  -0.0018  -0.0849    0.245
    70  -0.7445   2.0000   0.5175  -0.6928  -0.0144  -0.3470  -0.3470  -0.0008   0.0000  -0.0019  -0.0847    0.245
    71  -1.0220   2.0000   0.5901  -0.6907  -0.0146  -0.3459  -0.3459  -0.0007   0.0000  -0.0019  -0.0844    0.244
    72  -1.3333   2.0000   0.6526  -0.6874  -0.0149  -0.3443  -0.3443  -0.0007   0.0000  -0.0020  -0.0840    0.244
    73  -1.6731   2.0000   0.7039  -0.6827  -0.0153  -0.3419  -0.3419  -0.0006   0.0000  -0.0021  -0.0833    0.244
    74  -2.0357   2.0000   0.7432  -0.6760  -0.0161  -0.3386  -0.3386  -0.0004   0.0000  -0.0022  -0.0823    0.244
    75  -2.4147   2.0000   0.7698  -0.6670  -0.0165  -0.3341  -0.3341  -0.0003   0.0000  -0.0023  -0.0810    0.243
    76  -2.8038   2.0000   0.7832  -0.6550  -0.0181  -0.3280  -0.3280  -0.0001   0.0000  -0.0026  -0.0793    0.242
    77  -3.1962   2.0000   0.7832  -0.6389  -0.0185  -0.3199  -0.3199   0.0002   0.0000  -0.0029  -0.0770    0.241
    78  -3.5853   2.0000   0.7698  -0.6168  -0.0175  -0.3089  -0.3089   0.0005   0.0000  -0.0034  -0.0737    0.239
    79  -3.9643   2.0000   0.7432  -0.5861  -0.0050  -0.2935  -0.2935   0.0008   0.0000  -0.0042  -0.0691    0.236
    80  -4.3269   2.0000   0.7039  -0.5490  -0.0299  -0.2749  -0.2749   0.0011   0.0000  -0.0052  -0.0634    0.231
    81  -4.6667   2.0000   0.6526  -0.5088  -0.0282  -0.2547  -0.2547   0.0015   0.0000  -0.0061  -0.0575    0.226
    82  -4.9780   2.0000   0.5901  -0.4632  -0.0325  -0.2319  -0.2319   0.0017   0.0000  -0.0069  -0.0510    0.220
    83  -5.2555   2.0000   0.5175  -0.4103  -0.0378  -0.2053  -0.2053   0.0019   0.0000  -0.0076  -0.0437    0.213
    84  -5.4944   2.0000   0.4360  -0.3492  -0.0391  -0.1748  -0.1748   0.0020   0.0000  -0.0080  -0.0357    0.204
    85  -5.6906   2.0000   0.3471  -0.2806  -0.0396  -0.1404  -0.1404   0.0020   0.0000  -0.0077  -0.0274    0.195
    86  -5.8408   2.0000   0.2523  -0.2055  -0.0401  -0.1028  -0.1028   0.0018   0.0000  -0.0066  -0.0191    0.186
    87  -5.9424   2.0000   0.1531  -0.1254  -0.0405  -0.0627  -0.0627   0.0014   0.0000  -0.0046  -0.0111    0.177
    88  -5.9936   2.0000   0.0513  -0.0422  -0.0408  -0.0211  -0.0211   0.0006   0.0000  -0.0017  -0.0036    0.172

  Surface # 5     Fin                                     
     # Chordwise = 11   # Spanwise = 12     First strip = 89
     Surface area =    4.000000       Ave. chord =    1.600000
     CLsurf  =   0.00000     Clsurf  =   0.00005
     CYsurf  =   0.00073     Cmsurf  =  -0.00000
     CDsurf  =  -0.00000     Cnsurf  =  -0.00020
     CDisurf =  -0.00000     CDvsurf =   0.00000

  Forces referred to Ssurf, Cave about hinge axis thru LE
     CLsurf  =  -0.02209     CDsurf  =  -0.00007
     Deflect =

 Strip Forces referred to Strip Area, Chord
    j      Yle    Chord     Area     c cl      ai      cl_norm  cl       cd       cdv    cm_c/4    cm_LE  C.P.x/c
    89   4.0000   1.9966   0.0850  -0.0041   0.0012  -0.0021  -0.0021   0.0000   0.0000   0.0002   0.0007    0.350
    90   4.0000   1.9696   0.2459  -0.0137   0.0124  -0.0072  -0.0069  -0.0000   0.0000   0.0006   0.0022    0.342
    91   4.0000   1.9173   0.3809  -0.0253   0.0136  -0.0137  -0.0132  -0.0000   0.0000   0.0010   0.0040    0.329
    92   4.0000   1.8435   0.4773  -0.0367   0.0100  -0.0206  -0.0199  -0.0000   0.0000   0.0013   0.0057    0.315
    93   4.0000   1.7531   0.5285  -0.0446   0.0083  -0.0263  -0.0254  -0.0001   0.0000   0.0013   0.0070    0.302
    94   4.0000   1.6522   0.5345  -0.0475   0.0078  -0.0297  -0.0287  -0.0001   0.0000   0.0012   0.0076    0.290
    95   4.0000   1.5478   0.5007  -0.0459   0.0075  -0.0306  -0.0296  -0.0001   0.0000   0.0009   0.0075    0.279
    96   4.0000   1.4469   0.4362  -0.0410   0.0072  -0.0293  -0.0283  -0.0001   0.0000   0.0005   0.0069    0.268
    97   4.0000   1.3565   0.3512  -0.0339   0.0067  -0.0258  -0.0250  -0.0001   0.0000   0.0001   0.0057    0.255
    98   4.0000   1.2827   0.2548  -0.0252   0.0061  -0.0203  -0.0197  -0.0001   0.0000  -0.0002   0.0042    0.239
    99   4.0000   1.2304   0.1537  -0.0156   0.0056  -0.0131  -0.0127  -0.0001   0.0000  -0.0003   0.0025    0.223
   100   4.0000   1.2034   0.0513  -0.0053   0.0052  -0.0045  -0.0044  -0.0000   0.0000  -0.0002   0.0008    0.211

  Surface # 6     Fin (YDUP)                              
     # Chordwise = 11   # Spanwise = 12     First strip =101
     Surface area =    4.000000       Ave. chord =    1.600000
     CLsurf  =   0.00000     Clsurf  =  -0.00005
     CYsurf  =  -0.00073     Cmsurf  =  -0.00000
     CDsurf  =  -0.00000     Cnsurf  =   0.00020
     CDisurf =  -0.00000     CDvsurf =   0.00000

  Forces referred to Ssurf, Cave about hinge axis thru LE
     CLsurf  =  -0.02209     CDsurf  =  -0.00007
     Deflect =

 Strip Forces referred to Strip Area, Chord
    j      Yle    Chord     Area     c cl      ai      cl_norm  cl       cd       cdv    cm_c/4    cm_LE  C.P.x/c
   101  -4.0000   1.9966   0.0850  -0.0041   0.0012  -0.0021  -0.0021   0.0000   0.0000   0.0002  -0.0007    0.350
   102  -4.0000   1.9696   0.2459  -0.0137   0.0124  -0.0072  -0.0069  -0.0000   0.0000   0.0006  -0.0022    0.342
   103  -4.0000   1.9173   0.3809  -0.0253   0.0136  -0.0137  -0.0132  -0.0000   0.0000   0.0010  -0.0040    0.329
   104  -4.0000   1.8435   0.4773  -0.0367   0.0100  -0.0206  -0.0199  -0.0000   0.0000   0.0013  -0.0057    0.315
   105  -4.0000   1.7531   0.5285  -0.0446   0.0083  -0.0263  -0.0254  -0.0001   0.0000   0.0013  -0.0070    0.302
   106  -4.0000   1.6522   0.5345  -0.0475   0.0078  -0.0297  -0.0287  -0.0001   0.0000   0.0012  -0.0076    0.290
   107  -4.0000   1.5478   0.5007  -0.0459   0.0075  -0.0306  -0.0296  -0.0001   0.0000   0.0009  -0.0075    0.279
   108  -4.0000   1.4469   0.4362  -0.0410   0.0072  -0.0293  -0.0283  -0.0001   0.0000   0.0005  -0.0069    0.268
   109  -4.0000   1.3565   0.3512  -0.0339   0.0067  -0.0258  -0.0250  -0.0001   0.0000   0.0001  -0.0057    0.255
   110  -4.0000   1.2827   0.2548  -0.0252   0.0061  -0.0203  -0.0197  -0.0001   0.0000  -0.0002  -0.0042    0.239
   111  -4.0000   1.2304   0.1537  -0.0156   0.0056  -0.0131  -0.0127  -0.0001   0.0000  -0.0003  -0.0025    0.223
   112  -4.0000   1.2034   0.0513  -0.0053   0.0052  -0.0045  -0.0044  -0.0000   0.0000  -0.0002  -0.0008    0.211
 ---------------------------------------------------------------
