 ---------------------------------------------------------------
 Surface and Strip Forces by surface

  Forces referred to Sref, Cref, Bref about Xref, Yref, Zref
 Standard axis orientation,  X fwd, Z down         

  Surface # 1     FrontWing                               
     # Chordwise = 13   # Spanwise = 20     First strip =  1
     Surface area =   60.108913       Ave. chord =    3.005444
     CLsurf  =   0.39482     Clsurf  =  -0.08315
     CYsurf  =   0.00093     Cmsurf  =  -0.24074
     CDsurf  =   0.00742     Cnsurf  =  -0.00379
     CDisurf =   0.00742     CDvsurf =   0.00000

  Forces referred to Ssurf, Cave about hinge axis thru LE
     CLsurf  =   0.78985     CDsurf  =   0.01485
     Deflect =

 Strip Forces referred to Strip Area, Chord
    j      Yle    Chord     Area     c cl      ai      cl_norm  cl       cd       cdv    cm_c/4    cm_LE  C.P.x/c
     1   0.0282   3.7000   0.4171   3.0942   0.0436   0.8368   0.8368   0.0176   0.0000  -0.1414  -0.3505    0.419
     2   0.2530   3.7000   1.2412   3.0940   0.0436   0.8368   0.8368   0.0176   0.0000  -0.1414  -0.3505    0.419
     3   0.6971   3.7000   2.0346   3.0926   0.0437   0.8364   0.8364   0.0176   0.0000  -0.1414  -0.3504    0.419
     4   1.3494   3.7000   2.7780   3.0878   0.0439   0.8351   0.8351   0.0177   0.0000  -0.1414  -0.3500    0.419
     5   2.1940   3.7000   3.4529   3.0766   0.0446   0.8320   0.8320   0.0180   0.0000  -0.1414  -0.3492    0.420
     6   3.2101   3.7000   4.0429   3.0546   0.0459   0.8260   0.8260   0.0186   0.0000  -0.1413  -0.3477    0.421
     7   4.3726   3.7000   4.5333   3.0150   0.0521   0.8152   0.8152   0.0199   0.0000  -0.1415  -0.3452    0.424
     8   5.7356   3.6093   5.3981   2.9400   0.0440   0.8219   0.8150   0.0191   0.0000  -0.1415  -0.3426    0.424
     9   7.2752   3.4194   5.3825   2.8178   0.0343   0.8317   0.8247   0.0163   0.0000  -0.1413  -0.3447    0.421
    10   8.8741   3.2222   5.2001   2.6647   0.0331   0.8348   0.8277   0.0141   0.0000  -0.1414  -0.3455    0.421
    11  10.4930   3.0225   4.8779   2.4897   0.0309   0.8316   0.8246   0.0124   0.0000  -0.1414  -0.3447    0.422
    12  12.0919   2.8253   4.4474   2.3004   0.0291   0.8221   0.8151   0.0110   0.0000  -0.1414  -0.3423    0.423
    13  13.6315   2.6354   3.9416   2.1027   0.0284   0.8056   0.7988   0.0101   0.0000  -0.1411  -0.3380    0.427
    14  15.0739   2.4576   3.3921   1.9005   0.0291   0.7808   0.7742   0.0097   0.0000  -0.1405  -0.3313    0.431
    15  16.3836   2.2960   2.8264   1.6947   0.0323   0.7452   0.7389   0.0100   0.0000  -0.1394  -0.3215    0.439
    16  17.5282   2.1549   2.2655   1.4816   0.0391   0.6941   0.6882   0.0112   0.0000  -0.1370  -0.3066    0.449
    17  18.4798   2.0375   1.7234   1.2511   0.0516   0.6197   0.6144   0.0130   0.0000  -0.1320  -0.2834    0.465
    18  19.2147   1.9469   1.2061   0.9849   0.0728   0.5103   0.5060   0.0145   0.0000  -0.1205  -0.2452    0.488
    19  19.7150   1.8852   0.7124   0.6573   0.1079   0.3515   0.3485   0.0135   0.0000  -0.0944  -0.1802    0.521
    20  19.9682   1.8539   0.2355   0.2412   0.1587   0.1311   0.1300   0.0062   0.0000  -0.0400  -0.0720    0.558

  Surface # 2     FrontWing (YDUP)                        
     # Chordwise = 13   # Spanwise = 20     First strip = 21
     Surface area =   60.108913       Ave. chord =    3.005444
     CLsurf  =   0.39482     Clsurf  =   0.08315
     CYsurf  =  -0.00094     Cmsurf  =  -0.24074
     CDsurf  =   0.00742     Cnsurf  =   0.00379
     CDisurf =   0.00742     CDvsurf =   0.00000

  Forces referred to Ssurf, Cave about hinge axis thru LE
     CLsurf  =   0.78985     CDsurf  =   0.01485
     Deflect =

 Strip Forces referred to Strip Area, Chord
    j      Yle    Chord     Area     c cl      ai      cl_norm  cl       cd       cdv    cm_c/4    cm_LE  C.P.x/c
    21  -0.0282   3.7000   0.4171   3.0942   0.0436   0.8368   0.8368   0.0176   0.0000  -0.1414   0.3505    0.419
    22  -0.2530   3.7000   1.2412   3.0940   0.0436   0.8368   0.8368   0.0176   0.0000  -0.1414   0.3505    0.419
    23  -0.6971   3.7000   2.0346   3.0926   0.0437   0.8364   0.8364   0.0176   0.0000  -0.1414   0.3504    0.419
    24  -1.3494   3.7000   2.7780   3.0878   0.0439   0.8351   0.8351   0.0177   0.0000  -0.1414   0.3500    0.419
    25  -2.1940   3.7000   3.4529   3.0766   0.0446   0.8320   0.8320   0.0180   0.0000  -0.1414   0.3492    0.420
    26  -3.2101   3.7000   4.0429   3.0546   0.0459   0.8260   0.8260   0.0186   0.0000  -0.1413   0.3477    0.421
    27  -4.3726   3.7000   4.5333   3.0150   0.0521   0.8152   0.8152   0.0199   0.0000  -0.1415   0.3452    0.424
    28  -5.7356   3.6093   5.3981   2.9400   0.0440   0.8219   0.8150   0.0191   0.0000  -0.1415   0.3426    0.424
    29  -7.2752   3.4194   5.3825   2.8178   0.0343   0.8317   0.8247   0.0162   0.0000  -0.1413   0.3447    0.421
    30  -8.8741   3.2222   5.2001   2.6647   0.0331   0.8348   0.8277   0.0141   0.0000  -0.1414   0.3455    0.421
    31 -10.4930   3.0225   4.8779   2.4897   0.0309   0.8316   0.8246   0.0124   0.0000  -0.1414   0.3447    0.422
    32 -12.0919   2.8253   4.4474   2.3004   0.0291   0.8221   0.8151   0.0110   0.0000  -0.1414   0.3423    0.423
    33 -13.6315   2.6354   3.9416   2.1027   0.0284   0.8056   0.7988   0.0101   0.0000  -0.1411   0.3380    0.427
    34 -15.0739   2.4576   3.3921   1.9005   0.0291   0.7808   0.7742   0.0097   0.0000  -0.1405   0.3313    0.431
    35 -16.3836   2.2960   2.8264   1.6947   0.0323   0.7452   0.7389   0.0100   0.0000  -0.1394   0.3215    0.439
    36 -17.5282   2.1549   2.2655   1.4816   0.0391   0.6941   0.6882   0.0112   0.0000  -0.1370   0.3066    0.449
    37 -18.4798   2.0375   1.7234   1.2511   0.0516   0.6197   0.6144   0.0130   0.0000  -0.1320   0.2834    0.465
    38 -19.2147   1.9469   1.2061   0.9849   0.0728   0.5103   0.5060   0.0145   0.0000  -0.1205   0.2452    0.488
    39 -19.7150   1.8852   0.7124   0.6573   0.1079   0.3515   0.3485   0.0135   0.0000  -0.0944   0.1802    0.521
    40 -19.9682   1.8539   0.2355   0.2412   0.1587   0.1311   0.1300   0.0062   0.0000  -0.0400   0.0720    0.558

  Surface # 3     Second Wing2                            
     # Chordwise = 13   # Spanwise = 24     First strip = 41
     Surface area =   12.000000       Ave. chord =    2.000000
     CLsurf  =   0.00518     Clsurf  =  -0.00036
     CYsurf  =   0.00000     Cmsurf  =  -0.01748
     CDsurf  =   0.00029     Cnsurf  =  -0.00000
     CDisurf =   0.00029     CDvsurf =   0.00000

  Forces referred to Ssurf, Cave about hinge axis thru LE
     CLsurf  =   0.05192     CDsurf  =   0.00288
     Deflect =

 Strip Forces referred to Strip Area, Chord
    j      Yle    Chord     Area     c cl      ai      cl_norm  cl       cd       cdv    cm_c/4    cm_LE  C.P.x/c
    41   0.0064   2.0000   0.0513   0.1154   0.0431   0.0576   0.0576   0.0032   0.0000  -0.0016  -0.0161    0.279
    42   0.0576   2.0000   0.1531   0.1154   0.0431   0.0576   0.0576   0.0032   0.0000  -0.0016  -0.0161    0.279
    43   0.1592   2.0000   0.2523   0.1154   0.0431   0.0576   0.0576   0.0032   0.0000  -0.0016  -0.0161    0.279
    44   0.3094   2.0000   0.3471   0.1154   0.0431   0.0576   0.0576   0.0032   0.0000  -0.0016  -0.0161    0.279
    45   0.5056   2.0000   0.4360   0.1154   0.0431   0.0576   0.0576   0.0032   0.0000  -0.0016  -0.0161    0.279
    46   0.7445   2.0000   0.5175   0.1154   0.0432   0.0576   0.0576   0.0032   0.0000  -0.0016  -0.0161    0.279
    47   1.0220   2.0000   0.5901   0.1154   0.0431   0.0576   0.0576   0.0032   0.0000  -0.0017  -0.0161    0.279
    48   1.3333   2.0000   0.6526   0.1154   0.0434   0.0576   0.0576   0.0032   0.0000  -0.0017  -0.0161    0.279
    49   1.6731   2.0000   0.7039   0.1154   0.0437   0.0576   0.0576   0.0032   0.0000  -0.0017  -0.0161    0.279
    50   2.0357   2.0000   0.7432   0.1156   0.0432   0.0577   0.0577   0.0032   0.0000  -0.0017  -0.0161    0.279
    51   2.4147   2.0000   0.7698   0.1158   0.0452   0.0578   0.0578   0.0032   0.0000  -0.0017  -0.0161    0.279
    52   2.8038   2.0000   0.7832   0.1161   0.0430   0.0580   0.0580   0.0032   0.0000  -0.0016  -0.0161    0.278
    53   3.1962   2.0000   0.7832   0.1161   0.0452   0.0580   0.0580   0.0032   0.0000  -0.0015  -0.0160    0.276
    54   3.5853   2.0000   0.7698   0.1149   0.0474   0.0574   0.0574   0.0032   0.0000  -0.0013  -0.0157    0.273
    55   3.9643   2.0000   0.7432   0.1106   0.0312   0.0552   0.0552   0.0030   0.0000  -0.0009  -0.0147    0.266
    56   4.3269   2.0000   0.7039   0.1042   0.0542   0.0520   0.0520   0.0028   0.0000  -0.0004  -0.0135    0.258
    57   4.6667   2.0000   0.6526   0.0973   0.0580   0.0486   0.0486   0.0027   0.0000  -0.0002  -0.0123    0.253
    58   4.9780   2.0000   0.5901   0.0882   0.0514   0.0441   0.0441   0.0024   0.0000  -0.0001  -0.0111    0.252
    59   5.2555   2.0000   0.5175   0.0781   0.0430   0.0390   0.0390   0.0022   0.0000   0.0000  -0.0097    0.249
    60   5.4944   2.0000   0.4360   0.0674   0.0472   0.0337   0.0337   0.0019   0.0000   0.0002  -0.0082    0.243
    61   5.6906   2.0000   0.3471   0.0556   0.0529   0.0277   0.0277   0.0016   0.0000   0.0005  -0.0065    0.233
    62   5.8408   2.0000   0.2523   0.0417   0.0577   0.0208   0.0208   0.0012   0.0000   0.0005  -0.0047    0.224
    63   5.9424   2.0000   0.1531   0.0259   0.0609   0.0129   0.0129   0.0007   0.0000   0.0004  -0.0028    0.217
    64   5.9936   2.0000   0.0513   0.0088   0.0624   0.0044   0.0044   0.0003   0.0000   0.0002  -0.0009    0.212

  Surface # 4     Second Wing2 (YDUP)                     
     # Chordwise = 13   # Spanwise = 24     First strip = 65
     Surface area =   12.000000       Ave. chord =    2.000000
     CLsurf  =   0.00518     Clsurf  =   0.00036
     CYsurf  =   0.00000     Cmsurf  =  -0.01748
     CDsurf  =   0.00029     Cnsurf  =   0.00000
     CDisurf =   0.00029     CDvsurf =   0.00000

  Forces referred to Ssurf, Cave about hinge axis thru LE
     CLsurf  =   0.05192     CDsurf  =   0.00288
     Deflect =

 Strip Forces referred to Strip Area, Chord
    j      Yle    Chord     Area     c cl      ai      cl_norm  cl       cd       cdv    cm_c/4    cm_LE  C.P.x/c
    65  -0.0064   2.0000   0.0513   0.1154   0.0431   0.0576   0.0576   0.0032   0.0000  -0.0016   0.0161    0.279
    66  -0.0576   2.0000   0.1531   0.1154   0.0431   0.0576   0.0576   0.0032   0.0000  -0.0016   0.0161    0.279
    67  -0.1592   2.0000   0.2523   0.1154   0.0431   0.0576   0.0576   0.0032   0.0000  -0.0016   0.0161    0.279
    68  -0.3094   2.0000   0.3471   0.1154   0.0431   0.0576   0.0576   0.0032   0.0000  -0.0016   0.0161    0.279
    69  -0.5056   2.0000   0.4360   0.1154   0.0431   0.0576   0.0576   0.0032   0.0000  -0.0016   0.0161    0.279
    70  -0.7445   2.0000   0.5175   0.1154   0.0432   0.0576   0.0576   0.0032   0.0000  -0.0016   0.0161    0.279
    71  -1.0220   2.0000   0.5901   0.1154   0.0431   0.0576   0.0576   0.0032   0.0000  -0.0017   0.0161    0.279
    72  -1.3333   2.0000   0.6526   0.1154   0.0434   0.0576   0.0576   0.0032   0.0000  -0.0017   0.0161    0.279
    73  -1.6731   2.0000   0.7039   0.1154   0.0437   0.0576   0.0576   0.0032   0.0000  -0.0017   0.0161    0.279
    74  -2.0357   2.0000   0.7432   0.1156   0.0432   0.0577   0.0577   0.0032   0.0000  -0.0017   0.0161    0.279
    75  -2.4147   2.0000   0.7698   0.1158   0.0452   0.0578   0.0578   0.0032   0.0000  -0.0017   0.0161    0.279
    76  -2.8038   2.0000   0.7832   0.1161   0.0430   0.0580   0.0580   0.0032   0.0000  -0.0016   0.0161    0.278
    77  -3.1962   2.0000   0.7832   0.1161   0.0452   0.0580   0.0580   0.0032   0.0000  -0.0015   0.0160    0.276
    78  -3.5853   2.0000   0.7698   0.1149   0.0474   0.0574   0.0574   0.0032   0.0000  -0.0013   0.0157    0.273
    79  -3.9643   2.0000   0.7432   0.1106   0.0312   0.0552   0.0552   0.0030   0.0000  -0.0009   0.0147    0.266
    80  -4.3269   2.0000   0.7039   0.1042   0.0542   0.0520   0.0520   0.0028   0.0000  -0.0004   0.0135    0.258
    81  -4.6667   2.0000   0.6526   0.0973   0.0580   0.0486   0.0486   0.0027   0.0000  -0.0002   0.0123    0.253
    82  -4.9780   2.0000   0.5901   0.0882   0.0514   0.0441   0.0441   0.0024   0.0000  -0.0001   0.0111    0.252
    83  -5.2555   2.0000   0.5175   0.0781   0.0430   0.0390   0.0390   0.0022   0.0000   0.0000   0.0097    0.249
    84  -5.4944   2.0000   0.4360   0.0674   0.0472   0.0337   0.0337   0.0019   0.0000   0.0002   0.0082    0.243
    85  -5.6906   2.0000   0.3471   0.0556   0.0529   0.0277   0.0277   0.0016   0.0000   0.0005   0.0065    0.233
    86  -5.8408   2.0000   0.2523   0.0417   0.0577   0.0208   0.0208   0.0012   0.0000   0.0005   0.0047    0.224
    87  -5.9424   2.0000   0.1531   0.0259   0.0609   0.0129   0.0129   0.0007   0.0000   0.0004   0.0028    0.217
    88  -5.9936   2.0000   0.0513   0.0088   0.0624   0.0044   0.0044   0.0003   0.0000   0.0002   0.0009    0.212

  Surface # 5     Fin                                     
     # Chordwise = 11   # Spanwise = 12     First strip = 89
     Surface area =    4.000000       Ave. chord =    1.600000
     CLsurf  =   0.00000     Clsurf  =  -0.00004
     CYsurf  =  -0.00060     Cmsurf  =  -0.00000
     CDsurf  =  -0.00000     Cnsurf  =   0.00016
     CDisurf =  -0.00000     CDvsurf =   0.00000

  Forces referred to Ssurf, Cave about hinge axis thru LE
     CLsurf  =   0.01793     CDsurf  =  -0.00008
     Deflect =

 Strip Forces referred to Strip Area, Chord
    j      Yle    Chord     Area     c cl      ai      cl_norm  cl       cd       cdv    cm_c/4    cm_LE  C.P.x/c
    89   4.0000   1.9966   0.0850   0.0033  -0.0085   0.0018   0.0017  -0.0000   0.0000  -0.0000  -0.0004    0.253
    90   4.0000   1.9696   0.2459   0.0104  -0.0099   0.0058   0.0053  -0.0000   0.0000  -0.0000  -0.0013    0.253
    91   4.0000   1.9173   0.3809   0.0182  -0.0092   0.0104   0.0095  -0.0000   0.0000   0.0000  -0.0024    0.250
    92   4.0000   1.8435   0.4773   0.0260  -0.0077   0.0155   0.0141  -0.0000   0.0000   0.0001  -0.0035    0.244
    93   4.0000   1.7531   0.5285   0.0325  -0.0066   0.0203   0.0185  -0.0001   0.0000   0.0002  -0.0045    0.238
    94   4.0000   1.6522   0.5345   0.0366  -0.0058   0.0242   0.0221  -0.0001   0.0000   0.0004  -0.0052    0.231
    95   4.0000   1.5478   0.5007   0.0378  -0.0052   0.0267   0.0244  -0.0001   0.0000   0.0006  -0.0056    0.225
    96   4.0000   1.4469   0.4362   0.0360  -0.0046   0.0272   0.0249  -0.0001   0.0000   0.0009  -0.0055    0.216
    97   4.0000   1.3565   0.3512   0.0315  -0.0041   0.0254   0.0232  -0.0001   0.0000   0.0011  -0.0048    0.202
    98   4.0000   1.2827   0.2548   0.0245  -0.0037   0.0209   0.0191  -0.0001   0.0000   0.0013  -0.0036    0.184
    99   4.0000   1.2304   0.1537   0.0156  -0.0033   0.0139   0.0127  -0.0001   0.0000   0.0011  -0.0022    0.163
   100   4.0000   1.2034   0.0513   0.0054  -0.0031   0.0049   0.0044  -0.0000   0.0000   0.0005  -0.0007    0.146

  Surface # 6     Fin (YDUP)                              
     # Chordwise = 11   # Spanwise = 12     First strip =101
     Surface area =    4.000000       Ave. chord =    1.600000
     CLsurf  =   0.00000     Clsurf  =   0.00004
     CYsurf  =   0.00060     Cmsurf  =  -0.00000
     CDsurf  =  -0.00000     Cnsurf  =  -0.00016
     CDisurf =  -0.00000     CDvsurf =   0.00000

  Forces referred to Ssurf, Cave about hinge axis thru LE
     CLsurf  =   0.01793     CDsurf  =  -0.00008
     Deflect =

 Strip Forces referred to Strip Area, Chord
    j      Yle    Chord     Area     c cl      ai      cl_norm  cl       cd       cdv    cm_c/4    cm_LE  C.P.x/c
   101  -4.0000   1.9966   0.0850   0.0033  -0.0085   0.0018   0.0017  -0.0000   0.0000  -0.0000   0.0004    0.253
   102  -4.0000   1.9696   0.2459   0.0104  -0.0099   0.0058   0.0053  -0.0000   0.0000  -0.0000   0.0013    0.253
   103  -4.0000   1.9173   0.3809   0.0182  -0.0092   0.0104   0.0095  -0.0000   0.0000   0.0000   0.0024    0.250
   104  -4.0000   1.8435   0.4773   0.0260  -0.0077   0.0155   0.0141  -0.0000   0.0000   0.0001   0.0035    0.244
   105  -4.0000   1.7531   0.5285   0.0325  -0.0066   0.0203   0.0185  -0.0001   0.0000   0.0002   0.0045    0.238
   106  -4.0000   1.6522   0.5345   0.0366  -0.0058   0.0242   0.0221  -0.0001   0.0000   0.0004   0.0052    0.231
   107  -4.0000   1.5478   0.5007   0.0378  -0.0052   0.0267   0.0244  -0.0001   0.0000   0.0006   0.0056    0.225
   108  -4.0000   1.4469   0.4362   0.0360  -0.0046   0.0272   0.0249  -0.0001   0.0000   0.0009   0.0055    0.216
   109  -4.0000   1.3565   0.3512   0.0315  -0.0041   0.0254   0.0232  -0.0001   0.0000   0.0011   0.0048    0.202
   110  -4.0000   1.2827   0.2548   0.0245  -0.0037   0.0209   0.0191  -0.0001   0.0000   0.0013   0.0036    0.184
   111  -4.0000   1.2304   0.1537   0.0156  -0.0033   0.0139   0.0127  -0.0001   0.0000   0.0011   0.0022    0.163
   112  -4.0000   1.2034   0.0513   0.0054  -0.0031   0.0049   0.0044  -0.0000   0.0000   0.0005   0.0007    0.146
 ---------------------------------------------------------------
