 ---------------------------------------------------------------
 Surface and Strip Forces by surface

  Forces referred to Sref, Cref, Bref about Xref, Yref, Zref
 Standard axis orientation,  X fwd, Z down         

  Surface # 1     FrontWing                               
     # Chordwise = 13   # Spanwise = 20     First strip =  1
     Surface area =   60.108913       Ave. chord =    3.005444
     CLsurf  =   0.21457     Clsurf  =  -0.04436
     CYsurf  =   0.00035     Cmsurf  =  -0.15917
     CDsurf  =   0.00237     Cnsurf  =   0.00063
     CDisurf =   0.00237     CDvsurf =   0.00000

  Forces referred to Ssurf, Cave about hinge axis thru LE
     CLsurf  =   0.42926     CDsurf  =   0.00473
     Deflect =

 Strip Forces referred to Strip Area, Chord
    j      Yle    Chord     Area     c cl      ai      cl_norm  cl       cd       cdv    cm_c/4    cm_LE  C.P.x/c
     1   0.0282   3.7000   0.4171   1.7294   0.0110   0.4674   0.4674   0.0062   0.0000  -0.1423  -0.2591    0.554
     2   0.2530   3.7000   1.2412   1.7293   0.0110   0.4674   0.4674   0.0062   0.0000  -0.1423  -0.2591    0.554
     3   0.6971   3.7000   2.0346   1.7285   0.0110   0.4672   0.4672   0.0062   0.0000  -0.1423  -0.2591    0.555
     4   1.3494   3.7000   2.7780   1.7259   0.0109   0.4665   0.4665   0.0062   0.0000  -0.1423  -0.2589    0.555
     5   2.1940   3.7000   3.4529   1.7198   0.0106   0.4648   0.4648   0.0063   0.0000  -0.1422  -0.2584    0.556
     6   3.2101   3.7000   4.0429   1.7076   0.0105   0.4616   0.4616   0.0065   0.0000  -0.1421  -0.2575    0.558
     7   4.3726   3.7000   4.5333   1.6851   0.0101   0.4555   0.4555   0.0068   0.0000  -0.1418  -0.2557    0.561
     8   5.7356   3.6093   5.3981   1.6382   0.0250   0.4578   0.4539   0.0065   0.0000  -0.1419  -0.2534    0.562
     9   7.2752   3.4194   5.3825   1.5590   0.0339   0.4599   0.4560   0.0055   0.0000  -0.1422  -0.2542    0.562
    10   8.8741   3.2222   5.2001   1.4607   0.0250   0.4572   0.4533   0.0047   0.0000  -0.1424  -0.2538    0.564
    11  10.4930   3.0225   4.8779   1.3495   0.0206   0.4503   0.4465   0.0039   0.0000  -0.1425  -0.2522    0.569
    12  12.0919   2.8253   4.4474   1.2306   0.0177   0.4393   0.4356   0.0033   0.0000  -0.1425  -0.2495    0.577
    13  13.6315   2.6354   3.9416   1.1082   0.0157   0.4241   0.4205   0.0028   0.0000  -0.1424  -0.2456    0.589
    14  15.0739   2.4576   3.3921   0.9858   0.0147   0.4046   0.4012   0.0024   0.0000  -0.1422  -0.2406    0.604
    15  16.3836   2.2960   2.8264   0.8657   0.0149   0.3803   0.3771   0.0023   0.0000  -0.1417  -0.2342    0.626
    16  17.5282   2.1549   2.2655   0.7483   0.0172   0.3503   0.3473   0.0024   0.0000  -0.1406  -0.2257    0.655
    17  18.4798   2.0375   1.7234   0.6311   0.0232   0.3124   0.3098   0.0028   0.0000  -0.1377  -0.2135    0.694
    18  19.2147   1.9469   1.2061   0.5055   0.0369   0.2619   0.2597   0.0034   0.0000  -0.1290  -0.1924    0.747
    19  19.7150   1.8852   0.7124   0.3512   0.0653   0.1879   0.1863   0.0037   0.0000  -0.1039  -0.1493    0.807
    20  19.9682   1.8539   0.2355   0.1356   0.1119   0.0738   0.0732   0.0021   0.0000  -0.0447  -0.0625    0.861

  Surface # 2     FrontWing (YDUP)                        
     # Chordwise = 13   # Spanwise = 20     First strip = 21
     Surface area =   60.108913       Ave. chord =    3.005444
     CLsurf  =   0.21457     Clsurf  =   0.04436
     CYsurf  =  -0.00035     Cmsurf  =  -0.15917
     CDsurf  =   0.00237     Cnsurf  =  -0.00063
     CDisurf =   0.00237     CDvsurf =   0.00000

  Forces referred to Ssurf, Cave about hinge axis thru LE
     CLsurf  =   0.42926     CDsurf  =   0.00473
     Deflect =

 Strip Forces referred to Strip Area, Chord
    j      Yle    Chord     Area     c cl      ai      cl_norm  cl       cd       cdv    cm_c/4    cm_LE  C.P.x/c
    21  -0.0282   3.7000   0.4171   1.7294   0.0110   0.4674   0.4674   0.0062   0.0000  -0.1423   0.2591    0.554
    22  -0.2530   3.7000   1.2412   1.7293   0.0110   0.4674   0.4674   0.0062   0.0000  -0.1423   0.2591    0.554
    23  -0.6971   3.7000   2.0346   1.7285   0.0110   0.4672   0.4672   0.0062   0.0000  -0.1423   0.2591    0.555
    24  -1.3494   3.7000   2.7780   1.7259   0.0109   0.4665   0.4665   0.0062   0.0000  -0.1423   0.2589    0.555
    25  -2.1940   3.7000   3.4529   1.7198   0.0106   0.4648   0.4648   0.0063   0.0000  -0.1422   0.2584    0.556
    26  -3.2101   3.7000   4.0429   1.7076   0.0105   0.4616   0.4616   0.0065   0.0000  -0.1421   0.2575    0.558
    27  -4.3726   3.7000   4.5333   1.6851   0.0101   0.4555   0.4555   0.0068   0.0000  -0.1418   0.2557    0.561
    28  -5.7356   3.6093   5.3981   1.6382   0.0250   0.4578   0.4539   0.0065   0.0000  -0.1419   0.2534    0.562
    29  -7.2752   3.4194   5.3825   1.5590   0.0339   0.4599   0.4560   0.0055   0.0000  -0.1422   0.2542    0.562
    30  -8.8741   3.2222   5.2001   1.4607   0.0250   0.4572   0.4533   0.0047   0.0000  -0.1424   0.2538    0.564
    31 -10.4930   3.0225   4.8779   1.3495   0.0206   0.4503   0.4465   0.0039   0.0000  -0.1425   0.2522    0.569
    32 -12.0919   2.8253   4.4474   1.2306   0.0177   0.4393   0.4356   0.0033   0.0000  -0.1425   0.2495    0.577
    33 -13.6315   2.6354   3.9416   1.1082   0.0157   0.4241   0.4205   0.0028   0.0000  -0.1424   0.2456    0.589
    34 -15.0739   2.4576   3.3921   0.9858   0.0147   0.4046   0.4012   0.0024   0.0000  -0.1422   0.2406    0.604
    35 -16.3836   2.2960   2.8264   0.8657   0.0149   0.3803   0.3771   0.0023   0.0000  -0.1417   0.2342    0.626
    36 -17.5282   2.1549   2.2655   0.7483   0.0172   0.3503   0.3473   0.0024   0.0000  -0.1406   0.2257    0.655
    37 -18.4798   2.0375   1.7234   0.6311   0.0232   0.3124   0.3098   0.0028   0.0000  -0.1377   0.2135    0.694
    38 -19.2147   1.9469   1.2061   0.5055   0.0369   0.2619   0.2597   0.0034   0.0000  -0.1290   0.1924    0.747
    39 -19.7150   1.8852   0.7124   0.3512   0.0653   0.1879   0.1863   0.0037   0.0000  -0.1039   0.1493    0.807
    40 -19.9682   1.8539   0.2355   0.1356   0.1119   0.0738   0.0732   0.0021   0.0000  -0.0447   0.0625    0.861

  Surface # 3     Second Wing2                            
     # Chordwise = 13   # Spanwise = 24     First strip = 41
     Surface area =   12.000000       Ave. chord =    2.000000
     CLsurf  =  -0.01457     Clsurf  =   0.00096
     CYsurf  =   0.00000     Cmsurf  =   0.04855
     CDsurf  =  -0.00034     Cnsurf  =  -0.00003
     CDisurf =  -0.00034     CDvsurf =   0.00000

  Forces referred to Ssurf, Cave about hinge axis thru LE
     CLsurf  =  -0.14604     CDsurf  =  -0.00339
     Deflect =

 Strip Forces referred to Strip Area, Chord
    j      Yle    Chord     Area     c cl      ai      cl_norm  cl       cd       cdv    cm_c/4    cm_LE  C.P.x/c
    41   0.0064   2.0000   0.0513  -0.3503   0.0103  -0.1752  -0.1752  -0.0044   0.0000  -0.0018   0.0420    0.240
    42   0.0576   2.0000   0.1531  -0.3503   0.0103  -0.1752  -0.1752  -0.0044   0.0000  -0.0018   0.0420    0.240
    43   0.1592   2.0000   0.2523  -0.3503   0.0103  -0.1752  -0.1752  -0.0044   0.0000  -0.0018   0.0420    0.240
    44   0.3094   2.0000   0.3471  -0.3501   0.0103  -0.1751  -0.1751  -0.0044   0.0000  -0.0018   0.0420    0.240
    45   0.5056   2.0000   0.4360  -0.3497   0.0102  -0.1749  -0.1749  -0.0044   0.0000  -0.0018   0.0420    0.240
    46   0.7445   2.0000   0.5175  -0.3490   0.0102  -0.1745  -0.1745  -0.0044   0.0000  -0.0018   0.0418    0.240
    47   1.0220   2.0000   0.5901  -0.3478   0.0100  -0.1739  -0.1739  -0.0044   0.0000  -0.0018   0.0417    0.240
    48   1.3333   2.0000   0.6526  -0.3460   0.0100  -0.1730  -0.1730  -0.0043   0.0000  -0.0018   0.0414    0.239
    49   1.6731   2.0000   0.7039  -0.3432   0.0099  -0.1716  -0.1716  -0.0043   0.0000  -0.0019   0.0410    0.239
    50   2.0357   2.0000   0.7432  -0.3394   0.0092  -0.1697  -0.1697  -0.0042   0.0000  -0.0020   0.0405    0.238
    51   2.4147   2.0000   0.7698  -0.3341   0.0099  -0.1671  -0.1671  -0.0041   0.0000  -0.0021   0.0397    0.238
    52   2.8038   2.0000   0.7832  -0.3271   0.0080  -0.1636  -0.1636  -0.0039   0.0000  -0.0022   0.0387    0.237
    53   3.1962   2.0000   0.7832  -0.3179   0.0087  -0.1590  -0.1590  -0.0037   0.0000  -0.0023   0.0374    0.235
    54   3.5853   2.0000   0.7698  -0.3057   0.0102  -0.1529  -0.1529  -0.0035   0.0000  -0.0025   0.0357    0.234
    55   3.9643   2.0000   0.7432  -0.2896   0.0105  -0.1448  -0.1448  -0.0032   0.0000  -0.0028   0.0334    0.231
    56   4.3269   2.0000   0.7039  -0.2708   0.0060  -0.1354  -0.1354  -0.0029   0.0000  -0.0032   0.0307    0.227
    57   4.6667   2.0000   0.6526  -0.2507   0.0086  -0.1254  -0.1254  -0.0025   0.0000  -0.0036   0.0278    0.222
    58   4.9780   2.0000   0.5901  -0.2284   0.0034  -0.1142  -0.1142  -0.0022   0.0000  -0.0040   0.0245    0.215
    59   5.2555   2.0000   0.5175  -0.2023  -0.0033  -0.1012  -0.1012  -0.0019   0.0000  -0.0044   0.0209    0.207
    60   5.4944   2.0000   0.4360  -0.1718  -0.0022  -0.0859  -0.0859  -0.0015   0.0000  -0.0045   0.0170    0.198
    61   5.6906   2.0000   0.3471  -0.1375  -0.0001  -0.0687  -0.0687  -0.0011   0.0000  -0.0042   0.0129    0.188
    62   5.8408   2.0000   0.2523  -0.1003   0.0017  -0.0501  -0.0501  -0.0007   0.0000  -0.0036   0.0090    0.179
    63   5.9424   2.0000   0.1531  -0.0610   0.0028  -0.0305  -0.0305  -0.0004   0.0000  -0.0024   0.0052    0.170
    64   5.9936   2.0000   0.0513  -0.0205   0.0033  -0.0102  -0.0102  -0.0001   0.0000  -0.0009   0.0017    0.164

  Surface # 4     Second Wing2 (YDUP)                     
     # Chordwise = 13   # Spanwise = 24     First strip = 65
     Surface area =   12.000000       Ave. chord =    2.000000
     CLsurf  =  -0.01457     Clsurf  =  -0.00096
     CYsurf  =   0.00000     Cmsurf  =   0.04855
     CDsurf  =  -0.00034     Cnsurf  =   0.00003
     CDisurf =  -0.00034     CDvsurf =   0.00000

  Forces referred to Ssurf, Cave about hinge axis thru LE
     CLsurf  =  -0.14604     CDsurf  =  -0.00339
     Deflect =

 Strip Forces referred to Strip Area, Chord
    j      Yle    Chord     Area     c cl      ai      cl_norm  cl       cd       cdv    cm_c/4    cm_LE  C.P.x/c
    65  -0.0064   2.0000   0.0513  -0.3503   0.0103  -0.1752  -0.1752  -0.0044   0.0000  -0.0018  -0.0420    0.240
    66  -0.0576   2.0000   0.1531  -0.3503   0.0103  -0.1752  -0.1752  -0.0044   0.0000  -0.0018  -0.0420    0.240
    67  -0.1592   2.0000   0.2523  -0.3503   0.0103  -0.1752  -0.1752  -0.0044   0.0000  -0.0018  -0.0420    0.240
    68  -0.3094   2.0000   0.3471  -0.3501   0.0103  -0.1751  -0.1751  -0.0044   0.0000  -0.0018  -0.0420    0.240
    69  -0.5056   2.0000   0.4360  -0.3497   0.0102  -0.1749  -0.1749  -0.0044   0.0000  -0.0018  -0.0420    0.240
    70  -0.7445   2.0000   0.5175  -0.3490   0.0102  -0.1745  -0.1745  -0.0044   0.0000  -0.0018  -0.0418    0.240
    71  -1.0220   2.0000   0.5901  -0.3478   0.0100  -0.1739  -0.1739  -0.0044   0.0000  -0.0018  -0.0417    0.240
    72  -1.3333   2.0000   0.6526  -0.3460   0.0100  -0.1730  -0.1730  -0.0043   0.0000  -0.0018  -0.0414    0.239
    73  -1.6731   2.0000   0.7039  -0.3432   0.0099  -0.1716  -0.1716  -0.0043   0.0000  -0.0019  -0.0410    0.239
    74  -2.0357   2.0000   0.7432  -0.3394   0.0092  -0.1697  -0.1697  -0.0042   0.0000  -0.0020  -0.0405    0.238
    75  -2.4147   2.0000   0.7698  -0.3341   0.0099  -0.1671  -0.1671  -0.0041   0.0000  -0.0021  -0.0397    0.238
    76  -2.8038   2.0000   0.7832  -0.3271   0.0080  -0.1636  -0.1636  -0.0039   0.0000  -0.0022  -0.0387    0.237
    77  -3.1962   2.0000   0.7832  -0.3179   0.0087  -0.1590  -0.1590  -0.0037   0.0000  -0.0023  -0.0374    0.235
    78  -3.5853   2.0000   0.7698  -0.3057   0.0102  -0.1529  -0.1529  -0.0035   0.0000  -0.0025  -0.0357    0.234
    79  -3.9643   2.0000   0.7432  -0.2896   0.0105  -0.1448  -0.1448  -0.0032   0.0000  -0.0028  -0.0334    0.231
    80  -4.3269   2.0000   0.7039  -0.2708   0.0060  -0.1354  -0.1354  -0.0029   0.0000  -0.0032  -0.0307    0.227
    81  -4.6667   2.0000   0.6526  -0.2507   0.0086  -0.1254  -0.1254  -0.0025   0.0000  -0.0036  -0.0278    0.222
    82  -4.9780   2.0000   0.5901  -0.2284   0.0034  -0.1142  -0.1142  -0.0022   0.0000  -0.0040  -0.0245    0.215
    83  -5.2555   2.0000   0.5175  -0.2023  -0.0033  -0.1012  -0.1012  -0.0019   0.0000  -0.0044  -0.0209    0.207
    84  -5.4944   2.0000   0.4360  -0.1718  -0.0022  -0.0859  -0.0859  -0.0015   0.0000  -0.0045  -0.0170    0.198
    85  -5.6906   2.0000   0.3471  -0.1375  -0.0001  -0.0687  -0.0687  -0.0011   0.0000  -0.0042  -0.0129    0.188
    86  -5.8408   2.0000   0.2523  -0.1003   0.0017  -0.0501  -0.0501  -0.0007   0.0000  -0.0036  -0.0090    0.179
    87  -5.9424   2.0000   0.1531  -0.0610   0.0028  -0.0305  -0.0305  -0.0004   0.0000  -0.0024  -0.0052    0.170
    88  -5.9936   2.0000   0.0513  -0.0205   0.0033  -0.0102  -0.0102  -0.0001   0.0000  -0.0009  -0.0017    0.164

  Surface # 5     Fin                                     
     # Chordwise = 11   # Spanwise = 12     First strip = 89
     Surface area =    4.000000       Ave. chord =    1.600000
     CLsurf  =   0.00000     Clsurf  =   0.00001
     CYsurf  =   0.00018     Cmsurf  =  -0.00000
     CDsurf  =  -0.00000     Cnsurf  =  -0.00005
     CDisurf =  -0.00000     CDvsurf =   0.00000

  Forces referred to Ssurf, Cave about hinge axis thru LE
     CLsurf  =  -0.00541     CDsurf  =  -0.00000
     Deflect =

 Strip Forces referred to Strip Area, Chord
    j      Yle    Chord     Area     c cl      ai      cl_norm  cl       cd       cdv    cm_c/4    cm_LE  C.P.x/c
    89   4.0000   1.9966   0.0850  -0.0010  -0.0029  -0.0005  -0.0005   0.0000   0.0000   0.0001   0.0002    0.491
    90   4.0000   1.9696   0.2459  -0.0035   0.0029  -0.0019  -0.0018   0.0000   0.0000   0.0004   0.0008    0.451
    91   4.0000   1.9173   0.3809  -0.0072   0.0039  -0.0039  -0.0037  -0.0000   0.0000   0.0006   0.0015    0.410
    92   4.0000   1.8435   0.4773  -0.0107   0.0025  -0.0061  -0.0058  -0.0000   0.0000   0.0008   0.0021    0.384
    93   4.0000   1.7531   0.5285  -0.0126   0.0020  -0.0076  -0.0072  -0.0000   0.0000   0.0008   0.0025    0.368
    94   4.0000   1.6522   0.5345  -0.0125   0.0020  -0.0080  -0.0076  -0.0000   0.0000   0.0008   0.0026    0.359
    95   4.0000   1.5478   0.5007  -0.0110   0.0021  -0.0075  -0.0071  -0.0000   0.0000   0.0007   0.0024    0.355
    96   4.0000   1.4469   0.4362  -0.0088   0.0021  -0.0064  -0.0061  -0.0000   0.0000   0.0006   0.0021    0.355
    97   4.0000   1.3565   0.3512  -0.0065   0.0021  -0.0051  -0.0048  -0.0000   0.0000   0.0005   0.0016    0.359
    98   4.0000   1.2827   0.2548  -0.0044   0.0019  -0.0036  -0.0034  -0.0000   0.0000   0.0004   0.0012    0.367
    99   4.0000   1.2304   0.1537  -0.0025   0.0018  -0.0022  -0.0020  -0.0000   0.0000   0.0003   0.0007    0.376
   100   4.0000   1.2034   0.0513  -0.0008   0.0017  -0.0007  -0.0007  -0.0000   0.0000   0.0001   0.0003    0.385

  Surface # 6     Fin (YDUP)                              
     # Chordwise = 11   # Spanwise = 12     First strip =101
     Surface area =    4.000000       Ave. chord =    1.600000
     CLsurf  =   0.00000     Clsurf  =  -0.00001
     CYsurf  =  -0.00018     Cmsurf  =  -0.00000
     CDsurf  =  -0.00000     Cnsurf  =   0.00005
     CDisurf =  -0.00000     CDvsurf =   0.00000

  Forces referred to Ssurf, Cave about hinge axis thru LE
     CLsurf  =  -0.00541     CDsurf  =  -0.00000
     Deflect =

 Strip Forces referred to Strip Area, Chord
    j      Yle    Chord     Area     c cl      ai      cl_norm  cl       cd       cdv    cm_c/4    cm_LE  C.P.x/c
   101  -4.0000   1.9966   0.0850  -0.0010  -0.0029  -0.0005  -0.0005   0.0000   0.0000   0.0001  -0.0002    0.491
   102  -4.0000   1.9696   0.2459  -0.0035   0.0029  -0.0019  -0.0018   0.0000   0.0000   0.0004  -0.0008    0.451
   103  -4.0000   1.9173   0.3809  -0.0072   0.0039  -0.0039  -0.0037  -0.0000   0.0000   0.0006  -0.0015    0.410
   104  -4.0000   1.8435   0.4773  -0.0107   0.0025  -0.0061  -0.0058  -0.0000   0.0000   0.0008  -0.0021    0.384
   105  -4.0000   1.7531   0.5285  -0.0126   0.0020  -0.0076  -0.0072  -0.0000   0.0000   0.0008  -0.0025    0.368
   106  -4.0000   1.6522   0.5345  -0.0125   0.0020  -0.0080  -0.0076  -0.0000   0.0000   0.0008  -0.0026    0.359
   107  -4.0000   1.5478   0.5007  -0.0110   0.0021  -0.0075  -0.0071  -0.0000   0.0000   0.0007  -0.0024    0.355
   108  -4.0000   1.4469   0.4362  -0.0088   0.0021  -0.0064  -0.0061  -0.0000   0.0000   0.0006  -0.0021    0.355
   109  -4.0000   1.3565   0.3512  -0.0065   0.0021  -0.0051  -0.0048  -0.0000   0.0000   0.0005  -0.0016    0.359
   110  -4.0000   1.2827   0.2548  -0.0044   0.0019  -0.0036  -0.0034  -0.0000   0.0000   0.0004  -0.0012    0.367
   111  -4.0000   1.2304   0.1537  -0.0025   0.0018  -0.0022  -0.0020  -0.0000   0.0000   0.0003  -0.0007    0.376
   112  -4.0000   1.2034   0.0513  -0.0008   0.0017  -0.0007  -0.0007  -0.0000   0.0000   0.0001  -0.0003    0.385
 ---------------------------------------------------------------
