 ---------------------------------------------------------------
 Surface and Strip Forces by surface

  Forces referred to Sref, Cref, Bref about Xref, Yref, Zref
 Standard axis orientation,  X fwd, Z down         

  Surface # 1     FrontWing                               
     # Chordwise = 13   # Spanwise = 20     First strip =  1
     Surface area =   60.108913       Ave. chord =    3.005444
     CLsurf  =   0.84557     Clsurf  =  -0.17692
     CYsurf  =   0.00342     Cmsurf  =  -0.46180
     CDsurf  =   0.03223     Cnsurf  =  -0.03624
     CDisurf =   0.03223     CDvsurf =   0.00000

  Forces referred to Ssurf, Cave about hinge axis thru LE
     CLsurf  =   1.69160     CDsurf  =   0.06448
     Deflect =

 Strip Forces referred to Strip Area, Chord
    j      Yle    Chord     Area     c cl      ai      cl_norm  cl       cd       cdv    cm_c/4    cm_LE  C.P.x/c
     1   0.0282   3.7000   0.4171   6.3872   0.1267   1.7593   1.7593   0.0711   0.0000  -0.1333  -0.5649    0.326
     2   0.2530   3.7000   1.2412   6.3868   0.1268   1.7591   1.7591   0.0712   0.0000  -0.1333  -0.5648    0.326
     3   0.6971   3.7000   2.0346   6.3837   0.1271   1.7582   1.7582   0.0713   0.0000  -0.1333  -0.5646    0.326
     4   1.3494   3.7000   2.7780   6.3736   0.1284   1.7553   1.7553   0.0719   0.0000  -0.1333  -0.5639    0.326
     5   2.1940   3.7000   3.4529   6.3501   0.1313   1.7484   1.7484   0.0733   0.0000  -0.1332  -0.5623    0.326
     6   3.2101   3.7000   4.0429   6.3044   0.1365   1.7350   1.7350   0.0763   0.0000  -0.1334  -0.5594    0.327
     7   4.3726   3.7000   4.5333   6.2238   0.1593   1.7107   1.7107   0.0840   0.0000  -0.1347  -0.5553    0.329
     8   5.7356   3.6093   5.3981   6.0810   0.0920   1.7282   1.7144   0.0801   0.0000  -0.1347  -0.5517    0.329
     9   7.2752   3.4194   5.3825   5.8563   0.0347   1.7602   1.7462   0.0675   0.0000  -0.1332  -0.5571    0.326
    10   8.8741   3.2222   5.2001   5.5724   0.0531   1.7796   1.7653   0.0592   0.0000  -0.1330  -0.5610    0.325
    11  10.4930   3.0225   4.8779   5.2448   0.0568   1.7870   1.7728   0.0535   0.0000  -0.1329  -0.5624    0.325
    12  12.0919   2.8253   4.4474   4.8868   0.0581   1.7823   1.7680   0.0493   0.0000  -0.1326  -0.5607    0.325
    13  13.6315   2.6354   3.9416   4.5086   0.0604   1.7631   1.7490   0.0475   0.0000  -0.1319  -0.5553    0.325
    14  15.0739   2.4576   3.3921   4.1148   0.0658   1.7252   1.7114   0.0480   0.0000  -0.1305  -0.5449    0.326
    15  16.3836   2.2960   2.8264   3.7027   0.0764   1.6603   1.6471   0.0517   0.0000  -0.1277  -0.5269    0.328
    16  17.5282   2.1549   2.2655   3.2586   0.0948   1.5544   1.5419   0.0589   0.0000  -0.1224  -0.4966    0.329
    17  18.4798   2.0375   1.7234   2.7537   0.1236   1.3855   1.3744   0.0677   0.0000  -0.1122  -0.4467    0.332
    18  19.2147   1.9469   1.2061   2.1462   0.1640   1.1258   1.1168   0.0727   0.0000  -0.0943  -0.3671    0.334
    19  19.7150   1.8852   0.7124   1.3974   0.2157   0.7534   0.7474   0.0638   0.0000  -0.0666  -0.2500    0.339
    20  19.9682   1.8539   0.2355   0.4959   0.2760   0.2705   0.2683   0.0285   0.0000  -0.0264  -0.0926    0.348

  Surface # 2     FrontWing (YDUP)                        
     # Chordwise = 13   # Spanwise = 20     First strip = 21
     Surface area =   60.108913       Ave. chord =    3.005444
     CLsurf  =   0.84557     Clsurf  =   0.17692
     CYsurf  =  -0.00342     Cmsurf  =  -0.46180
     CDsurf  =   0.03222     Cnsurf  =   0.03624
     CDisurf =   0.03222     CDvsurf =   0.00000

  Forces referred to Ssurf, Cave about hinge axis thru LE
     CLsurf  =   1.69160     CDsurf  =   0.06446
     Deflect =

 Strip Forces referred to Strip Area, Chord
    j      Yle    Chord     Area     c cl      ai      cl_norm  cl       cd       cdv    cm_c/4    cm_LE  C.P.x/c
    21  -0.0282   3.7000   0.4171   6.3872   0.1267   1.7593   1.7593   0.0711   0.0000  -0.1333   0.5649    0.326
    22  -0.2530   3.7000   1.2412   6.3868   0.1268   1.7591   1.7591   0.0712   0.0000  -0.1333   0.5648    0.326
    23  -0.6971   3.7000   2.0346   6.3837   0.1271   1.7582   1.7582   0.0713   0.0000  -0.1333   0.5646    0.326
    24  -1.3494   3.7000   2.7780   6.3736   0.1284   1.7553   1.7553   0.0719   0.0000  -0.1333   0.5639    0.326
    25  -2.1940   3.7000   3.4529   6.3501   0.1313   1.7484   1.7484   0.0733   0.0000  -0.1332   0.5623    0.326
    26  -3.2101   3.7000   4.0429   6.3044   0.1365   1.7350   1.7350   0.0763   0.0000  -0.1334   0.5594    0.327
    27  -4.3726   3.7000   4.5333   6.2238   0.1593   1.7107   1.7107   0.0840   0.0000  -0.1347   0.5553    0.329
    28  -5.7356   3.6093   5.3981   6.0810   0.0920   1.7282   1.7144   0.0801   0.0000  -0.1347   0.5517    0.329
    29  -7.2752   3.4194   5.3825   5.8563   0.0347   1.7602   1.7462   0.0673   0.0000  -0.1332   0.5571    0.326
    30  -8.8741   3.2222   5.2001   5.5724   0.0531   1.7796   1.7654   0.0592   0.0000  -0.1330   0.5610    0.325
    31 -10.4930   3.0225   4.8779   5.2448   0.0568   1.7870   1.7728   0.0535   0.0000  -0.1329   0.5624    0.325
    32 -12.0919   2.8253   4.4474   4.8868   0.0581   1.7823   1.7680   0.0493   0.0000  -0.1326   0.5607    0.325
    33 -13.6315   2.6354   3.9416   4.5086   0.0604   1.7631   1.7490   0.0475   0.0000  -0.1319   0.5553    0.325
    34 -15.0739   2.4576   3.3921   4.1148   0.0658   1.7252   1.7114   0.0480   0.0000  -0.1305   0.5449    0.326
    35 -16.3836   2.2960   2.8264   3.7027   0.0764   1.6603   1.6471   0.0517   0.0000  -0.1277   0.5269    0.328
    36 -17.5282   2.1549   2.2655   3.2586   0.0948   1.5544   1.5419   0.0589   0.0000  -0.1224   0.4966    0.329
    37 -18.4798   2.0375   1.7234   2.7537   0.1236   1.3855   1.3744   0.0677   0.0000  -0.1122   0.4467    0.332
    38 -19.2147   1.9469   1.2061   2.1462   0.1640   1.1258   1.1168   0.0727   0.0000  -0.0943   0.3671    0.334
    39 -19.7150   1.8852   0.7124   1.3974   0.2157   0.7534   0.7474   0.0638   0.0000  -0.0666   0.2500    0.339
    40 -19.9682   1.8539   0.2355   0.4959   0.2760   0.2705   0.2683   0.0285   0.0000  -0.0264   0.0926    0.348

  Surface # 3     Second Wing2                            
     # Chordwise = 13   # Spanwise = 24     First strip = 41
     Surface area =   12.000000       Ave. chord =    2.000000
     CLsurf  =   0.05441     Clsurf  =  -0.00364
     CYsurf  =  -0.00000     Cmsurf  =  -0.18515
     CDsurf  =   0.00757     Cnsurf  =  -0.00035
     CDisurf =   0.00757     CDvsurf =   0.00000

  Forces referred to Ssurf, Cave about hinge axis thru LE
     CLsurf  =   0.54522     CDsurf  =   0.07589
     Deflect =

 Strip Forces referred to Strip Area, Chord
    j      Yle    Chord     Area     c cl      ai      cl_norm  cl       cd       cdv    cm_c/4    cm_LE  C.P.x/c
    41   0.0064   2.0000   0.0513   1.2821   0.1267   0.6389   0.6389   0.0857   0.0000  -0.0013  -0.1615    0.252
    42   0.0576   2.0000   0.1531   1.2821   0.1267   0.6389   0.6389   0.0857   0.0000  -0.0013  -0.1615    0.252
    43   0.1592   2.0000   0.2523   1.2819   0.1268   0.6388   0.6388   0.0857   0.0000  -0.0013  -0.1615    0.252
    44   0.3094   2.0000   0.3471   1.2815   0.1268   0.6386   0.6386   0.0857   0.0000  -0.0013  -0.1615    0.252
    45   0.5056   2.0000   0.4360   1.2806   0.1269   0.6381   0.6381   0.0857   0.0000  -0.0013  -0.1613    0.252
    46   0.7445   2.0000   0.5175   1.2788   0.1275   0.6372   0.6372   0.0856   0.0000  -0.0012  -0.1611    0.252
    47   1.0220   2.0000   0.5901   1.2758   0.1275   0.6357   0.6357   0.0856   0.0000  -0.0012  -0.1607    0.252
    48   1.3333   2.0000   0.6526   1.2713   0.1287   0.6334   0.6334   0.0854   0.0000  -0.0011  -0.1600    0.252
    49   1.6731   2.0000   0.7039   1.2649   0.1300   0.6301   0.6301   0.0853   0.0000  -0.0010  -0.1591    0.252
    50   2.0357   2.0000   0.7432   1.2560   0.1299   0.6256   0.6256   0.0850   0.0000  -0.0008  -0.1578    0.251
    51   2.4147   2.0000   0.7698   1.2440   0.1356   0.6195   0.6195   0.0846   0.0000  -0.0006  -0.1560    0.251
    52   2.8038   2.0000   0.7832   1.2279   0.1323   0.6114   0.6114   0.0840   0.0000  -0.0001  -0.1536    0.250
    53   3.1962   2.0000   0.7832   1.2051   0.1385   0.5999   0.5999   0.0831   0.0000   0.0006  -0.1501    0.249
    54   3.5853   2.0000   0.7698   1.1698   0.1424   0.5822   0.5822   0.0813   0.0000   0.0018  -0.1444    0.247
    55   3.9643   2.0000   0.7432   1.1119   0.0841   0.5533   0.5533   0.0776   0.0000   0.0040  -0.1350    0.243
    56   4.3269   2.0000   0.7039   1.0396   0.1774   0.5172   0.5172   0.0730   0.0000   0.0064  -0.1235    0.238
    57   4.6667   2.0000   0.6526   0.9646   0.1842   0.4796   0.4796   0.0690   0.0000   0.0083  -0.1122    0.233
    58   4.9780   2.0000   0.5901   0.8776   0.1743   0.4359   0.4359   0.0646   0.0000   0.0098  -0.0999    0.228
    59   5.2555   2.0000   0.5175   0.7773   0.1617   0.3856   0.3856   0.0590   0.0000   0.0111  -0.0861    0.221
    60   5.4944   2.0000   0.4360   0.6643   0.1739   0.3292   0.3292   0.0517   0.0000   0.0121  -0.0709    0.213
    61   5.6906   2.0000   0.3471   0.5372   0.1887   0.2660   0.2660   0.0429   0.0000   0.0122  -0.0549    0.204
    62   5.8408   2.0000   0.2523   0.3958   0.2010   0.1957   0.1957   0.0326   0.0000   0.0108  -0.0386    0.195
    63   5.9424   2.0000   0.1531   0.2427   0.2095   0.1198   0.1198   0.0210   0.0000   0.0076  -0.0227    0.186
    64   5.9936   2.0000   0.0513   0.0818   0.2139   0.0403   0.0403   0.0075   0.0000   0.0028  -0.0074    0.181

  Surface # 4     Second Wing2 (YDUP)                     
     # Chordwise = 13   # Spanwise = 24     First strip = 65
     Surface area =   12.000000       Ave. chord =    2.000000
     CLsurf  =   0.05441     Clsurf  =   0.00364
     CYsurf  =   0.00000     Cmsurf  =  -0.18515
     CDsurf  =   0.00757     Cnsurf  =   0.00035
     CDisurf =   0.00757     CDvsurf =   0.00000

  Forces referred to Ssurf, Cave about hinge axis thru LE
     CLsurf  =   0.54522     CDsurf  =   0.07589
     Deflect =

 Strip Forces referred to Strip Area, Chord
    j      Yle    Chord     Area     c cl      ai      cl_norm  cl       cd       cdv    cm_c/4    cm_LE  C.P.x/c
    65  -0.0064   2.0000   0.0513   1.2821   0.1267   0.6389   0.6389   0.0857   0.0000  -0.0013   0.1615    0.252
    66  -0.0576   2.0000   0.1531   1.2821   0.1267   0.6389   0.6389   0.0857   0.0000  -0.0013   0.1615    0.252
    67  -0.1592   2.0000   0.2523   1.2819   0.1268   0.6388   0.6388   0.0857   0.0000  -0.0013   0.1615    0.252
    68  -0.3094   2.0000   0.3471   1.2815   0.1268   0.6386   0.6386   0.0857   0.0000  -0.0013   0.1615    0.252
    69  -0.5056   2.0000   0.4360   1.2806   0.1269   0.6381   0.6381   0.0857   0.0000  -0.0013   0.1613    0.252
    70  -0.7445   2.0000   0.5175   1.2788   0.1275   0.6372   0.6372   0.0856   0.0000  -0.0012   0.1611    0.252
    71  -1.0220   2.0000   0.5901   1.2758   0.1275   0.6357   0.6357   0.0856   0.0000  -0.0012   0.1607    0.252
    72  -1.3333   2.0000   0.6526   1.2713   0.1287   0.6334   0.6334   0.0854   0.0000  -0.0011   0.1600    0.252
    73  -1.6731   2.0000   0.7039   1.2649   0.1300   0.6301   0.6301   0.0853   0.0000  -0.0010   0.1591    0.252
    74  -2.0357   2.0000   0.7432   1.2560   0.1299   0.6256   0.6256   0.0850   0.0000  -0.0008   0.1578    0.251
    75  -2.4147   2.0000   0.7698   1.2440   0.1356   0.6195   0.6195   0.0846   0.0000  -0.0006   0.1560    0.251
    76  -2.8038   2.0000   0.7832   1.2279   0.1323   0.6114   0.6114   0.0840   0.0000  -0.0001   0.1536    0.250
    77  -3.1962   2.0000   0.7832   1.2051   0.1385   0.5999   0.5999   0.0831   0.0000   0.0006   0.1501    0.249
    78  -3.5853   2.0000   0.7698   1.1698   0.1424   0.5822   0.5822   0.0813   0.0000   0.0018   0.1444    0.247
    79  -3.9643   2.0000   0.7432   1.1119   0.0841   0.5533   0.5533   0.0776   0.0000   0.0040   0.1350    0.243
    80  -4.3269   2.0000   0.7039   1.0396   0.1774   0.5172   0.5172   0.0730   0.0000   0.0064   0.1235    0.238
    81  -4.6667   2.0000   0.6526   0.9646   0.1842   0.4796   0.4796   0.0690   0.0000   0.0083   0.1122    0.233
    82  -4.9780   2.0000   0.5901   0.8776   0.1743   0.4359   0.4359   0.0646   0.0000   0.0098   0.0999    0.228
    83  -5.2555   2.0000   0.5175   0.7773   0.1617   0.3856   0.3856   0.0590   0.0000   0.0111   0.0861    0.221
    84  -5.4944   2.0000   0.4360   0.6643   0.1739   0.3292   0.3292   0.0517   0.0000   0.0121   0.0709    0.213
    85  -5.6906   2.0000   0.3471   0.5372   0.1887   0.2660   0.2660   0.0429   0.0000   0.0122   0.0549    0.204
    86  -5.8408   2.0000   0.2523   0.3958   0.2010   0.1957   0.1957   0.0326   0.0000   0.0108   0.0386    0.195
    87  -5.9424   2.0000   0.1531   0.2427   0.2095   0.1198   0.1198   0.0210   0.0000   0.0076   0.0227    0.186
    88  -5.9936   2.0000   0.0513   0.0818   0.2139   0.0403   0.0403   0.0075   0.0000   0.0028   0.0074    0.181

  Surface # 5     Fin                                     
     # Chordwise = 11   # Spanwise = 12     First strip = 89
     Surface area =    4.000000       Ave. chord =    1.600000
     CLsurf  =   0.00002     Clsurf  =  -0.00015
     CYsurf  =  -0.00268     Cmsurf  =  -0.00007
     CDsurf  =  -0.00003     Cnsurf  =   0.00072
     CDisurf =  -0.00003     CDvsurf =   0.00000

  Forces referred to Ssurf, Cave about hinge axis thru LE
     CLsurf  =   0.08068     CDsurf  =  -0.00105
     Deflect =

 Strip Forces referred to Strip Area, Chord
    j      Yle    Chord     Area     c cl      ai      cl_norm  cl       cd       cdv    cm_c/4    cm_LE  C.P.x/c
    89   4.0000   1.9966   0.0850   0.0143  -0.0228   0.0091   0.0072   0.0000   0.0000  -0.0003  -0.0024    0.294
    90   4.0000   1.9696   0.2459   0.0467  -0.0427   0.0300   0.0237  -0.0000   0.0000  -0.0010  -0.0077    0.291
    91   4.0000   1.9173   0.3809   0.0864  -0.0428   0.0569   0.0450  -0.0002   0.0000  -0.0015  -0.0143    0.283
    92   4.0000   1.8435   0.4773   0.1264  -0.0338   0.0867   0.0686  -0.0005   0.0000  -0.0016  -0.0212    0.273
    93   4.0000   1.7531   0.5285   0.1557  -0.0285   0.1123   0.0888  -0.0009   0.0000  -0.0012  -0.0267    0.263
    94   4.0000   1.6522   0.5345   0.1697  -0.0257   0.1298   0.1027  -0.0013   0.0000  -0.0004  -0.0300    0.254
    95   4.0000   1.5478   0.5007   0.1688  -0.0238   0.1378   0.1091  -0.0016   0.0000   0.0005  -0.0311    0.245
    96   4.0000   1.4469   0.4362   0.1555  -0.0220   0.1358   0.1074  -0.0018   0.0000   0.0016  -0.0297    0.235
    97   4.0000   1.3565   0.3512   0.1322  -0.0200   0.1231   0.0974  -0.0017   0.0000   0.0028  -0.0258    0.221
    98   4.0000   1.2827   0.2548   0.1008  -0.0181   0.0993   0.0786  -0.0014   0.0000   0.0036  -0.0196    0.204
    99   4.0000   1.2304   0.1537   0.0633  -0.0164   0.0650   0.0514  -0.0009   0.0000   0.0034  -0.0119    0.184
   100   4.0000   1.2034   0.0513   0.0216  -0.0153   0.0227   0.0180  -0.0003   0.0000   0.0015  -0.0039    0.169

  Surface # 6     Fin (YDUP)                              
     # Chordwise = 11   # Spanwise = 12     First strip =101
     Surface area =    4.000000       Ave. chord =    1.600000
     CLsurf  =   0.00002     Clsurf  =   0.00015
     CYsurf  =   0.00268     Cmsurf  =  -0.00007
     CDsurf  =  -0.00003     Cnsurf  =  -0.00072
     CDisurf =  -0.00003     CDvsurf =   0.00000

  Forces referred to Ssurf, Cave about hinge axis thru LE
     CLsurf  =   0.08068     CDsurf  =  -0.00105
     Deflect =

 Strip Forces referred to Strip Area, Chord
    j      Yle    Chord     Area     c cl      ai      cl_norm  cl       cd       cdv    cm_c/4    cm_LE  C.P.x/c
   101  -4.0000   1.9966   0.0850   0.0143  -0.0228   0.0091   0.0072   0.0000   0.0000  -0.0003   0.0024    0.294
   102  -4.0000   1.9696   0.2459   0.0467  -0.0427   0.0300   0.0237  -0.0000   0.0000  -0.0010   0.0077    0.291
   103  -4.0000   1.9173   0.3809   0.0864  -0.0428   0.0569   0.0450  -0.0002   0.0000  -0.0015   0.0143    0.283
   104  -4.0000   1.8435   0.4773   0.1264  -0.0338   0.0867   0.0686  -0.0005   0.0000  -0.0016   0.0212    0.273
   105  -4.0000   1.7531   0.5285   0.1557  -0.0285   0.1123   0.0888  -0.0009   0.0000  -0.0012   0.0267    0.263
   106  -4.0000   1.6522   0.5345   0.1697  -0.0257   0.1298   0.1027  -0.0013   0.0000  -0.0004   0.0300    0.254
   107  -4.0000   1.5478   0.5007   0.1688  -0.0238   0.1378   0.1091  -0.0016   0.0000   0.0005   0.0311    0.245
   108  -4.0000   1.4469   0.4362   0.1555  -0.0220   0.1358   0.1074  -0.0018   0.0000   0.0016   0.0297    0.235
   109  -4.0000   1.3565   0.3512   0.1322  -0.0200   0.1231   0.0974  -0.0017   0.0000   0.0028   0.0258    0.221
   110  -4.0000   1.2827   0.2548   0.1008  -0.0181   0.0993   0.0786  -0.0014   0.0000   0.0036   0.0196    0.204
   111  -4.0000   1.2304   0.1537   0.0633  -0.0164   0.0650   0.0514  -0.0009   0.0000   0.0034   0.0119    0.184
   112  -4.0000   1.2034   0.0513   0.0216  -0.0153   0.0227   0.0180  -0.0003   0.0000   0.0015   0.0039    0.169
 ---------------------------------------------------------------
