 ---------------------------------------------------------------
 Surface and Strip Forces by surface

  Forces referred to Sref, Cref, Bref about Xref, Yref, Zref
 Standard axis orientation,  X fwd, Z down         

  Surface # 1     FrontWing                               
     # Chordwise = 13   # Spanwise = 20     First strip =  1
     Surface area =   60.108913       Ave. chord =    3.005444
     CLsurf  =   0.66513     Clsurf  =  -0.14025
     CYsurf  =   0.00224     Cmsurf  =  -0.37085
     CDsurf  =   0.02028     Cnsurf  =  -0.01945
     CDisurf =   0.02028     CDvsurf =   0.00000

  Forces referred to Ssurf, Cave about hinge axis thru LE
     CLsurf  =   1.33061     CDsurf  =   0.04058
     Deflect =

 Strip Forces referred to Strip Area, Chord
    j      Yle    Chord     Area     c cl      ai      cl_norm  cl       cd       cdv    cm_c/4    cm_LE  C.P.x/c
     1   0.0282   3.7000   0.4171   5.1006   0.0931   1.3902   1.3902   0.0456   0.0000  -0.1376  -0.4823    0.349
     2   0.2530   3.7000   1.2412   5.1002   0.0931   1.3901   1.3901   0.0456   0.0000  -0.1376  -0.4822    0.349
     3   0.6971   3.7000   2.0346   5.0978   0.0933   1.3895   1.3895   0.0457   0.0000  -0.1376  -0.4821    0.349
     4   1.3494   3.7000   2.7780   5.0898   0.0942   1.3872   1.3872   0.0460   0.0000  -0.1376  -0.4815    0.349
     5   2.1940   3.7000   3.4529   5.0711   0.0962   1.3819   1.3819   0.0469   0.0000  -0.1376  -0.4802    0.350
     6   3.2101   3.7000   4.0429   5.0346   0.0998   1.3716   1.3716   0.0487   0.0000  -0.1377  -0.4778    0.350
     7   4.3726   3.7000   4.5333   4.9701   0.1159   1.3532   1.3532   0.0532   0.0000  -0.1385  -0.4743    0.352
     8   5.7356   3.6093   5.3981   4.8538   0.0726   1.3664   1.3551   0.0508   0.0000  -0.1385  -0.4711    0.352
     9   7.2752   3.4194   5.3825   4.6689   0.0347   1.3888   1.3774   0.0430   0.0000  -0.1375  -0.4753    0.350
    10   8.8741   3.2222   5.2001   4.4358   0.0451   1.4012   1.3896   0.0376   0.0000  -0.1374  -0.4779    0.349
    11  10.4930   3.0225   4.8779   4.1675   0.0464   1.4041   1.3925   0.0337   0.0000  -0.1374  -0.4784    0.349
    12  12.0919   2.8253   4.4474   3.8752   0.0464   1.3972   1.3857   0.0308   0.0000  -0.1372  -0.4764    0.349
    13  13.6315   2.6354   3.9416   3.5673   0.0475   1.3790   1.3677   0.0293   0.0000  -0.1366  -0.4714    0.350
    14  15.0739   2.4576   3.3921   3.2482   0.0510   1.3464   1.3353   0.0294   0.0000  -0.1355  -0.4624    0.352
    15  16.3836   2.2960   2.8264   2.9166   0.0585   1.2935   1.2829   0.0313   0.0000  -0.1334  -0.4476    0.354
    16  17.5282   2.1549   2.2655   2.5628   0.0723   1.2100   1.2000   0.0355   0.0000  -0.1293  -0.4234    0.358
    17  18.4798   2.0375   1.7234   2.1653   0.0945   1.0797   1.0708   0.0410   0.0000  -0.1211  -0.3839    0.363
    18  19.2147   1.9469   1.2061   1.6916   0.1272   0.8809   0.8737   0.0444   0.0000  -0.1056  -0.3204    0.371
    19  19.7150   1.8852   0.7124   1.1079   0.1722   0.5942   0.5894   0.0394   0.0000  -0.0784  -0.2236    0.383
    20  19.9682   1.8539   0.2355   0.3964   0.2289   0.2156   0.2138   0.0175   0.0000  -0.0321  -0.0849    0.400

  Surface # 2     FrontWing (YDUP)                        
     # Chordwise = 13   # Spanwise = 20     First strip = 21
     Surface area =   60.108913       Ave. chord =    3.005444
     CLsurf  =   0.66513     Clsurf  =   0.14025
     CYsurf  =  -0.00225     Cmsurf  =  -0.37085
     CDsurf  =   0.02028     Cnsurf  =   0.01945
     CDisurf =   0.02028     CDvsurf =   0.00000

  Forces referred to Ssurf, Cave about hinge axis thru LE
     CLsurf  =   1.33061     CDsurf  =   0.04057
     Deflect =

 Strip Forces referred to Strip Area, Chord
    j      Yle    Chord     Area     c cl      ai      cl_norm  cl       cd       cdv    cm_c/4    cm_LE  C.P.x/c
    21  -0.0282   3.7000   0.4171   5.1006   0.0931   1.3902   1.3902   0.0456   0.0000  -0.1376   0.4823    0.349
    22  -0.2530   3.7000   1.2412   5.1002   0.0931   1.3901   1.3901   0.0456   0.0000  -0.1376   0.4822    0.349
    23  -0.6971   3.7000   2.0346   5.0978   0.0933   1.3895   1.3895   0.0457   0.0000  -0.1376   0.4821    0.349
    24  -1.3494   3.7000   2.7780   5.0898   0.0942   1.3872   1.3872   0.0460   0.0000  -0.1376   0.4815    0.349
    25  -2.1940   3.7000   3.4529   5.0711   0.0962   1.3819   1.3819   0.0469   0.0000  -0.1376   0.4802    0.350
    26  -3.2101   3.7000   4.0429   5.0346   0.0998   1.3716   1.3716   0.0487   0.0000  -0.1377   0.4778    0.350
    27  -4.3726   3.7000   4.5333   4.9701   0.1159   1.3532   1.3532   0.0532   0.0000  -0.1385   0.4743    0.352
    28  -5.7356   3.6093   5.3981   4.8538   0.0726   1.3664   1.3551   0.0508   0.0000  -0.1385   0.4711    0.352
    29  -7.2752   3.4194   5.3825   4.6688   0.0347   1.3888   1.3774   0.0429   0.0000  -0.1375   0.4753    0.350
    30  -8.8741   3.2222   5.2001   4.4358   0.0451   1.4012   1.3896   0.0376   0.0000  -0.1374   0.4779    0.349
    31 -10.4930   3.0225   4.8779   4.1675   0.0464   1.4041   1.3925   0.0337   0.0000  -0.1374   0.4784    0.349
    32 -12.0919   2.8253   4.4474   3.8752   0.0464   1.3972   1.3857   0.0308   0.0000  -0.1372   0.4764    0.349
    33 -13.6315   2.6354   3.9416   3.5673   0.0475   1.3790   1.3677   0.0293   0.0000  -0.1366   0.4714    0.350
    34 -15.0739   2.4576   3.3921   3.2482   0.0510   1.3464   1.3353   0.0294   0.0000  -0.1355   0.4624    0.352
    35 -16.3836   2.2960   2.8264   2.9166   0.0585   1.2935   1.2829   0.0313   0.0000  -0.1334   0.4476    0.354
    36 -17.5282   2.1549   2.2655   2.5628   0.0723   1.2100   1.2000   0.0355   0.0000  -0.1293   0.4234    0.358
    37 -18.4798   2.0375   1.7234   2.1653   0.0945   1.0797   1.0708   0.0410   0.0000  -0.1211   0.3839    0.363
    38 -19.2147   1.9469   1.2061   1.6916   0.1272   0.8809   0.8737   0.0444   0.0000  -0.1056   0.3204    0.371
    39 -19.7150   1.8852   0.7124   1.1079   0.1722   0.5942   0.5894   0.0394   0.0000  -0.0784   0.2236    0.383
    40 -19.9682   1.8539   0.2355   0.3964   0.2289   0.2156   0.2138   0.0175   0.0000  -0.0321   0.0849    0.400

  Surface # 3     Second Wing2                            
     # Chordwise = 13   # Spanwise = 24     First strip = 41
     Surface area =   12.000000       Ave. chord =    2.000000
     CLsurf  =   0.03486     Clsurf  =  -0.00234
     CYsurf  =   0.00000     Cmsurf  =  -0.11806
     CDsurf  =   0.00367     Cnsurf  =  -0.00014
     CDisurf =   0.00367     CDvsurf =   0.00000

  Forces referred to Ssurf, Cave about hinge axis thru LE
     CLsurf  =   0.34937     CDsurf  =   0.03681
     Deflect =

 Strip Forces referred to Strip Area, Chord
    j      Yle    Chord     Area     c cl      ai      cl_norm  cl       cd       cdv    cm_c/4    cm_LE  C.P.x/c
    41   0.0064   2.0000   0.0513   0.8181   0.0929   0.4078   0.4078   0.0418   0.0000  -0.0014  -0.1037    0.254
    42   0.0576   2.0000   0.1531   0.8181   0.0929   0.4078   0.4078   0.0418   0.0000  -0.0014  -0.1037    0.254
    43   0.1592   2.0000   0.2523   0.8180   0.0929   0.4077   0.4077   0.0418   0.0000  -0.0014  -0.1037    0.254
    44   0.3094   2.0000   0.3471   0.8178   0.0929   0.4076   0.4076   0.0418   0.0000  -0.0014  -0.1037    0.254
    45   0.5056   2.0000   0.4360   0.8172   0.0930   0.4073   0.4073   0.0418   0.0000  -0.0014  -0.1036    0.254
    46   0.7445   2.0000   0.5175   0.8161   0.0934   0.4068   0.4068   0.0417   0.0000  -0.0014  -0.1034    0.253
    47   1.0220   2.0000   0.5901   0.8143   0.0933   0.4059   0.4059   0.0417   0.0000  -0.0014  -0.1032    0.253
    48   1.3333   2.0000   0.6526   0.8116   0.0942   0.4045   0.4045   0.0416   0.0000  -0.0013  -0.1028    0.253
    49   1.6731   2.0000   0.7039   0.8077   0.0951   0.4025   0.4025   0.0415   0.0000  -0.0013  -0.1022    0.253
    50   2.0357   2.0000   0.7432   0.8023   0.0948   0.3998   0.3998   0.0414   0.0000  -0.0012  -0.1015    0.253
    51   2.4147   2.0000   0.7698   0.7951   0.0990   0.3962   0.3962   0.0411   0.0000  -0.0010  -0.1004    0.253
    52   2.8038   2.0000   0.7832   0.7855   0.0961   0.3914   0.3914   0.0408   0.0000  -0.0007  -0.0989    0.252
    53   3.1962   2.0000   0.7832   0.7717   0.1007   0.3845   0.3845   0.0403   0.0000  -0.0003  -0.0967    0.251
    54   3.5853   2.0000   0.7698   0.7501   0.1040   0.3737   0.3737   0.0394   0.0000   0.0006  -0.0932    0.248
    55   3.9643   2.0000   0.7432   0.7139   0.0627   0.3557   0.3557   0.0376   0.0000   0.0021  -0.0872    0.244
    56   4.3269   2.0000   0.7039   0.6683   0.1275   0.3329   0.3329   0.0354   0.0000   0.0037  -0.0798    0.239
    57   4.6667   2.0000   0.6526   0.6205   0.1330   0.3090   0.3090   0.0333   0.0000   0.0050  -0.0726    0.234
    58   4.9780   2.0000   0.5901   0.5644   0.1245   0.2809   0.2809   0.0311   0.0000   0.0059  -0.0647    0.229
    59   5.2555   2.0000   0.5175   0.4998   0.1136   0.2486   0.2486   0.0283   0.0000   0.0067  -0.0558    0.223
    60   5.4944   2.0000   0.4360   0.4274   0.1225   0.2125   0.2125   0.0247   0.0000   0.0074  -0.0460    0.215
    61   5.6906   2.0000   0.3471   0.3460   0.1336   0.1720   0.1720   0.0204   0.0000   0.0075  -0.0357    0.206
    62   5.8408   2.0000   0.2523   0.2552   0.1429   0.1268   0.1268   0.0155   0.0000   0.0067  -0.0252    0.197
    63   5.9424   2.0000   0.1531   0.1566   0.1493   0.0777   0.0777   0.0099   0.0000   0.0048  -0.0148    0.189
    64   5.9936   2.0000   0.0513   0.0528   0.1525   0.0262   0.0262   0.0035   0.0000   0.0017  -0.0049    0.184

  Surface # 4     Second Wing2 (YDUP)                     
     # Chordwise = 13   # Spanwise = 24     First strip = 65
     Surface area =   12.000000       Ave. chord =    2.000000
     CLsurf  =   0.03486     Clsurf  =   0.00234
     CYsurf  =  -0.00000     Cmsurf  =  -0.11806
     CDsurf  =   0.00367     Cnsurf  =   0.00014
     CDisurf =   0.00367     CDvsurf =   0.00000

  Forces referred to Ssurf, Cave about hinge axis thru LE
     CLsurf  =   0.34937     CDsurf  =   0.03681
     Deflect =

 Strip Forces referred to Strip Area, Chord
    j      Yle    Chord     Area     c cl      ai      cl_norm  cl       cd       cdv    cm_c/4    cm_LE  C.P.x/c
    65  -0.0064   2.0000   0.0513   0.8181   0.0929   0.4078   0.4078   0.0418   0.0000  -0.0014   0.1037    0.254
    66  -0.0576   2.0000   0.1531   0.8181   0.0929   0.4078   0.4078   0.0418   0.0000  -0.0014   0.1037    0.254
    67  -0.1592   2.0000   0.2523   0.8180   0.0929   0.4077   0.4077   0.0418   0.0000  -0.0014   0.1037    0.254
    68  -0.3094   2.0000   0.3471   0.8178   0.0929   0.4076   0.4076   0.0418   0.0000  -0.0014   0.1037    0.254
    69  -0.5056   2.0000   0.4360   0.8172   0.0930   0.4073   0.4073   0.0418   0.0000  -0.0014   0.1036    0.254
    70  -0.7445   2.0000   0.5175   0.8161   0.0934   0.4068   0.4068   0.0417   0.0000  -0.0014   0.1034    0.253
    71  -1.0220   2.0000   0.5901   0.8143   0.0933   0.4059   0.4059   0.0417   0.0000  -0.0014   0.1032    0.253
    72  -1.3333   2.0000   0.6526   0.8116   0.0942   0.4045   0.4045   0.0416   0.0000  -0.0013   0.1028    0.253
    73  -1.6731   2.0000   0.7039   0.8077   0.0951   0.4025   0.4025   0.0415   0.0000  -0.0013   0.1022    0.253
    74  -2.0357   2.0000   0.7432   0.8023   0.0948   0.3998   0.3998   0.0414   0.0000  -0.0012   0.1015    0.253
    75  -2.4147   2.0000   0.7698   0.7951   0.0990   0.3962   0.3962   0.0411   0.0000  -0.0010   0.1004    0.253
    76  -2.8038   2.0000   0.7832   0.7855   0.0961   0.3914   0.3914   0.0408   0.0000  -0.0007   0.0989    0.252
    77  -3.1962   2.0000   0.7832   0.7717   0.1007   0.3845   0.3845   0.0403   0.0000  -0.0003   0.0967    0.251
    78  -3.5853   2.0000   0.7698   0.7501   0.1040   0.3737   0.3737   0.0394   0.0000   0.0006   0.0932    0.248
    79  -3.9643   2.0000   0.7432   0.7139   0.0627   0.3557   0.3557   0.0376   0.0000   0.0021   0.0872    0.244
    80  -4.3269   2.0000   0.7039   0.6683   0.1275   0.3329   0.3329   0.0354   0.0000   0.0037   0.0798    0.239
    81  -4.6667   2.0000   0.6526   0.6205   0.1330   0.3090   0.3090   0.0333   0.0000   0.0050   0.0726    0.234
    82  -4.9780   2.0000   0.5901   0.5644   0.1245   0.2809   0.2809   0.0311   0.0000   0.0059   0.0647    0.229
    83  -5.2555   2.0000   0.5175   0.4998   0.1136   0.2486   0.2486   0.0283   0.0000   0.0067   0.0558    0.223
    84  -5.4944   2.0000   0.4360   0.4274   0.1225   0.2125   0.2125   0.0247   0.0000   0.0074   0.0460    0.215
    85  -5.6906   2.0000   0.3471   0.3460   0.1336   0.1720   0.1720   0.0204   0.0000   0.0075   0.0357    0.206
    86  -5.8408   2.0000   0.2523   0.2552   0.1429   0.1268   0.1268   0.0155   0.0000   0.0067   0.0252    0.197
    87  -5.9424   2.0000   0.1531   0.1566   0.1493   0.0777   0.0777   0.0099   0.0000   0.0048   0.0148    0.189
    88  -5.9936   2.0000   0.0513   0.0528   0.1525   0.0262   0.0262   0.0035   0.0000   0.0017   0.0049    0.184

  Surface # 5     Fin                                     
     # Chordwise = 11   # Spanwise = 12     First strip = 89
     Surface area =    4.000000       Ave. chord =    1.600000
     CLsurf  =   0.00001     Clsurf  =  -0.00010
     CYsurf  =  -0.00183     Cmsurf  =  -0.00004
     CDsurf  =  -0.00002     Cnsurf  =   0.00049
     CDisurf =  -0.00002     CDvsurf =   0.00000

  Forces referred to Ssurf, Cave about hinge axis thru LE
     CLsurf  =   0.05495     CDsurf  =  -0.00053
     Deflect =

 Strip Forces referred to Strip Area, Chord
    j      Yle    Chord     Area     c cl      ai      cl_norm  cl       cd       cdv    cm_c/4    cm_LE  C.P.x/c
    89   4.0000   1.9966   0.0850   0.0099  -0.0170   0.0059   0.0050   0.0000   0.0000  -0.0002  -0.0015    0.289
    90   4.0000   1.9696   0.2459   0.0320  -0.0294   0.0192   0.0163  -0.0000   0.0000  -0.0006  -0.0050    0.286
    91   4.0000   1.9173   0.3809   0.0585  -0.0292   0.0360   0.0305  -0.0001   0.0000  -0.0009  -0.0092    0.279
    92   4.0000   1.8435   0.4773   0.0850  -0.0232   0.0545   0.0461  -0.0002   0.0000  -0.0009  -0.0135    0.270
    93   4.0000   1.7531   0.5285   0.1049  -0.0196   0.0707   0.0598  -0.0005   0.0000  -0.0006  -0.0170    0.261
    94   4.0000   1.6522   0.5345   0.1149  -0.0176   0.0822   0.0696  -0.0007   0.0000  -0.0001  -0.0192    0.252
    95   4.0000   1.5478   0.5007   0.1151  -0.0163   0.0878   0.0744  -0.0008   0.0000   0.0005  -0.0199    0.243
    96   4.0000   1.4469   0.4362   0.1067  -0.0150   0.0871   0.0737  -0.0009   0.0000   0.0013  -0.0191    0.233
    97   4.0000   1.3565   0.3512   0.0911  -0.0136   0.0793   0.0672  -0.0009   0.0000   0.0021  -0.0166    0.219
    98   4.0000   1.2827   0.2548   0.0698  -0.0122   0.0643   0.0544  -0.0007   0.0000   0.0027  -0.0125    0.201
    99   4.0000   1.2304   0.1537   0.0439  -0.0111   0.0421   0.0357  -0.0005   0.0000   0.0025  -0.0076    0.181
   100   4.0000   1.2034   0.0513   0.0150  -0.0103   0.0147   0.0125  -0.0002   0.0000   0.0011  -0.0025    0.166

  Surface # 6     Fin (YDUP)                              
     # Chordwise = 11   # Spanwise = 12     First strip =101
     Surface area =    4.000000       Ave. chord =    1.600000
     CLsurf  =   0.00001     Clsurf  =   0.00010
     CYsurf  =   0.00183     Cmsurf  =  -0.00004
     CDsurf  =  -0.00002     Cnsurf  =  -0.00049
     CDisurf =  -0.00002     CDvsurf =   0.00000

  Forces referred to Ssurf, Cave about hinge axis thru LE
     CLsurf  =   0.05495     CDsurf  =  -0.00053
     Deflect =

 Strip Forces referred to Strip Area, Chord
    j      Yle    Chord     Area     c cl      ai      cl_norm  cl       cd       cdv    cm_c/4    cm_LE  C.P.x/c
   101  -4.0000   1.9966   0.0850   0.0099  -0.0170   0.0059   0.0050   0.0000   0.0000  -0.0002   0.0015    0.289
   102  -4.0000   1.9696   0.2459   0.0320  -0.0294   0.0192   0.0163  -0.0000   0.0000  -0.0006   0.0050    0.286
   103  -4.0000   1.9173   0.3809   0.0585  -0.0292   0.0360   0.0305  -0.0001   0.0000  -0.0009   0.0092    0.279
   104  -4.0000   1.8435   0.4773   0.0850  -0.0232   0.0545   0.0461  -0.0002   0.0000  -0.0009   0.0135    0.270
   105  -4.0000   1.7531   0.5285   0.1049  -0.0196   0.0707   0.0598  -0.0005   0.0000  -0.0006   0.0170    0.261
   106  -4.0000   1.6522   0.5345   0.1149  -0.0176   0.0822   0.0696  -0.0007   0.0000  -0.0001   0.0192    0.252
   107  -4.0000   1.5478   0.5007   0.1151  -0.0163   0.0878   0.0744  -0.0008   0.0000   0.0005   0.0199    0.243
   108  -4.0000   1.4469   0.4362   0.1067  -0.0150   0.0871   0.0737  -0.0009   0.0000   0.0013   0.0191    0.233
   109  -4.0000   1.3565   0.3512   0.0911  -0.0136   0.0793   0.0672  -0.0009   0.0000   0.0021   0.0166    0.219
   110  -4.0000   1.2827   0.2548   0.0698  -0.0122   0.0643   0.0544  -0.0007   0.0000   0.0027   0.0125    0.201
   111  -4.0000   1.2304   0.1537   0.0439  -0.0111   0.0421   0.0357  -0.0005   0.0000   0.0025   0.0076    0.181
   112  -4.0000   1.2034   0.0513   0.0150  -0.0103   0.0147   0.0125  -0.0002   0.0000   0.0011   0.0025    0.166
 ---------------------------------------------------------------
