 ---------------------------------------------------------------
 Surface and Strip Forces by surface

  Forces referred to Sref, Cref, Bref about Xref, Yref, Zref
 Standard axis orientation,  X fwd, Z down         

  Surface # 1     FrontWing                               
     # Chordwise = 13   # Spanwise = 20     First strip =  1
     Surface area =   60.108913       Ave. chord =    3.005444
     CLsurf  =   0.62006     Clsurf  =  -0.13087
     CYsurf  =   0.00199     Cmsurf  =  -0.34859
     CDsurf  =   0.01771     Cnsurf  =  -0.01606
     CDisurf =   0.01771     CDvsurf =   0.00000

  Forces referred to Ssurf, Cave about hinge axis thru LE
     CLsurf  =   1.24045     CDsurf  =   0.03543
     Deflect =

 Strip Forces referred to Strip Area, Chord
    j      Yle    Chord     Area     c cl      ai      cl_norm  cl       cd       cdv    cm_c/4    cm_LE  C.P.x/c
     1   0.0282   3.7000   0.4171   4.7714   0.0847   1.2980   1.2980   0.0400   0.0000  -0.1385  -0.4609    0.357
     2   0.2530   3.7000   1.2412   4.7711   0.0848   1.2979   1.2979   0.0400   0.0000  -0.1385  -0.4608    0.357
     3   0.6971   3.7000   2.0346   4.7688   0.0850   1.2973   1.2973   0.0401   0.0000  -0.1385  -0.4607    0.357
     4   1.3494   3.7000   2.7780   4.7613   0.0857   1.2952   1.2952   0.0404   0.0000  -0.1384  -0.4602    0.357
     5   2.1940   3.7000   3.4529   4.7438   0.0875   1.2903   1.2903   0.0412   0.0000  -0.1384  -0.4589    0.357
     6   3.2101   3.7000   4.0429   4.7098   0.0908   1.2808   1.2808   0.0428   0.0000  -0.1385  -0.4567    0.358
     7   4.3726   3.7000   4.5333   4.6493   0.1052   1.2637   1.2637   0.0465   0.0000  -0.1392  -0.4534    0.360
     8   5.7356   3.6093   5.3981   4.5398   0.0678   1.2758   1.2652   0.0445   0.0000  -0.1392  -0.4503    0.360
     9   7.2752   3.4194   5.3825   4.3651   0.0347   1.2960   1.2852   0.0377   0.0000  -0.1384  -0.4541    0.358
    10   8.8741   3.2222   5.2001   4.1451   0.0431   1.3067   1.2959   0.0329   0.0000  -0.1383  -0.4564    0.357
    11  10.4930   3.0225   4.8779   3.8921   0.0438   1.3085   1.2977   0.0294   0.0000  -0.1383  -0.4567    0.357
    12  12.0919   2.8253   4.4474   3.6166   0.0435   1.3012   1.2904   0.0268   0.0000  -0.1381  -0.4546    0.357
    13  13.6315   2.6354   3.9416   3.3267   0.0443   1.2833   1.2726   0.0254   0.0000  -0.1376  -0.4497    0.358
    14  15.0739   2.4576   3.3921   3.0268   0.0473   1.2520   1.2416   0.0254   0.0000  -0.1366  -0.4411    0.360
    15  16.3836   2.2960   2.8264   2.7158   0.0541   1.2020   1.1920   0.0270   0.0000  -0.1346  -0.4271    0.363
    16  17.5282   2.1549   2.2655   2.3851   0.0667   1.1240   1.1147   0.0306   0.0000  -0.1308  -0.4044    0.367
    17  18.4798   2.0375   1.7234   2.0151   0.0873   1.0031   0.9948   0.0353   0.0000  -0.1231  -0.3676    0.374
    18  19.2147   1.9469   1.2061   1.5755   0.1181   0.8194   0.8126   0.0383   0.0000  -0.1083  -0.3083    0.383
    19  19.7150   1.8852   0.7124   1.0339   0.1615   0.5541   0.5495   0.0341   0.0000  -0.0812  -0.2166    0.398
    20  19.9682   1.8539   0.2355   0.3709   0.2171   0.2017   0.2000   0.0152   0.0000  -0.0335  -0.0829    0.417

  Surface # 2     FrontWing (YDUP)                        
     # Chordwise = 13   # Spanwise = 20     First strip = 21
     Surface area =   60.108913       Ave. chord =    3.005444
     CLsurf  =   0.62006     Clsurf  =   0.13087
     CYsurf  =  -0.00199     Cmsurf  =  -0.34859
     CDsurf  =   0.01771     Cnsurf  =   0.01607
     CDisurf =   0.01771     CDvsurf =   0.00000

  Forces referred to Ssurf, Cave about hinge axis thru LE
     CLsurf  =   1.24045     CDsurf  =   0.03542
     Deflect =

 Strip Forces referred to Strip Area, Chord
    j      Yle    Chord     Area     c cl      ai      cl_norm  cl       cd       cdv    cm_c/4    cm_LE  C.P.x/c
    21  -0.0282   3.7000   0.4171   4.7714   0.0847   1.2980   1.2980   0.0400   0.0000  -0.1385   0.4609    0.357
    22  -0.2530   3.7000   1.2412   4.7711   0.0848   1.2979   1.2979   0.0400   0.0000  -0.1385   0.4608    0.357
    23  -0.6971   3.7000   2.0346   4.7688   0.0850   1.2973   1.2973   0.0401   0.0000  -0.1385   0.4607    0.357
    24  -1.3494   3.7000   2.7780   4.7613   0.0857   1.2952   1.2952   0.0404   0.0000  -0.1384   0.4602    0.357
    25  -2.1940   3.7000   3.4529   4.7438   0.0875   1.2903   1.2903   0.0412   0.0000  -0.1384   0.4589    0.357
    26  -3.2101   3.7000   4.0429   4.7098   0.0908   1.2808   1.2808   0.0428   0.0000  -0.1385   0.4567    0.358
    27  -4.3726   3.7000   4.5333   4.6493   0.1052   1.2637   1.2637   0.0465   0.0000  -0.1392   0.4534    0.360
    28  -5.7356   3.6093   5.3981   4.5398   0.0678   1.2758   1.2652   0.0445   0.0000  -0.1392   0.4503    0.360
    29  -7.2752   3.4194   5.3825   4.3651   0.0347   1.2960   1.2852   0.0376   0.0000  -0.1384   0.4541    0.358
    30  -8.8741   3.2222   5.2001   4.1451   0.0431   1.3067   1.2959   0.0329   0.0000  -0.1383   0.4564    0.357
    31 -10.4930   3.0225   4.8779   3.8921   0.0438   1.3085   1.2977   0.0294   0.0000  -0.1383   0.4567    0.357
    32 -12.0919   2.8253   4.4474   3.6166   0.0435   1.3012   1.2904   0.0268   0.0000  -0.1381   0.4546    0.357
    33 -13.6315   2.6354   3.9416   3.3267   0.0443   1.2833   1.2726   0.0254   0.0000  -0.1376   0.4497    0.358
    34 -15.0739   2.4576   3.3921   3.0268   0.0473   1.2520   1.2416   0.0254   0.0000  -0.1366   0.4411    0.360
    35 -16.3836   2.2960   2.8264   2.7158   0.0541   1.2020   1.1920   0.0270   0.0000  -0.1346   0.4271    0.363
    36 -17.5282   2.1549   2.2655   2.3851   0.0667   1.1240   1.1147   0.0306   0.0000  -0.1308   0.4044    0.367
    37 -18.4798   2.0375   1.7234   2.0151   0.0873   1.0031   0.9948   0.0353   0.0000  -0.1231   0.3676    0.374
    38 -19.2147   1.9469   1.2061   1.5755   0.1181   0.8194   0.8126   0.0383   0.0000  -0.1083   0.3083    0.383
    39 -19.7150   1.8852   0.7124   1.0339   0.1615   0.5541   0.5495   0.0341   0.0000  -0.0812   0.2166    0.398
    40 -19.9682   1.8539   0.2355   0.3709   0.2171   0.2017   0.2000   0.0152   0.0000  -0.0335   0.0829    0.417

  Surface # 3     Second Wing2                            
     # Chordwise = 13   # Spanwise = 24     First strip = 41
     Surface area =   12.000000       Ave. chord =    2.000000
     CLsurf  =   0.02993     Clsurf  =  -0.00201
     CYsurf  =   0.00000     Cmsurf  =  -0.10124
     CDsurf  =   0.00290     Cnsurf  =  -0.00010
     CDisurf =   0.00290     CDvsurf =   0.00000

  Forces referred to Ssurf, Cave about hinge axis thru LE
     CLsurf  =   0.29996     CDsurf  =   0.02909
     Deflect =

 Strip Forces referred to Strip Area, Chord
    j      Yle    Chord     Area     c cl      ai      cl_norm  cl       cd       cdv    cm_c/4    cm_LE  C.P.x/c
    41   0.0064   2.0000   0.0513   0.7012   0.0845   0.3496   0.3496   0.0331   0.0000  -0.0015  -0.0891    0.254
    42   0.0576   2.0000   0.1531   0.7012   0.0845   0.3496   0.3496   0.0331   0.0000  -0.0015  -0.0891    0.254
    43   0.1592   2.0000   0.2523   0.7011   0.0845   0.3495   0.3495   0.0331   0.0000  -0.0015  -0.0891    0.254
    44   0.3094   2.0000   0.3471   0.7009   0.0845   0.3494   0.3494   0.0331   0.0000  -0.0015  -0.0891    0.254
    45   0.5056   2.0000   0.4360   0.7005   0.0846   0.3492   0.3492   0.0331   0.0000  -0.0015  -0.0890    0.254
    46   0.7445   2.0000   0.5175   0.6995   0.0849   0.3487   0.3487   0.0330   0.0000  -0.0015  -0.0889    0.254
    47   1.0220   2.0000   0.5901   0.6980   0.0848   0.3480   0.3480   0.0330   0.0000  -0.0014  -0.0887    0.254
    48   1.3333   2.0000   0.6526   0.6957   0.0856   0.3468   0.3468   0.0329   0.0000  -0.0014  -0.0884    0.254
    49   1.6731   2.0000   0.7039   0.6925   0.0864   0.3452   0.3452   0.0328   0.0000  -0.0013  -0.0879    0.254
    50   2.0357   2.0000   0.7432   0.6880   0.0861   0.3430   0.3430   0.0327   0.0000  -0.0013  -0.0873    0.254
    51   2.4147   2.0000   0.7698   0.6821   0.0900   0.3400   0.3400   0.0326   0.0000  -0.0011  -0.0864    0.253
    52   2.8038   2.0000   0.7832   0.6741   0.0872   0.3360   0.3360   0.0323   0.0000  -0.0009  -0.0852    0.253
    53   3.1962   2.0000   0.7832   0.6625   0.0914   0.3302   0.3302   0.0319   0.0000  -0.0005  -0.0833    0.251
    54   3.5853   2.0000   0.7698   0.6443   0.0945   0.3211   0.3211   0.0312   0.0000   0.0003  -0.0803    0.249
    55   3.9643   2.0000   0.7432   0.6136   0.0574   0.3058   0.3058   0.0297   0.0000   0.0016  -0.0751    0.245
    56   4.3269   2.0000   0.7039   0.5746   0.1151   0.2863   0.2863   0.0279   0.0000   0.0030  -0.0688    0.239
    57   4.6667   2.0000   0.6526   0.5336   0.1204   0.2658   0.2658   0.0263   0.0000   0.0041  -0.0626    0.235
    58   4.9780   2.0000   0.5901   0.4853   0.1122   0.2417   0.2417   0.0245   0.0000   0.0049  -0.0558    0.230
    59   5.2555   2.0000   0.5175   0.4297   0.1017   0.2139   0.2139   0.0223   0.0000   0.0056  -0.0482    0.224
    60   5.4944   2.0000   0.4360   0.3676   0.1098   0.1829   0.1829   0.0194   0.0000   0.0062  -0.0398    0.216
    61   5.6906   2.0000   0.3471   0.2977   0.1201   0.1481   0.1481   0.0160   0.0000   0.0064  -0.0308    0.207
    62   5.8408   2.0000   0.2523   0.2198   0.1286   0.1093   0.1093   0.0121   0.0000   0.0057  -0.0218    0.198
    63   5.9424   2.0000   0.1531   0.1349   0.1344   0.0670   0.0670   0.0077   0.0000   0.0040  -0.0128    0.190
    64   5.9936   2.0000   0.0513   0.0455   0.1374   0.0226   0.0226   0.0027   0.0000   0.0015  -0.0042    0.185

  Surface # 4     Second Wing2 (YDUP)                     
     # Chordwise = 13   # Spanwise = 24     First strip = 65
     Surface area =   12.000000       Ave. chord =    2.000000
     CLsurf  =   0.02993     Clsurf  =   0.00201
     CYsurf  =  -0.00000     Cmsurf  =  -0.10124
     CDsurf  =   0.00290     Cnsurf  =   0.00010
     CDisurf =   0.00290     CDvsurf =   0.00000

  Forces referred to Ssurf, Cave about hinge axis thru LE
     CLsurf  =   0.29996     CDsurf  =   0.02909
     Deflect =

 Strip Forces referred to Strip Area, Chord
    j      Yle    Chord     Area     c cl      ai      cl_norm  cl       cd       cdv    cm_c/4    cm_LE  C.P.x/c
    65  -0.0064   2.0000   0.0513   0.7012   0.0845   0.3496   0.3496   0.0331   0.0000  -0.0015   0.0891    0.254
    66  -0.0576   2.0000   0.1531   0.7012   0.0845   0.3496   0.3496   0.0331   0.0000  -0.0015   0.0891    0.254
    67  -0.1592   2.0000   0.2523   0.7011   0.0845   0.3495   0.3495   0.0331   0.0000  -0.0015   0.0891    0.254
    68  -0.3094   2.0000   0.3471   0.7009   0.0845   0.3494   0.3494   0.0331   0.0000  -0.0015   0.0891    0.254
    69  -0.5056   2.0000   0.4360   0.7005   0.0846   0.3492   0.3492   0.0331   0.0000  -0.0015   0.0890    0.254
    70  -0.7445   2.0000   0.5175   0.6995   0.0849   0.3487   0.3487   0.0330   0.0000  -0.0015   0.0889    0.254
    71  -1.0220   2.0000   0.5901   0.6980   0.0848   0.3480   0.3480   0.0330   0.0000  -0.0014   0.0887    0.254
    72  -1.3333   2.0000   0.6526   0.6957   0.0856   0.3468   0.3468   0.0329   0.0000  -0.0014   0.0884    0.254
    73  -1.6731   2.0000   0.7039   0.6925   0.0864   0.3452   0.3452   0.0328   0.0000  -0.0013   0.0879    0.254
    74  -2.0357   2.0000   0.7432   0.6880   0.0861   0.3430   0.3430   0.0327   0.0000  -0.0013   0.0873    0.254
    75  -2.4147   2.0000   0.7698   0.6821   0.0900   0.3400   0.3400   0.0326   0.0000  -0.0011   0.0864    0.253
    76  -2.8038   2.0000   0.7832   0.6741   0.0872   0.3360   0.3360   0.0323   0.0000  -0.0009   0.0852    0.253
    77  -3.1962   2.0000   0.7832   0.6625   0.0914   0.3302   0.3302   0.0319   0.0000  -0.0005   0.0833    0.251
    78  -3.5853   2.0000   0.7698   0.6443   0.0945   0.3211   0.3211   0.0312   0.0000   0.0003   0.0803    0.249
    79  -3.9643   2.0000   0.7432   0.6136   0.0574   0.3058   0.3058   0.0297   0.0000   0.0016   0.0751    0.245
    80  -4.3269   2.0000   0.7039   0.5746   0.1151   0.2863   0.2863   0.0279   0.0000   0.0030   0.0688    0.239
    81  -4.6667   2.0000   0.6526   0.5336   0.1204   0.2658   0.2658   0.0263   0.0000   0.0041   0.0626    0.235
    82  -4.9780   2.0000   0.5901   0.4853   0.1122   0.2417   0.2417   0.0245   0.0000   0.0049   0.0558    0.230
    83  -5.2555   2.0000   0.5175   0.4297   0.1017   0.2139   0.2139   0.0223   0.0000   0.0056   0.0482    0.224
    84  -5.4944   2.0000   0.4360   0.3676   0.1098   0.1829   0.1829   0.0194   0.0000   0.0062   0.0398    0.216
    85  -5.6906   2.0000   0.3471   0.2977   0.1201   0.1481   0.1481   0.0160   0.0000   0.0064   0.0308    0.207
    86  -5.8408   2.0000   0.2523   0.2198   0.1286   0.1093   0.1093   0.0121   0.0000   0.0057   0.0218    0.198
    87  -5.9424   2.0000   0.1531   0.1349   0.1344   0.0670   0.0670   0.0077   0.0000   0.0040   0.0128    0.190
    88  -5.9936   2.0000   0.0513   0.0455   0.1374   0.0226   0.0226   0.0027   0.0000   0.0015   0.0042    0.185

  Surface # 5     Fin                                     
     # Chordwise = 11   # Spanwise = 12     First strip = 89
     Surface area =    4.000000       Ave. chord =    1.600000
     CLsurf  =   0.00001     Clsurf  =  -0.00009
     CYsurf  =  -0.00162     Cmsurf  =  -0.00003
     CDsurf  =  -0.00001     Cnsurf  =   0.00044
     CDisurf =  -0.00001     CDvsurf =   0.00000

  Forces referred to Ssurf, Cave about hinge axis thru LE
     CLsurf  =   0.04863     CDsurf  =  -0.00043
     Deflect =

 Strip Forces referred to Strip Area, Chord
    j      Yle    Chord     Area     c cl      ai      cl_norm  cl       cd       cdv    cm_c/4    cm_LE  C.P.x/c
    89   4.0000   1.9966   0.0850   0.0088  -0.0156   0.0051   0.0044   0.0000   0.0000  -0.0002  -0.0013    0.286
    90   4.0000   1.9696   0.2459   0.0284  -0.0261   0.0168   0.0144  -0.0000   0.0000  -0.0005  -0.0044    0.284
    91   4.0000   1.9173   0.3809   0.0516  -0.0258   0.0313   0.0269  -0.0001   0.0000  -0.0007  -0.0080    0.277
    92   4.0000   1.8435   0.4773   0.0749  -0.0206   0.0473   0.0406  -0.0002   0.0000  -0.0008  -0.0117    0.269
    93   4.0000   1.7531   0.5285   0.0925  -0.0174   0.0614   0.0527  -0.0004   0.0000  -0.0005  -0.0147    0.260
    94   4.0000   1.6522   0.5345   0.1015  -0.0156   0.0715   0.0614  -0.0005   0.0000  -0.0001  -0.0167    0.251
    95   4.0000   1.5478   0.5007   0.1019  -0.0144   0.0766   0.0658  -0.0007   0.0000   0.0005  -0.0173    0.242
    96   4.0000   1.4469   0.4362   0.0946  -0.0132   0.0761   0.0654  -0.0007   0.0000   0.0012  -0.0166    0.232
    97   4.0000   1.3565   0.3512   0.0810  -0.0120   0.0695   0.0597  -0.0007   0.0000   0.0019  -0.0144    0.218
    98   4.0000   1.2827   0.2548   0.0621  -0.0108   0.0564   0.0484  -0.0006   0.0000   0.0024  -0.0109    0.200
    99   4.0000   1.2304   0.1537   0.0391  -0.0098   0.0370   0.0318  -0.0004   0.0000   0.0022  -0.0066    0.180
   100   4.0000   1.2034   0.0513   0.0134  -0.0091   0.0129   0.0111  -0.0001   0.0000   0.0010  -0.0021    0.164

  Surface # 6     Fin (YDUP)                              
     # Chordwise = 11   # Spanwise = 12     First strip =101
     Surface area =    4.000000       Ave. chord =    1.600000
     CLsurf  =   0.00001     Clsurf  =   0.00009
     CYsurf  =   0.00162     Cmsurf  =  -0.00003
     CDsurf  =  -0.00001     Cnsurf  =  -0.00044
     CDisurf =  -0.00001     CDvsurf =   0.00000

  Forces referred to Ssurf, Cave about hinge axis thru LE
     CLsurf  =   0.04863     CDsurf  =  -0.00043
     Deflect =

 Strip Forces referred to Strip Area, Chord
    j      Yle    Chord     Area     c cl      ai      cl_norm  cl       cd       cdv    cm_c/4    cm_LE  C.P.x/c
   101  -4.0000   1.9966   0.0850   0.0088  -0.0156   0.0051   0.0044   0.0000   0.0000  -0.0002   0.0013    0.286
   102  -4.0000   1.9696   0.2459   0.0284  -0.0261   0.0168   0.0144  -0.0000   0.0000  -0.0005   0.0044    0.284
   103  -4.0000   1.9173   0.3809   0.0516  -0.0258   0.0313   0.0269  -0.0001   0.0000  -0.0007   0.0080    0.277
   104  -4.0000   1.8435   0.4773   0.0749  -0.0206   0.0473   0.0406  -0.0002   0.0000  -0.0008   0.0117    0.269
   105  -4.0000   1.7531   0.5285   0.0925  -0.0174   0.0614   0.0527  -0.0004   0.0000  -0.0005   0.0147    0.260
   106  -4.0000   1.6522   0.5345   0.1015  -0.0156   0.0715   0.0614  -0.0005   0.0000  -0.0001   0.0167    0.251
   107  -4.0000   1.5478   0.5007   0.1019  -0.0144   0.0766   0.0658  -0.0007   0.0000   0.0005   0.0173    0.242
   108  -4.0000   1.4469   0.4362   0.0946  -0.0132   0.0761   0.0654  -0.0007   0.0000   0.0012   0.0166    0.232
   109  -4.0000   1.3565   0.3512   0.0810  -0.0120   0.0695   0.0597  -0.0007   0.0000   0.0019   0.0144    0.218
   110  -4.0000   1.2827   0.2548   0.0621  -0.0108   0.0564   0.0484  -0.0006   0.0000   0.0024   0.0109    0.200
   111  -4.0000   1.2304   0.1537   0.0391  -0.0098   0.0370   0.0318  -0.0004   0.0000   0.0022   0.0066    0.180
   112  -4.0000   1.2034   0.0513   0.0134  -0.0091   0.0129   0.0111  -0.0001   0.0000   0.0010   0.0021    0.164
 ---------------------------------------------------------------
