 ---------------------------------------------------------------
 Surface and Strip Forces by surface

  Forces referred to Sref, Cref, Bref about Xref, Yref, Zref
 Standard axis orientation,  X fwd, Z down         

  Surface # 1     FrontWing                               
     # Chordwise = 13   # Spanwise = 20     First strip =  1
     Surface area =   60.108913       Ave. chord =    3.005444
     CLsurf  =   0.48491     Clsurf  =  -0.10238
     CYsurf  =   0.00131     Cmsurf  =  -0.28316
     CDsurf  =   0.01102     Cnsurf  =  -0.00779
     CDisurf =   0.01102     CDvsurf =   0.00000

  Forces referred to Ssurf, Cave about hinge axis thru LE
     CLsurf  =   0.97007     CDsurf  =   0.02204
     Deflect =

 Strip Forces referred to Strip Area, Chord
    j      Yle    Chord     Area     c cl      ai      cl_norm  cl       cd       cdv    cm_c/4    cm_LE  C.P.x/c
     1   0.0282   3.7000   0.4171   3.7703   0.0600   1.0213   1.0213   0.0255   0.0000  -0.1405  -0.3953    0.388
     2   0.2530   3.7000   1.2412   3.7701   0.0600   1.0213   1.0213   0.0255   0.0000  -0.1405  -0.3952    0.388
     3   0.6971   3.7000   2.0346   3.7683   0.0601   1.0208   1.0208   0.0255   0.0000  -0.1405  -0.3951    0.388
     4   1.3494   3.7000   2.7780   3.7624   0.0606   1.0192   1.0192   0.0257   0.0000  -0.1405  -0.3947    0.388
     5   2.1940   3.7000   3.4529   3.7487   0.0617   1.0154   1.0154   0.0262   0.0000  -0.1404  -0.3937    0.388
     6   3.2101   3.7000   4.0429   3.7218   0.0638   1.0080   1.0080   0.0271   0.0000  -0.1404  -0.3919    0.389
     7   4.3726   3.7000   4.5333   3.6739   0.0732   0.9948   0.9948   0.0292   0.0000  -0.1408  -0.3891    0.392
     8   5.7356   3.6093   5.3981   3.5849   0.0535   1.0036   0.9952   0.0280   0.0000  -0.1409  -0.3862    0.392
     9   7.2752   3.4194   5.3825   3.4415   0.0345   1.0174   1.0089   0.0238   0.0000  -0.1404  -0.3891    0.389
    10   8.8741   3.2222   5.2001   3.2614   0.0371   1.0235   1.0149   0.0207   0.0000  -0.1404  -0.3905    0.388
    11  10.4930   3.0225   4.8779   3.0548   0.0360   1.0223   1.0137   0.0183   0.0000  -0.1404  -0.3901    0.389
    12  12.0919   2.8253   4.4474   2.8307   0.0349   1.0135   1.0050   0.0165   0.0000  -0.1403  -0.3878    0.390
    13  13.6315   2.6354   3.9416   2.5958   0.0347   0.9965   0.9881   0.0154   0.0000  -0.1399  -0.3833    0.392
    14  15.0739   2.4576   3.3921   2.3542   0.0364   0.9691   0.9610   0.0151   0.0000  -0.1392  -0.3758    0.395
    15  16.3836   2.2960   2.8264   2.1060   0.0410   0.9278   0.9200   0.0159   0.0000  -0.1377  -0.3643    0.400
    16  17.5282   2.1549   2.2655   1.8455   0.0501   0.8660   0.8587   0.0178   0.0000  -0.1348  -0.3463    0.407
    17  18.4798   2.0375   1.7234   1.5588   0.0658   0.7731   0.7666   0.0207   0.0000  -0.1287  -0.3175    0.418
    18  19.2147   1.9469   1.2061   1.2228   0.0909   0.6342   0.6288   0.0227   0.0000  -0.1159  -0.2708    0.434
    19  19.7150   1.8852   0.7124   0.8091   0.1293   0.4328   0.4292   0.0206   0.0000  -0.0893  -0.1951    0.458
    20  19.9682   1.8539   0.2355   0.2935   0.1820   0.1595   0.1581   0.0093   0.0000  -0.0375  -0.0765    0.487

  Surface # 2     FrontWing (YDUP)                        
     # Chordwise = 13   # Spanwise = 20     First strip = 21
     Surface area =   60.108913       Ave. chord =    3.005444
     CLsurf  =   0.48491     Clsurf  =   0.10238
     CYsurf  =  -0.00131     Cmsurf  =  -0.28316
     CDsurf  =   0.01101     Cnsurf  =   0.00779
     CDisurf =   0.01101     CDvsurf =   0.00000

  Forces referred to Ssurf, Cave about hinge axis thru LE
     CLsurf  =   0.97007     CDsurf  =   0.02203
     Deflect =

 Strip Forces referred to Strip Area, Chord
    j      Yle    Chord     Area     c cl      ai      cl_norm  cl       cd       cdv    cm_c/4    cm_LE  C.P.x/c
    21  -0.0282   3.7000   0.4171   3.7703   0.0600   1.0213   1.0213   0.0255   0.0000  -0.1405   0.3953    0.388
    22  -0.2530   3.7000   1.2412   3.7701   0.0600   1.0213   1.0213   0.0255   0.0000  -0.1405   0.3952    0.388
    23  -0.6971   3.7000   2.0346   3.7683   0.0601   1.0208   1.0208   0.0255   0.0000  -0.1405   0.3951    0.388
    24  -1.3494   3.7000   2.7780   3.7624   0.0606   1.0192   1.0192   0.0257   0.0000  -0.1405   0.3947    0.388
    25  -2.1940   3.7000   3.4529   3.7487   0.0617   1.0154   1.0154   0.0262   0.0000  -0.1404   0.3937    0.388
    26  -3.2101   3.7000   4.0429   3.7218   0.0638   1.0080   1.0080   0.0271   0.0000  -0.1404   0.3919    0.389
    27  -4.3726   3.7000   4.5333   3.6739   0.0732   0.9948   0.9948   0.0292   0.0000  -0.1408   0.3891    0.392
    28  -5.7356   3.6093   5.3981   3.5849   0.0535   1.0036   0.9952   0.0280   0.0000  -0.1409   0.3862    0.392
    29  -7.2752   3.4194   5.3825   3.4415   0.0345   1.0174   1.0089   0.0237   0.0000  -0.1404   0.3891    0.389
    30  -8.8741   3.2222   5.2001   3.2614   0.0371   1.0235   1.0149   0.0207   0.0000  -0.1404   0.3905    0.388
    31 -10.4930   3.0225   4.8779   3.0548   0.0360   1.0223   1.0137   0.0183   0.0000  -0.1404   0.3901    0.389
    32 -12.0919   2.8253   4.4474   2.8307   0.0349   1.0135   1.0050   0.0165   0.0000  -0.1403   0.3878    0.390
    33 -13.6315   2.6354   3.9416   2.5958   0.0347   0.9965   0.9881   0.0154   0.0000  -0.1399   0.3833    0.392
    34 -15.0739   2.4576   3.3921   2.3542   0.0364   0.9691   0.9610   0.0151   0.0000  -0.1392   0.3758    0.395
    35 -16.3836   2.2960   2.8264   2.1060   0.0410   0.9278   0.9200   0.0159   0.0000  -0.1377   0.3643    0.400
    36 -17.5282   2.1549   2.2655   1.8455   0.0501   0.8660   0.8587   0.0178   0.0000  -0.1348   0.3463    0.407
    37 -18.4798   2.0375   1.7234   1.5588   0.0658   0.7731   0.7666   0.0207   0.0000  -0.1287   0.3175    0.418
    38 -19.2147   1.9469   1.2061   1.2228   0.0909   0.6342   0.6288   0.0227   0.0000  -0.1159   0.2708    0.434
    39 -19.7150   1.8852   0.7124   0.8091   0.1293   0.4328   0.4292   0.0206   0.0000  -0.0893   0.1951    0.458
    40 -19.9682   1.8539   0.2355   0.2935   0.1820   0.1595   0.1581   0.0093   0.0000  -0.0375   0.0765    0.487

  Surface # 3     Second Wing2                            
     # Chordwise = 13   # Spanwise = 24     First strip = 41
     Surface area =   12.000000       Ave. chord =    2.000000
     CLsurf  =   0.01509     Clsurf  =  -0.00102
     CYsurf  =  -0.00000     Cmsurf  =  -0.05088
     CDsurf  =   0.00109     Cnsurf  =  -0.00002
     CDisurf =   0.00109     CDvsurf =   0.00000

  Forces referred to Ssurf, Cave about hinge axis thru LE
     CLsurf  =   0.15122     CDsurf  =   0.01090
     Deflect =

 Strip Forces referred to Strip Area, Chord
    j      Yle    Chord     Area     c cl      ai      cl_norm  cl       cd       cdv    cm_c/4    cm_LE  C.P.x/c
    41   0.0064   2.0000   0.0513   0.3497   0.0596   0.1745   0.1745   0.0124   0.0000  -0.0016  -0.0453    0.259
    42   0.0576   2.0000   0.1531   0.3497   0.0596   0.1745   0.1745   0.0124   0.0000  -0.0016  -0.0453    0.259
    43   0.1592   2.0000   0.2523   0.3496   0.0596   0.1744   0.1744   0.0124   0.0000  -0.0016  -0.0453    0.259
    44   0.3094   2.0000   0.3471   0.3496   0.0596   0.1744   0.1744   0.0124   0.0000  -0.0016  -0.0453    0.259
    45   0.5056   2.0000   0.4360   0.3494   0.0596   0.1743   0.1743   0.0124   0.0000  -0.0016  -0.0452    0.259
    46   0.7445   2.0000   0.5175   0.3490   0.0598   0.1741   0.1741   0.0124   0.0000  -0.0016  -0.0452    0.259
    47   1.0220   2.0000   0.5901   0.3484   0.0597   0.1738   0.1738   0.0124   0.0000  -0.0016  -0.0451    0.259
    48   1.3333   2.0000   0.6526   0.3475   0.0602   0.1733   0.1733   0.0124   0.0000  -0.0016  -0.0450    0.259
    49   1.6731   2.0000   0.7039   0.3462   0.0607   0.1727   0.1727   0.0123   0.0000  -0.0015  -0.0448    0.259
    50   2.0357   2.0000   0.7432   0.3445   0.0603   0.1719   0.1719   0.0123   0.0000  -0.0015  -0.0446    0.259
    51   2.4147   2.0000   0.7698   0.3422   0.0631   0.1707   0.1707   0.0122   0.0000  -0.0014  -0.0442    0.258
    52   2.8038   2.0000   0.7832   0.3392   0.0606   0.1692   0.1692   0.0121   0.0000  -0.0013  -0.0437    0.258
    53   3.1962   2.0000   0.7832   0.3346   0.0636   0.1669   0.1669   0.0120   0.0000  -0.0011  -0.0429    0.257
    54   3.5853   2.0000   0.7698   0.3266   0.0662   0.1629   0.1629   0.0117   0.0000  -0.0007  -0.0415    0.254
    55   3.9643   2.0000   0.7432   0.3118   0.0417   0.1556   0.1556   0.0112   0.0000   0.0001  -0.0389    0.249
    56   4.3269   2.0000   0.7039   0.2925   0.0784   0.1459   0.1459   0.0105   0.0000   0.0009  -0.0356    0.244
    57   4.6667   2.0000   0.6526   0.2719   0.0828   0.1357   0.1357   0.0098   0.0000   0.0015  -0.0325    0.239
    58   4.9780   2.0000   0.5901   0.2472   0.0756   0.1233   0.1233   0.0091   0.0000   0.0019  -0.0290    0.235
    59   5.2555   2.0000   0.5175   0.2188   0.0664   0.1091   0.1091   0.0082   0.0000   0.0022  -0.0251    0.229
    60   5.4944   2.0000   0.4360   0.1876   0.0721   0.0935   0.0935   0.0071   0.0000   0.0026  -0.0208    0.222
    61   5.6906   2.0000   0.3471   0.1525   0.0796   0.0760   0.0760   0.0059   0.0000   0.0028  -0.0162    0.213
    62   5.8408   2.0000   0.2523   0.1130   0.0859   0.0563   0.0563   0.0044   0.0000   0.0026  -0.0115    0.204
    63   5.9424   2.0000   0.1531   0.0695   0.0901   0.0346   0.0346   0.0028   0.0000   0.0019  -0.0068    0.196
    64   5.9936   2.0000   0.0513   0.0235   0.0923   0.0117   0.0117   0.0010   0.0000   0.0007  -0.0022    0.191

  Surface # 4     Second Wing2 (YDUP)                     
     # Chordwise = 13   # Spanwise = 24     First strip = 65
     Surface area =   12.000000       Ave. chord =    2.000000
     CLsurf  =   0.01509     Clsurf  =   0.00102
     CYsurf  =   0.00000     Cmsurf  =  -0.05088
     CDsurf  =   0.00109     Cnsurf  =   0.00002
     CDisurf =   0.00109     CDvsurf =   0.00000

  Forces referred to Ssurf, Cave about hinge axis thru LE
     CLsurf  =   0.15122     CDsurf  =   0.01090
     Deflect =

 Strip Forces referred to Strip Area, Chord
    j      Yle    Chord     Area     c cl      ai      cl_norm  cl       cd       cdv    cm_c/4    cm_LE  C.P.x/c
    65  -0.0064   2.0000   0.0513   0.3497   0.0596   0.1745   0.1745   0.0124   0.0000  -0.0016   0.0453    0.259
    66  -0.0576   2.0000   0.1531   0.3497   0.0596   0.1745   0.1745   0.0124   0.0000  -0.0016   0.0453    0.259
    67  -0.1592   2.0000   0.2523   0.3496   0.0596   0.1744   0.1744   0.0124   0.0000  -0.0016   0.0453    0.259
    68  -0.3094   2.0000   0.3471   0.3496   0.0596   0.1744   0.1744   0.0124   0.0000  -0.0016   0.0453    0.259
    69  -0.5056   2.0000   0.4360   0.3494   0.0596   0.1743   0.1743   0.0124   0.0000  -0.0016   0.0452    0.259
    70  -0.7445   2.0000   0.5175   0.3490   0.0598   0.1741   0.1741   0.0124   0.0000  -0.0016   0.0452    0.259
    71  -1.0220   2.0000   0.5901   0.3484   0.0597   0.1738   0.1738   0.0124   0.0000  -0.0016   0.0451    0.259
    72  -1.3333   2.0000   0.6526   0.3475   0.0602   0.1733   0.1733   0.0124   0.0000  -0.0016   0.0450    0.259
    73  -1.6731   2.0000   0.7039   0.3462   0.0607   0.1727   0.1727   0.0123   0.0000  -0.0015   0.0448    0.259
    74  -2.0357   2.0000   0.7432   0.3445   0.0603   0.1719   0.1719   0.0123   0.0000  -0.0015   0.0446    0.259
    75  -2.4147   2.0000   0.7698   0.3422   0.0631   0.1707   0.1707   0.0122   0.0000  -0.0014   0.0442    0.258
    76  -2.8038   2.0000   0.7832   0.3392   0.0606   0.1692   0.1692   0.0121   0.0000  -0.0013   0.0437    0.258
    77  -3.1962   2.0000   0.7832   0.3346   0.0636   0.1669   0.1669   0.0120   0.0000  -0.0011   0.0429    0.257
    78  -3.5853   2.0000   0.7698   0.3266   0.0662   0.1629   0.1629   0.0117   0.0000  -0.0007   0.0415    0.254
    79  -3.9643   2.0000   0.7432   0.3118   0.0417   0.1556   0.1556   0.0112   0.0000   0.0001   0.0389    0.249
    80  -4.3269   2.0000   0.7039   0.2925   0.0784   0.1459   0.1459   0.0105   0.0000   0.0009   0.0356    0.244
    81  -4.6667   2.0000   0.6526   0.2719   0.0828   0.1357   0.1357   0.0098   0.0000   0.0015   0.0325    0.239
    82  -4.9780   2.0000   0.5901   0.2472   0.0756   0.1233   0.1233   0.0091   0.0000   0.0019   0.0290    0.235
    83  -5.2555   2.0000   0.5175   0.2188   0.0664   0.1091   0.1091   0.0082   0.0000   0.0022   0.0251    0.229
    84  -5.4944   2.0000   0.4360   0.1876   0.0721   0.0935   0.0935   0.0071   0.0000   0.0026   0.0208    0.222
    85  -5.6906   2.0000   0.3471   0.1525   0.0796   0.0760   0.0760   0.0059   0.0000   0.0028   0.0162    0.213
    86  -5.8408   2.0000   0.2523   0.1130   0.0859   0.0563   0.0563   0.0044   0.0000   0.0026   0.0115    0.204
    87  -5.9424   2.0000   0.1531   0.0695   0.0901   0.0346   0.0346   0.0028   0.0000   0.0019   0.0068    0.196
    88  -5.9936   2.0000   0.0513   0.0235   0.0923   0.0117   0.0117   0.0010   0.0000   0.0007   0.0022    0.191

  Surface # 5     Fin                                     
     # Chordwise = 11   # Spanwise = 12     First strip = 89
     Surface area =    4.000000       Ave. chord =    1.600000
     CLsurf  =   0.00000     Clsurf  =  -0.00006
     CYsurf  =  -0.00100     Cmsurf  =  -0.00001
     CDsurf  =  -0.00001     Cnsurf  =   0.00027
     CDisurf =  -0.00001     CDvsurf =   0.00000

  Forces referred to Ssurf, Cave about hinge axis thru LE
     CLsurf  =   0.03003     CDsurf  =  -0.00018
     Deflect =

 Strip Forces referred to Strip Area, Chord
    j      Yle    Chord     Area     c cl      ai      cl_norm  cl       cd       cdv    cm_c/4    cm_LE  C.P.x/c
    89   4.0000   1.9966   0.0850   0.0055  -0.0113   0.0031   0.0028  -0.0000   0.0000  -0.0001  -0.0008    0.274
    90   4.0000   1.9696   0.2459   0.0175  -0.0163   0.0100   0.0089  -0.0000   0.0000  -0.0002  -0.0025    0.273
    91   4.0000   1.9173   0.3809   0.0314  -0.0158   0.0183   0.0164  -0.0000   0.0000  -0.0003  -0.0045    0.268
    92   4.0000   1.8435   0.4773   0.0452  -0.0128   0.0275   0.0245  -0.0001   0.0000  -0.0003  -0.0066    0.261
    93   4.0000   1.7531   0.5285   0.0560  -0.0109   0.0358   0.0320  -0.0002   0.0000  -0.0001  -0.0084    0.252
    94   4.0000   1.6522   0.5345   0.0621  -0.0097   0.0421   0.0376  -0.0002   0.0000   0.0002  -0.0096    0.244
    95   4.0000   1.5478   0.5007   0.0630  -0.0088   0.0456   0.0407  -0.0003   0.0000   0.0006  -0.0100    0.236
    96   4.0000   1.4469   0.4362   0.0592  -0.0080   0.0458   0.0409  -0.0003   0.0000   0.0010  -0.0097    0.226
    97   4.0000   1.3565   0.3512   0.0510  -0.0072   0.0421   0.0376  -0.0003   0.0000   0.0014  -0.0085    0.212
    98   4.0000   1.2827   0.2548   0.0394  -0.0065   0.0344   0.0307  -0.0003   0.0000   0.0017  -0.0064    0.194
    99   4.0000   1.2304   0.1537   0.0249  -0.0059   0.0226   0.0202  -0.0002   0.0000   0.0015  -0.0038    0.174
   100   4.0000   1.2034   0.0513   0.0085  -0.0055   0.0079   0.0071  -0.0001   0.0000   0.0007  -0.0012    0.158

  Surface # 6     Fin (YDUP)                              
     # Chordwise = 11   # Spanwise = 12     First strip =101
     Surface area =    4.000000       Ave. chord =    1.600000
     CLsurf  =   0.00000     Clsurf  =   0.00006
     CYsurf  =   0.00100     Cmsurf  =  -0.00001
     CDsurf  =  -0.00001     Cnsurf  =  -0.00027
     CDisurf =  -0.00001     CDvsurf =   0.00000

  Forces referred to Ssurf, Cave about hinge axis thru LE
     CLsurf  =   0.03003     CDsurf  =  -0.00018
     Deflect =

 Strip Forces referred to Strip Area, Chord
    j      Yle    Chord     Area     c cl      ai      cl_norm  cl       cd       cdv    cm_c/4    cm_LE  C.P.x/c
   101  -4.0000   1.9966   0.0850   0.0055  -0.0113   0.0031   0.0028  -0.0000   0.0000  -0.0001   0.0008    0.274
   102  -4.0000   1.9696   0.2459   0.0175  -0.0163   0.0100   0.0089  -0.0000   0.0000  -0.0002   0.0025    0.273
   103  -4.0000   1.9173   0.3809   0.0314  -0.0158   0.0183   0.0164  -0.0000   0.0000  -0.0003   0.0045    0.268
   104  -4.0000   1.8435   0.4773   0.0452  -0.0128   0.0275   0.0245  -0.0001   0.0000  -0.0003   0.0066    0.261
   105  -4.0000   1.7531   0.5285   0.0560  -0.0109   0.0358   0.0320  -0.0002   0.0000  -0.0001   0.0084    0.252
   106  -4.0000   1.6522   0.5345   0.0621  -0.0097   0.0421   0.0376  -0.0002   0.0000   0.0002   0.0096    0.244
   107  -4.0000   1.5478   0.5007   0.0630  -0.0088   0.0456   0.0407  -0.0003   0.0000   0.0006   0.0100    0.236
   108  -4.0000   1.4469   0.4362   0.0592  -0.0080   0.0458   0.0409  -0.0003   0.0000   0.0010   0.0097    0.226
   109  -4.0000   1.3565   0.3512   0.0510  -0.0072   0.0421   0.0376  -0.0003   0.0000   0.0014   0.0085    0.212
   110  -4.0000   1.2827   0.2548   0.0394  -0.0065   0.0344   0.0307  -0.0003   0.0000   0.0017   0.0064    0.194
   111  -4.0000   1.2304   0.1537   0.0249  -0.0059   0.0226   0.0202  -0.0002   0.0000   0.0015   0.0038    0.174
   112  -4.0000   1.2034   0.0513   0.0085  -0.0055   0.0079   0.0071  -0.0001   0.0000   0.0007   0.0012    0.158
 ---------------------------------------------------------------
