 ---------------------------------------------------------------
 Surface and Strip Forces by surface

  Forces referred to Sref, Cref, Bref about Xref, Yref, Zref
 Standard axis orientation,  X fwd, Z down         

  Surface # 1     FrontWing                               
     # Chordwise = 12   # Spanwise = 20     First strip =  1
     Surface area =   60.000000       Ave. chord =    3.000000
     CLsurf  =   0.26938     Clsurf  =  -0.06243
     CYsurf  =  -0.00000     Cmsurf  =   0.08770
     CDsurf  =   0.00352     Cnsurf  =   0.00050
     CDisurf =   0.00352     CDvsurf =   0.00000

  Forces referred to Ssurf, Cave about hinge axis thru LE
     CLsurf  =   0.53876     CDsurf  =   0.00704
     Deflect =

 Strip Forces referred to Strip Area, Chord
    j      Yle    Chord     Area     c cl      ai      cl_norm  cl       cd       cdv    cm_c/4    cm_LE  C.P.x/c
     1   0.0308   3.0000   0.3693   1.7940   0.0411   0.5980   0.5980   0.0043   0.0000  -0.1435  -0.2930    0.490
     2   0.2763   3.0000   1.0990   1.7940   0.0409   0.5980   0.5980   0.0043   0.0000  -0.1435  -0.2930    0.490
     3   0.7612   3.0000   1.8015   1.7937   0.0419   0.5979   0.5979   0.0043   0.0000  -0.1435  -0.2930    0.490
     4   1.4736   3.0000   2.4597   1.7928   0.0545   0.5976   0.5976   0.0043   0.0000  -0.1435  -0.2929    0.490
     5   2.3959   3.0000   3.0573   1.7906   0.0434   0.5969   0.5969   0.0044   0.0000  -0.1435  -0.2927    0.490
     6   3.5055   3.0000   3.5796   1.7867   0.0365   0.5955   0.5955   0.0045   0.0000  -0.1434  -0.2923    0.491
     7   4.7750   3.0000   4.0138   1.7802   0.1194   0.5934   0.5934   0.0046   0.0000  -0.1434  -0.2917    0.492
     8   6.1732   3.0000   4.3492   1.7703  -0.1115   0.5901   0.5901   0.0049   0.0000  -0.1433  -0.2908    0.493
     9   7.6655   3.0000   4.5775   1.7564  -0.0012   0.5855   0.5855   0.0052   0.0000  -0.1431  -0.2895    0.494
    10   9.2154   3.0000   4.6930   1.7374   0.0106   0.5791   0.5791   0.0057   0.0000  -0.1429  -0.2877    0.497
    11  10.7846   3.0000   4.6930   1.7113   0.0166   0.5704   0.5704   0.0063   0.0000  -0.1427  -0.2853    0.500
    12  12.3345   3.0000   4.5775   1.6759   0.0215   0.5586   0.5586   0.0071   0.0000  -0.1423  -0.2819    0.505
    13  13.8268   3.0000   4.3492   1.6275   0.0267   0.5424   0.5424   0.0081   0.0000  -0.1417  -0.2773    0.511
    14  15.2250   3.0000   4.0138   1.5612   0.0329   0.5203   0.5203   0.0093   0.0000  -0.1406  -0.2707    0.520
    15  16.4945   3.0000   3.5796   1.4703   0.0411   0.4900   0.4900   0.0107   0.0000  -0.1388  -0.2613    0.533
    16  17.6041   3.0000   3.0573   1.3458   0.0521   0.4485   0.4485   0.0120   0.0000  -0.1353  -0.2474    0.552
    17  18.5264   3.0000   2.4597   1.1757   0.0677   0.3918   0.3918   0.0130   0.0000  -0.1280  -0.2260    0.577
    18  19.2388   3.0000   1.8015   0.9448   0.0904   0.3148   0.3148   0.0128   0.0000  -0.1130  -0.1917    0.609
    19  19.7237   3.0000   1.0989   0.6345   0.1236   0.2114   0.2114   0.0104   0.0000  -0.0835  -0.1364    0.645
    20  19.9692   3.0000   0.3694   0.2305   0.1628   0.0768   0.0768   0.0045   0.0000  -0.0328  -0.0520    0.677

  Surface # 2     FrontWing (YDUP)                        
     # Chordwise = 12   # Spanwise = 20     First strip = 21
     Surface area =   60.000000       Ave. chord =    3.000000
     CLsurf  =   0.26938     Clsurf  =   0.06243
     CYsurf  =   0.00000     Cmsurf  =   0.08770
     CDsurf  =   0.00352     Cnsurf  =  -0.00050
     CDisurf =   0.00352     CDvsurf =   0.00000

  Forces referred to Ssurf, Cave about hinge axis thru LE
     CLsurf  =   0.53876     CDsurf  =   0.00704
     Deflect =

 Strip Forces referred to Strip Area, Chord
    j      Yle    Chord     Area     c cl      ai      cl_norm  cl       cd       cdv    cm_c/4    cm_LE  C.P.x/c
    21  -0.0308   3.0000   0.3693   1.7940   0.0411   0.5980   0.5980   0.0043   0.0000  -0.1435   0.2930    0.490
    22  -0.2763   3.0000   1.0990   1.7940   0.0409   0.5980   0.5980   0.0043   0.0000  -0.1435   0.2930    0.490
    23  -0.7612   3.0000   1.8015   1.7937   0.0419   0.5979   0.5979   0.0043   0.0000  -0.1435   0.2930    0.490
    24  -1.4736   3.0000   2.4597   1.7928   0.0545   0.5976   0.5976   0.0043   0.0000  -0.1435   0.2929    0.490
    25  -2.3959   3.0000   3.0573   1.7906   0.0434   0.5969   0.5969   0.0044   0.0000  -0.1435   0.2927    0.490
    26  -3.5055   3.0000   3.5796   1.7867   0.0365   0.5955   0.5955   0.0045   0.0000  -0.1434   0.2923    0.491
    27  -4.7750   3.0000   4.0138   1.7802   0.1194   0.5934   0.5934   0.0046   0.0000  -0.1434   0.2917    0.492
    28  -6.1732   3.0000   4.3492   1.7703  -0.1115   0.5901   0.5901   0.0049   0.0000  -0.1433   0.2908    0.493
    29  -7.6655   3.0000   4.5775   1.7564  -0.0012   0.5855   0.5855   0.0052   0.0000  -0.1431   0.2895    0.494
    30  -9.2154   3.0000   4.6930   1.7374   0.0106   0.5791   0.5791   0.0057   0.0000  -0.1429   0.2877    0.497
    31 -10.7846   3.0000   4.6930   1.7113   0.0166   0.5704   0.5704   0.0063   0.0000  -0.1427   0.2853    0.500
    32 -12.3345   3.0000   4.5775   1.6759   0.0215   0.5586   0.5586   0.0071   0.0000  -0.1423   0.2819    0.505
    33 -13.8268   3.0000   4.3492   1.6275   0.0267   0.5424   0.5424   0.0081   0.0000  -0.1417   0.2773    0.511
    34 -15.2250   3.0000   4.0138   1.5612   0.0329   0.5203   0.5203   0.0093   0.0000  -0.1406   0.2707    0.520
    35 -16.4945   3.0000   3.5796   1.4703   0.0411   0.4900   0.4900   0.0107   0.0000  -0.1388   0.2613    0.533
    36 -17.6041   3.0000   3.0573   1.3458   0.0521   0.4485   0.4485   0.0120   0.0000  -0.1353   0.2474    0.552
    37 -18.5264   3.0000   2.4597   1.1757   0.0677   0.3918   0.3918   0.0130   0.0000  -0.1280   0.2260    0.577
    38 -19.2388   3.0000   1.8015   0.9448   0.0904   0.3148   0.3148   0.0128   0.0000  -0.1130   0.1917    0.609
    39 -19.7237   3.0000   1.0989   0.6345   0.1236   0.2114   0.2114   0.0104   0.0000  -0.0835   0.1364    0.645
    40 -19.9692   3.0000   0.3694   0.2305   0.1628   0.0768   0.0768   0.0045   0.0000  -0.0328   0.0520    0.677

  Surface # 3     Second Wing2                            
     # Chordwise = 12   # Spanwise = 24     First strip = 41
     Surface area =   12.000000       Ave. chord =    2.000000
     CLsurf  =   0.03062     Clsurf  =  -0.00206
     CYsurf  =  -0.00000     Cmsurf  =  -0.08770
     CDsurf  =   0.00131     Cnsurf  =   0.00008
     CDisurf =   0.00131     CDvsurf =   0.00000

  Forces referred to Ssurf, Cave about hinge axis thru LE
     CLsurf  =   0.30618     CDsurf  =   0.01311
     Deflect =

 Strip Forces referred to Strip Area, Chord
    j      Yle    Chord     Area     c cl      ai      cl_norm  cl       cd       cdv    cm_c/4    cm_LE  C.P.x/c
    41   0.0064   2.0000   0.0513   0.7116   0.0413   0.3557   0.3557   0.0136   0.0000  -0.0963  -0.1852    0.521
    42   0.0576   2.0000   0.1531   0.7116   0.0413   0.3557   0.3557   0.0136   0.0000  -0.0963  -0.1852    0.521
    43   0.1592   2.0000   0.2523   0.7115   0.0412   0.3556   0.3556   0.0137   0.0000  -0.0963  -0.1852    0.521
    44   0.3094   2.0000   0.3471   0.7113   0.0413   0.3555   0.3555   0.0137   0.0000  -0.0963  -0.1852    0.521
    45   0.5056   2.0000   0.4360   0.7106   0.0400   0.3552   0.3552   0.0137   0.0000  -0.0963  -0.1851    0.521
    46   0.7445   2.0000   0.5175   0.7095   0.0415   0.3546   0.3546   0.0137   0.0000  -0.0963  -0.1849    0.521
    47   1.0220   2.0000   0.5901   0.7076   0.0428   0.3537   0.3537   0.0137   0.0000  -0.0962  -0.1847    0.522
    48   1.3333   2.0000   0.6526   0.7047   0.0419   0.3522   0.3522   0.0137   0.0000  -0.0962  -0.1843    0.523
    49   1.6731   2.0000   0.7039   0.7005   0.0431   0.3501   0.3501   0.0137   0.0000  -0.0961  -0.1837    0.524
    50   2.0357   2.0000   0.7432   0.6947   0.0421   0.3473   0.3473   0.0137   0.0000  -0.0960  -0.1828    0.526
    51   2.4147   2.0000   0.7698   0.6870   0.0444   0.3434   0.3434   0.0138   0.0000  -0.0958  -0.1817    0.529
    52   2.8038   2.0000   0.7832   0.6767   0.0478   0.3382   0.3382   0.0138   0.0000  -0.0956  -0.1802    0.533
    53   3.1962   2.0000   0.7832   0.6629   0.0457   0.3314   0.3314   0.0138   0.0000  -0.0953  -0.1781    0.537
    54   3.5853   2.0000   0.7698   0.6436   0.0470   0.3217   0.3217   0.0138   0.0000  -0.0946  -0.1751    0.544
    55   3.9643   2.0000   0.7432   0.6155   0.0350   0.3076   0.3076   0.0137   0.0000  -0.0934  -0.1704    0.554
    56   4.3269   2.0000   0.7039   0.5819   0.0597   0.2908   0.2908   0.0136   0.0000  -0.0918  -0.1645    0.566
    57   4.6667   2.0000   0.6526   0.5469   0.0631   0.2733   0.2733   0.0133   0.0000  -0.0898  -0.1581    0.578
    58   4.9780   2.0000   0.5901   0.5069   0.0690   0.2534   0.2534   0.0129   0.0000  -0.0869  -0.1502    0.593
    59   5.2555   2.0000   0.5175   0.4594   0.0783   0.2296   0.2296   0.0123   0.0000  -0.0824  -0.1398    0.609
    60   5.4944   2.0000   0.4360   0.4021   0.0603   0.2010   0.2010   0.0113   0.0000  -0.0755  -0.1258    0.626
    61   5.6906   2.0000   0.3471   0.3330   0.0901   0.1664   0.1664   0.0098   0.0000  -0.0653  -0.1070    0.643
    62   5.8408   2.0000   0.2523   0.2509   0.1014   0.1254   0.1254   0.0077   0.0000  -0.0511  -0.0825    0.657
    63   5.9424   2.0000   0.1531   0.1566   0.1100   0.0782   0.0782   0.0050   0.0000  -0.0327  -0.0523    0.668
    64   5.9936   2.0000   0.0513   0.0533   0.1150   0.0266   0.0266   0.0017   0.0000  -0.0113  -0.0180    0.674

  Surface # 4     Second Wing2 (YDUP)                     
     # Chordwise = 12   # Spanwise = 24     First strip = 65
     Surface area =   12.000000       Ave. chord =    2.000000
     CLsurf  =   0.03062     Clsurf  =   0.00206
     CYsurf  =   0.00000     Cmsurf  =  -0.08770
     CDsurf  =   0.00131     Cnsurf  =  -0.00008
     CDisurf =   0.00131     CDvsurf =   0.00000

  Forces referred to Ssurf, Cave about hinge axis thru LE
     CLsurf  =   0.30618     CDsurf  =   0.01311
     Deflect =

 Strip Forces referred to Strip Area, Chord
    j      Yle    Chord     Area     c cl      ai      cl_norm  cl       cd       cdv    cm_c/4    cm_LE  C.P.x/c
    65  -0.0064   2.0000   0.0513   0.7116   0.0413   0.3557   0.3557   0.0136   0.0000  -0.0963   0.1852    0.521
    66  -0.0576   2.0000   0.1531   0.7116   0.0413   0.3557   0.3557   0.0136   0.0000  -0.0963   0.1852    0.521
    67  -0.1592   2.0000   0.2523   0.7115   0.0412   0.3556   0.3556   0.0137   0.0000  -0.0963   0.1852    0.521
    68  -0.3094   2.0000   0.3471   0.7113   0.0413   0.3555   0.3555   0.0137   0.0000  -0.0963   0.1852    0.521
    69  -0.5056   2.0000   0.4360   0.7106   0.0400   0.3552   0.3552   0.0137   0.0000  -0.0963   0.1851    0.521
    70  -0.7445   2.0000   0.5175   0.7095   0.0415   0.3546   0.3546   0.0137   0.0000  -0.0963   0.1849    0.521
    71  -1.0220   2.0000   0.5901   0.7076   0.0428   0.3537   0.3537   0.0137   0.0000  -0.0962   0.1847    0.522
    72  -1.3333   2.0000   0.6526   0.7047   0.0419   0.3522   0.3522   0.0137   0.0000  -0.0962   0.1843    0.523
    73  -1.6731   2.0000   0.7039   0.7005   0.0431   0.3501   0.3501   0.0137   0.0000  -0.0961   0.1837    0.524
    74  -2.0357   2.0000   0.7432   0.6947   0.0421   0.3473   0.3473   0.0137   0.0000  -0.0960   0.1828    0.526
    75  -2.4147   2.0000   0.7698   0.6870   0.0444   0.3434   0.3434   0.0138   0.0000  -0.0958   0.1817    0.529
    76  -2.8038   2.0000   0.7832   0.6767   0.0478   0.3382   0.3382   0.0138   0.0000  -0.0956   0.1802    0.533
    77  -3.1962   2.0000   0.7832   0.6629   0.0457   0.3314   0.3314   0.0138   0.0000  -0.0953   0.1781    0.537
    78  -3.5853   2.0000   0.7698   0.6436   0.0470   0.3217   0.3217   0.0138   0.0000  -0.0946   0.1751    0.544
    79  -3.9643   2.0000   0.7432   0.6155   0.0350   0.3076   0.3076   0.0137   0.0000  -0.0934   0.1704    0.554
    80  -4.3269   2.0000   0.7039   0.5819   0.0597   0.2908   0.2908   0.0136   0.0000  -0.0918   0.1645    0.566
    81  -4.6667   2.0000   0.6526   0.5469   0.0631   0.2733   0.2733   0.0133   0.0000  -0.0898   0.1581    0.578
    82  -4.9780   2.0000   0.5901   0.5069   0.0690   0.2534   0.2534   0.0129   0.0000  -0.0869   0.1502    0.593
    83  -5.2555   2.0000   0.5175   0.4594   0.0783   0.2296   0.2296   0.0123   0.0000  -0.0824   0.1398    0.609
    84  -5.4944   2.0000   0.4360   0.4021   0.0603   0.2010   0.2010   0.0113   0.0000  -0.0755   0.1258    0.626
    85  -5.6906   2.0000   0.3471   0.3330   0.0901   0.1664   0.1664   0.0098   0.0000  -0.0653   0.1070    0.643
    86  -5.8408   2.0000   0.2523   0.2509   0.1014   0.1254   0.1254   0.0077   0.0000  -0.0511   0.0825    0.657
    87  -5.9424   2.0000   0.1531   0.1566   0.1100   0.0782   0.0782   0.0050   0.0000  -0.0327   0.0523    0.668
    88  -5.9936   2.0000   0.0513   0.0533   0.1150   0.0266   0.0266   0.0017   0.0000  -0.0113   0.0180    0.674

  Surface # 5     Fin                                     
     # Chordwise = 12   # Spanwise = 12     First strip = 89
     Surface area =    4.000000       Ave. chord =    1.600000
     CLsurf  =   0.00000     Clsurf  =  -0.00003
     CYsurf  =  -0.00089     Cmsurf  =  -0.00000
     CDsurf  =  -0.00000     Cnsurf  =   0.00019
     CDisurf =  -0.00000     CDvsurf =   0.00000

  Forces referred to Ssurf, Cave about hinge axis thru LE
     CLsurf  =   0.02674     CDsurf  =  -0.00011
     Deflect =

 Strip Forces referred to Strip Area, Chord
    j      Yle    Chord     Area     c cl      ai      cl_norm  cl       cd       cdv    cm_c/4    cm_LE  C.P.x/c
    89   4.0000   1.9966   0.0850   0.0047  -0.0035   0.0025   0.0024   0.0000   0.0000  -0.0002  -0.0008    0.341
    90   4.0000   1.9696   0.2459   0.0155  -0.0151   0.0084   0.0079  -0.0000   0.0000  -0.0007  -0.0025    0.337
    91   4.0000   1.9173   0.3809   0.0290  -0.0160   0.0161   0.0151  -0.0000   0.0000  -0.0012  -0.0048    0.328
    92   4.0000   1.8435   0.4773   0.0426  -0.0124   0.0246   0.0231  -0.0000   0.0000  -0.0015  -0.0070    0.316
    93   4.0000   1.7531   0.5285   0.0524  -0.0109   0.0318   0.0299  -0.0001   0.0000  -0.0016  -0.0087    0.302
    94   4.0000   1.6522   0.5345   0.0567  -0.0104   0.0365   0.0343  -0.0001   0.0000  -0.0013  -0.0095    0.288
    95   4.0000   1.5478   0.5007   0.0559  -0.0101   0.0384   0.0361  -0.0002   0.0000  -0.0009  -0.0095    0.275
    96   4.0000   1.4469   0.4362   0.0510  -0.0096   0.0374   0.0352  -0.0002   0.0000  -0.0004  -0.0089    0.262
    97   4.0000   1.3565   0.3512   0.0430  -0.0089   0.0337   0.0317  -0.0002   0.0000   0.0001  -0.0075    0.247
    98   4.0000   1.2827   0.2548   0.0326  -0.0082   0.0270   0.0254  -0.0001   0.0000   0.0005  -0.0056    0.229
    99   4.0000   1.2304   0.1537   0.0204  -0.0076   0.0176   0.0165  -0.0001   0.0000   0.0007  -0.0034    0.210
   100   4.0000   1.2034   0.0513   0.0069  -0.0071   0.0061   0.0058  -0.0000   0.0000   0.0003  -0.0011    0.197

  Surface # 6     Fin (YDUP)                              
     # Chordwise = 12   # Spanwise = 12     First strip =101
     Surface area =    4.000000       Ave. chord =    1.600000
     CLsurf  =   0.00000     Clsurf  =   0.00003
     CYsurf  =   0.00089     Cmsurf  =  -0.00000
     CDsurf  =  -0.00000     Cnsurf  =  -0.00019
     CDisurf =  -0.00000     CDvsurf =   0.00000

  Forces referred to Ssurf, Cave about hinge axis thru LE
     CLsurf  =   0.02674     CDsurf  =  -0.00011
     Deflect =

 Strip Forces referred to Strip Area, Chord
    j      Yle    Chord     Area     c cl      ai      cl_norm  cl       cd       cdv    cm_c/4    cm_LE  C.P.x/c
   101  -4.0000   1.9966   0.0850   0.0047  -0.0035   0.0025   0.0024   0.0000   0.0000  -0.0002   0.0008    0.341
   102  -4.0000   1.9696   0.2459   0.0155  -0.0151   0.0084   0.0079  -0.0000   0.0000  -0.0007   0.0025    0.337
   103  -4.0000   1.9173   0.3809   0.0290  -0.0160   0.0161   0.0151  -0.0000   0.0000  -0.0012   0.0048    0.328
   104  -4.0000   1.8435   0.4773   0.0426  -0.0124   0.0246   0.0231  -0.0000   0.0000  -0.0015   0.0070    0.316
   105  -4.0000   1.7531   0.5285   0.0524  -0.0109   0.0318   0.0299  -0.0001   0.0000  -0.0016   0.0087    0.302
   106  -4.0000   1.6522   0.5345   0.0567  -0.0104   0.0365   0.0343  -0.0001   0.0000  -0.0013   0.0095    0.288
   107  -4.0000   1.5478   0.5007   0.0559  -0.0101   0.0384   0.0361  -0.0002   0.0000  -0.0009   0.0095    0.275
   108  -4.0000   1.4469   0.4362   0.0510  -0.0096   0.0374   0.0352  -0.0002   0.0000  -0.0004   0.0089    0.262
   109  -4.0000   1.3565   0.3512   0.0430  -0.0089   0.0337   0.0317  -0.0002   0.0000   0.0001   0.0075    0.247
   110  -4.0000   1.2827   0.2548   0.0326  -0.0082   0.0270   0.0254  -0.0001   0.0000   0.0005   0.0056    0.229
   111  -4.0000   1.2304   0.1537   0.0204  -0.0076   0.0176   0.0165  -0.0001   0.0000   0.0007   0.0034    0.210
   112  -4.0000   1.2034   0.0513   0.0069  -0.0071   0.0061   0.0058  -0.0000   0.0000   0.0003   0.0011    0.197
 ---------------------------------------------------------------
