 ---------------------------------------------------------------
 Surface and Strip Forces by surface

  Forces referred to Sref, Cref, Bref about Xref, Yref, Zref
 Standard axis orientation,  X fwd, Z down         

  Surface # 1     FrontWing                               
     # Chordwise = 12   # Spanwise = 20     First strip =  1
     Surface area =   60.000000       Ave. chord =    3.000000
     CLsurf  =   0.31055     Clsurf  =  -0.07184
     CYsurf  =  -0.00000     Cmsurf  =   0.11191
     CDsurf  =   0.00461     Cnsurf  =  -0.00039
     CDisurf =   0.00461     CDvsurf =   0.00000

  Forces referred to Ssurf, Cave about hinge axis thru LE
     CLsurf  =   0.62110     CDsurf  =   0.00922
     Deflect =

 Strip Forces referred to Strip Area, Chord
    j      Yle    Chord     Area     c cl      ai      cl_norm  cl       cd       cdv    cm_c/4    cm_LE  C.P.x/c
     1   0.0308   3.0000   0.3693   2.0733   0.0510   0.6912   0.6912   0.0056   0.0000  -0.1435  -0.3163    0.458
     2   0.2763   3.0000   1.0990   2.0733   0.0508   0.6912   0.6912   0.0056   0.0000  -0.1435  -0.3163    0.458
     3   0.7612   3.0000   1.8015   2.0730   0.0520   0.6911   0.6911   0.0056   0.0000  -0.1435  -0.3163    0.458
     4   1.4736   3.0000   2.4597   2.0718   0.0688   0.6907   0.6907   0.0057   0.0000  -0.1435  -0.3162    0.458
     5   2.3959   3.0000   3.0573   2.0693   0.0540   0.6898   0.6898   0.0057   0.0000  -0.1435  -0.3159    0.458
     6   3.5055   3.0000   3.5796   2.0645   0.0446   0.6882   0.6882   0.0059   0.0000  -0.1434  -0.3155    0.458
     7   4.7750   3.0000   4.0138   2.0567   0.1533   0.6856   0.6856   0.0061   0.0000  -0.1433  -0.3147    0.459
     8   6.1732   3.0000   4.3492   2.0448  -0.1440   0.6816   0.6816   0.0064   0.0000  -0.1432  -0.3136    0.460
     9   7.6655   3.0000   4.5775   2.0283  -0.0040   0.6761   0.6761   0.0069   0.0000  -0.1430  -0.3121    0.462
    10   9.2154   3.0000   4.6930   2.0057   0.0109   0.6686   0.6686   0.0075   0.0000  -0.1428  -0.3099    0.464
    11  10.7846   3.0000   4.6930   1.9748   0.0183   0.6583   0.6583   0.0083   0.0000  -0.1425  -0.3071    0.466
    12  12.3345   3.0000   4.5775   1.9329   0.0243   0.6443   0.6443   0.0094   0.0000  -0.1420  -0.3031    0.470
    13  13.8268   3.0000   4.3492   1.8758   0.0304   0.6252   0.6252   0.0107   0.0000  -0.1413  -0.2976    0.476
    14  15.2250   3.0000   4.0138   1.7975   0.0377   0.5990   0.5990   0.0123   0.0000  -0.1401  -0.2899    0.484
    15  16.4945   3.0000   3.5796   1.6900   0.0470   0.5631   0.5631   0.0140   0.0000  -0.1381  -0.2789    0.495
    16  17.6041   3.0000   3.0573   1.5426   0.0594   0.5140   0.5140   0.0157   0.0000  -0.1342  -0.2627    0.511
    17  18.5264   3.0000   2.4597   1.3420   0.0764   0.4470   0.4470   0.0168   0.0000  -0.1265  -0.2384    0.533
    18  19.2388   3.0000   1.8015   1.0719   0.1004   0.3570   0.3570   0.0164   0.0000  -0.1112  -0.2005    0.562
    19  19.7237   3.0000   1.0989   0.7145   0.1346   0.2379   0.2379   0.0131   0.0000  -0.0819  -0.1415    0.594
    20  19.9692   3.0000   0.3694   0.2578   0.1745   0.0858   0.0858   0.0055   0.0000  -0.0321  -0.0536    0.624

  Surface # 2     FrontWing (YDUP)                        
     # Chordwise = 12   # Spanwise = 20     First strip = 21
     Surface area =   60.000000       Ave. chord =    3.000000
     CLsurf  =   0.31055     Clsurf  =   0.07184
     CYsurf  =  -0.00000     Cmsurf  =   0.11191
     CDsurf  =   0.00461     Cnsurf  =   0.00039
     CDisurf =   0.00461     CDvsurf =   0.00000

  Forces referred to Ssurf, Cave about hinge axis thru LE
     CLsurf  =   0.62110     CDsurf  =   0.00922
     Deflect =

 Strip Forces referred to Strip Area, Chord
    j      Yle    Chord     Area     c cl      ai      cl_norm  cl       cd       cdv    cm_c/4    cm_LE  C.P.x/c
    21  -0.0308   3.0000   0.3693   2.0733   0.0510   0.6912   0.6912   0.0056   0.0000  -0.1435   0.3163    0.458
    22  -0.2763   3.0000   1.0990   2.0733   0.0508   0.6912   0.6912   0.0056   0.0000  -0.1435   0.3163    0.458
    23  -0.7612   3.0000   1.8015   2.0730   0.0520   0.6911   0.6911   0.0056   0.0000  -0.1435   0.3163    0.458
    24  -1.4736   3.0000   2.4597   2.0718   0.0688   0.6907   0.6907   0.0057   0.0000  -0.1435   0.3162    0.458
    25  -2.3959   3.0000   3.0573   2.0693   0.0540   0.6898   0.6898   0.0057   0.0000  -0.1435   0.3159    0.458
    26  -3.5055   3.0000   3.5796   2.0645   0.0446   0.6882   0.6882   0.0059   0.0000  -0.1434   0.3155    0.458
    27  -4.7750   3.0000   4.0138   2.0567   0.1533   0.6856   0.6856   0.0061   0.0000  -0.1433   0.3147    0.459
    28  -6.1732   3.0000   4.3492   2.0448  -0.1440   0.6816   0.6816   0.0064   0.0000  -0.1432   0.3136    0.460
    29  -7.6655   3.0000   4.5775   2.0283  -0.0040   0.6761   0.6761   0.0069   0.0000  -0.1430   0.3121    0.462
    30  -9.2154   3.0000   4.6930   2.0057   0.0109   0.6686   0.6686   0.0075   0.0000  -0.1428   0.3099    0.464
    31 -10.7846   3.0000   4.6930   1.9748   0.0183   0.6583   0.6583   0.0083   0.0000  -0.1425   0.3071    0.466
    32 -12.3345   3.0000   4.5775   1.9329   0.0243   0.6443   0.6443   0.0094   0.0000  -0.1420   0.3031    0.470
    33 -13.8268   3.0000   4.3492   1.8758   0.0304   0.6252   0.6252   0.0107   0.0000  -0.1413   0.2976    0.476
    34 -15.2250   3.0000   4.0138   1.7975   0.0377   0.5990   0.5990   0.0123   0.0000  -0.1401   0.2899    0.484
    35 -16.4945   3.0000   3.5796   1.6900   0.0470   0.5631   0.5631   0.0140   0.0000  -0.1381   0.2789    0.495
    36 -17.6041   3.0000   3.0573   1.5426   0.0594   0.5140   0.5140   0.0157   0.0000  -0.1342   0.2627    0.511
    37 -18.5264   3.0000   2.4597   1.3420   0.0764   0.4470   0.4470   0.0168   0.0000  -0.1265   0.2384    0.533
    38 -19.2388   3.0000   1.8015   1.0719   0.1004   0.3570   0.3570   0.0164   0.0000  -0.1112   0.2005    0.562
    39 -19.7237   3.0000   1.0989   0.7145   0.1346   0.2379   0.2379   0.0131   0.0000  -0.0819   0.1415    0.594
    40 -19.9692   3.0000   0.3694   0.2578   0.1745   0.0858   0.0858   0.0055   0.0000  -0.0321   0.0536    0.624

  Surface # 3     Second Wing2                            
     # Chordwise = 12   # Spanwise = 24     First strip = 41
     Surface area =   12.000000       Ave. chord =    2.000000
     CLsurf  =   0.03945     Clsurf  =  -0.00265
     CYsurf  =   0.00000     Cmsurf  =  -0.11190
     CDsurf  =   0.00204     Cnsurf  =   0.00008
     CDisurf =   0.00204     CDvsurf =   0.00000

  Forces referred to Ssurf, Cave about hinge axis thru LE
     CLsurf  =   0.39450     CDsurf  =   0.02040
     Deflect =

 Strip Forces referred to Strip Area, Chord
    j      Yle    Chord     Area     c cl      ai      cl_norm  cl       cd       cdv    cm_c/4    cm_LE  C.P.x/c
    41   0.0064   2.0000   0.0513   0.9206   0.0513   0.4599   0.4599   0.0212   0.0000  -0.1059  -0.2210    0.480
    42   0.0576   2.0000   0.1531   0.9206   0.0513   0.4599   0.4599   0.0212   0.0000  -0.1059  -0.2210    0.480
    43   0.1592   2.0000   0.2523   0.9205   0.0512   0.4598   0.4598   0.0212   0.0000  -0.1059  -0.2209    0.480
    44   0.3094   2.0000   0.3471   0.9201   0.0514   0.4597   0.4597   0.0212   0.0000  -0.1059  -0.2209    0.480
    45   0.5056   2.0000   0.4360   0.9193   0.0497   0.4593   0.4593   0.0212   0.0000  -0.1059  -0.2208    0.480
    46   0.7445   2.0000   0.5175   0.9178   0.0516   0.4585   0.4585   0.0213   0.0000  -0.1058  -0.2206    0.481
    47   1.0220   2.0000   0.5901   0.9153   0.0531   0.4573   0.4573   0.0213   0.0000  -0.1058  -0.2202    0.481
    48   1.3333   2.0000   0.6526   0.9115   0.0521   0.4554   0.4554   0.0213   0.0000  -0.1057  -0.2197    0.482
    49   1.6731   2.0000   0.7039   0.9060   0.0536   0.4526   0.4526   0.0213   0.0000  -0.1056  -0.2189    0.483
    50   2.0357   2.0000   0.7432   0.8984   0.0524   0.4488   0.4488   0.0214   0.0000  -0.1055  -0.2178    0.485
    51   2.4147   2.0000   0.7698   0.8881   0.0553   0.4437   0.4437   0.0215   0.0000  -0.1053  -0.2163    0.487
    52   2.8038   2.0000   0.7832   0.8745   0.0594   0.4369   0.4369   0.0215   0.0000  -0.1050  -0.2143    0.490
    53   3.1962   2.0000   0.7832   0.8563   0.0570   0.4277   0.4277   0.0216   0.0000  -0.1046  -0.2116    0.494
    54   3.5853   2.0000   0.7698   0.8305   0.0584   0.4149   0.4149   0.0216   0.0000  -0.1037  -0.2076    0.500
    55   3.9643   2.0000   0.7432   0.7931   0.0421   0.3961   0.3961   0.0214   0.0000  -0.1022  -0.2014    0.508
    56   4.3269   2.0000   0.7039   0.7483   0.0750   0.3737   0.3737   0.0212   0.0000  -0.1002  -0.1937    0.518
    57   4.6667   2.0000   0.6526   0.7017   0.0788   0.3504   0.3504   0.0208   0.0000  -0.0978  -0.1855    0.529
    58   4.9780   2.0000   0.5901   0.6487   0.0858   0.3240   0.3240   0.0201   0.0000  -0.0944  -0.1755    0.541
    59   5.2555   2.0000   0.5175   0.5861   0.0969   0.2927   0.2927   0.0191   0.0000  -0.0894  -0.1626    0.555
    60   5.4944   2.0000   0.4360   0.5111   0.0749   0.2552   0.2552   0.0175   0.0000  -0.0817  -0.1456    0.570
    61   5.6906   2.0000   0.3471   0.4217   0.1101   0.2105   0.2105   0.0151   0.0000  -0.0706  -0.1233    0.585
    62   5.8408   2.0000   0.2523   0.3166   0.1231   0.1581   0.1581   0.0118   0.0000  -0.0550  -0.0946    0.598
    63   5.9424   2.0000   0.1531   0.1970   0.1329   0.0984   0.0984   0.0076   0.0000  -0.0352  -0.0598    0.608
    64   5.9936   2.0000   0.0513   0.0670   0.1385   0.0334   0.0334   0.0026   0.0000  -0.0121  -0.0205    0.613

  Surface # 4     Second Wing2 (YDUP)                     
     # Chordwise = 12   # Spanwise = 24     First strip = 65
     Surface area =   12.000000       Ave. chord =    2.000000
     CLsurf  =   0.03945     Clsurf  =   0.00265
     CYsurf  =   0.00000     Cmsurf  =  -0.11190
     CDsurf  =   0.00204     Cnsurf  =  -0.00008
     CDisurf =   0.00204     CDvsurf =   0.00000

  Forces referred to Ssurf, Cave about hinge axis thru LE
     CLsurf  =   0.39450     CDsurf  =   0.02040
     Deflect =

 Strip Forces referred to Strip Area, Chord
    j      Yle    Chord     Area     c cl      ai      cl_norm  cl       cd       cdv    cm_c/4    cm_LE  C.P.x/c
    65  -0.0064   2.0000   0.0513   0.9206   0.0513   0.4599   0.4599   0.0212   0.0000  -0.1059   0.2210    0.480
    66  -0.0576   2.0000   0.1531   0.9206   0.0513   0.4599   0.4599   0.0212   0.0000  -0.1059   0.2210    0.480
    67  -0.1592   2.0000   0.2523   0.9205   0.0512   0.4598   0.4598   0.0212   0.0000  -0.1059   0.2209    0.480
    68  -0.3094   2.0000   0.3471   0.9201   0.0514   0.4597   0.4597   0.0212   0.0000  -0.1059   0.2209    0.480
    69  -0.5056   2.0000   0.4360   0.9193   0.0497   0.4593   0.4593   0.0212   0.0000  -0.1059   0.2208    0.480
    70  -0.7445   2.0000   0.5175   0.9178   0.0516   0.4585   0.4585   0.0213   0.0000  -0.1058   0.2206    0.481
    71  -1.0220   2.0000   0.5901   0.9153   0.0531   0.4573   0.4573   0.0213   0.0000  -0.1058   0.2202    0.481
    72  -1.3333   2.0000   0.6526   0.9115   0.0521   0.4554   0.4554   0.0213   0.0000  -0.1057   0.2197    0.482
    73  -1.6731   2.0000   0.7039   0.9060   0.0536   0.4526   0.4526   0.0213   0.0000  -0.1056   0.2189    0.483
    74  -2.0357   2.0000   0.7432   0.8984   0.0524   0.4488   0.4488   0.0214   0.0000  -0.1055   0.2178    0.485
    75  -2.4147   2.0000   0.7698   0.8881   0.0553   0.4437   0.4437   0.0215   0.0000  -0.1053   0.2163    0.487
    76  -2.8038   2.0000   0.7832   0.8745   0.0594   0.4369   0.4369   0.0215   0.0000  -0.1050   0.2143    0.490
    77  -3.1962   2.0000   0.7832   0.8563   0.0570   0.4277   0.4277   0.0216   0.0000  -0.1046   0.2116    0.494
    78  -3.5853   2.0000   0.7698   0.8305   0.0584   0.4149   0.4149   0.0216   0.0000  -0.1037   0.2076    0.500
    79  -3.9643   2.0000   0.7432   0.7931   0.0421   0.3961   0.3961   0.0214   0.0000  -0.1022   0.2014    0.508
    80  -4.3269   2.0000   0.7039   0.7483   0.0750   0.3737   0.3737   0.0212   0.0000  -0.1002   0.1937    0.518
    81  -4.6667   2.0000   0.6526   0.7017   0.0788   0.3504   0.3504   0.0208   0.0000  -0.0978   0.1855    0.529
    82  -4.9780   2.0000   0.5901   0.6487   0.0858   0.3240   0.3240   0.0201   0.0000  -0.0944   0.1755    0.541
    83  -5.2555   2.0000   0.5175   0.5861   0.0969   0.2927   0.2927   0.0191   0.0000  -0.0894   0.1626    0.555
    84  -5.4944   2.0000   0.4360   0.5111   0.0749   0.2552   0.2552   0.0175   0.0000  -0.0817   0.1456    0.570
    85  -5.6906   2.0000   0.3471   0.4217   0.1101   0.2105   0.2105   0.0151   0.0000  -0.0706   0.1233    0.585
    86  -5.8408   2.0000   0.2523   0.3166   0.1231   0.1581   0.1581   0.0118   0.0000  -0.0550   0.0946    0.598
    87  -5.9424   2.0000   0.1531   0.1970   0.1329   0.0984   0.0984   0.0076   0.0000  -0.0352   0.0598    0.608
    88  -5.9936   2.0000   0.0513   0.0670   0.1385   0.0334   0.0334   0.0026   0.0000  -0.0121   0.0205    0.613

  Surface # 5     Fin                                     
     # Chordwise = 12   # Spanwise = 12     First strip = 89
     Surface area =    4.000000       Ave. chord =    1.600000
     CLsurf  =   0.00000     Clsurf  =  -0.00004
     CYsurf  =  -0.00118     Cmsurf  =  -0.00001
     CDsurf  =  -0.00001     Cnsurf  =   0.00025
     CDisurf =  -0.00001     CDvsurf =   0.00000

  Forces referred to Ssurf, Cave about hinge axis thru LE
     CLsurf  =   0.03542     CDsurf  =  -0.00018
     Deflect =

 Strip Forces referred to Strip Area, Chord
    j      Yle    Chord     Area     c cl      ai      cl_norm  cl       cd       cdv    cm_c/4    cm_LE  C.P.x/c
    89   4.0000   1.9966   0.0850   0.0062  -0.0045   0.0033   0.0031   0.0000   0.0000  -0.0003  -0.0010    0.339
    90   4.0000   1.9696   0.2459   0.0205  -0.0198   0.0112   0.0104  -0.0000   0.0000  -0.0009  -0.0034    0.335
    91   4.0000   1.9173   0.3809   0.0385  -0.0208   0.0215   0.0201  -0.0000   0.0000  -0.0015  -0.0063    0.325
    92   4.0000   1.8435   0.4773   0.0567  -0.0161   0.0330   0.0308  -0.0001   0.0000  -0.0019  -0.0093    0.313
    93   4.0000   1.7531   0.5285   0.0697  -0.0140   0.0426   0.0398  -0.0002   0.0000  -0.0020  -0.0115    0.299
    94   4.0000   1.6522   0.5345   0.0753  -0.0133   0.0488   0.0456  -0.0002   0.0000  -0.0017  -0.0127    0.286
    95   4.0000   1.5478   0.5007   0.0740  -0.0129   0.0512   0.0478  -0.0003   0.0000  -0.0011  -0.0127    0.274
    96   4.0000   1.4469   0.4362   0.0673  -0.0122   0.0498   0.0465  -0.0003   0.0000  -0.0005  -0.0118    0.260
    97   4.0000   1.3565   0.3512   0.0566  -0.0114   0.0447   0.0417  -0.0003   0.0000   0.0002  -0.0100    0.246
    98   4.0000   1.2827   0.2548   0.0429  -0.0104   0.0358   0.0334  -0.0002   0.0000   0.0007  -0.0074    0.228
    99   4.0000   1.2304   0.1537   0.0268  -0.0096   0.0233   0.0217  -0.0002   0.0000   0.0009  -0.0045    0.210
   100   4.0000   1.2034   0.0513   0.0091  -0.0090   0.0081   0.0076  -0.0001   0.0000   0.0004  -0.0015    0.196

  Surface # 6     Fin (YDUP)                              
     # Chordwise = 12   # Spanwise = 12     First strip =101
     Surface area =    4.000000       Ave. chord =    1.600000
     CLsurf  =   0.00000     Clsurf  =   0.00004
     CYsurf  =   0.00118     Cmsurf  =  -0.00001
     CDsurf  =  -0.00001     Cnsurf  =  -0.00025
     CDisurf =  -0.00001     CDvsurf =   0.00000

  Forces referred to Ssurf, Cave about hinge axis thru LE
     CLsurf  =   0.03542     CDsurf  =  -0.00018
     Deflect =

 Strip Forces referred to Strip Area, Chord
    j      Yle    Chord     Area     c cl      ai      cl_norm  cl       cd       cdv    cm_c/4    cm_LE  C.P.x/c
   101  -4.0000   1.9966   0.0850   0.0062  -0.0045   0.0033   0.0031   0.0000   0.0000  -0.0003   0.0010    0.339
   102  -4.0000   1.9696   0.2459   0.0205  -0.0198   0.0112   0.0104  -0.0000   0.0000  -0.0009   0.0034    0.335
   103  -4.0000   1.9173   0.3809   0.0385  -0.0208   0.0215   0.0201  -0.0000   0.0000  -0.0015   0.0063    0.325
   104  -4.0000   1.8435   0.4773   0.0567  -0.0161   0.0330   0.0308  -0.0001   0.0000  -0.0019   0.0093    0.313
   105  -4.0000   1.7531   0.5285   0.0697  -0.0140   0.0426   0.0398  -0.0002   0.0000  -0.0020   0.0115    0.299
   106  -4.0000   1.6522   0.5345   0.0753  -0.0133   0.0488   0.0456  -0.0002   0.0000  -0.0017   0.0127    0.286
   107  -4.0000   1.5478   0.5007   0.0740  -0.0129   0.0512   0.0478  -0.0003   0.0000  -0.0011   0.0127    0.274
   108  -4.0000   1.4469   0.4362   0.0673  -0.0122   0.0498   0.0465  -0.0003   0.0000  -0.0005   0.0118    0.260
   109  -4.0000   1.3565   0.3512   0.0566  -0.0114   0.0447   0.0417  -0.0003   0.0000   0.0002   0.0100    0.246
   110  -4.0000   1.2827   0.2548   0.0429  -0.0104   0.0358   0.0334  -0.0002   0.0000   0.0007   0.0074    0.228
   111  -4.0000   1.2304   0.1537   0.0268  -0.0096   0.0233   0.0217  -0.0002   0.0000   0.0009   0.0045    0.210
   112  -4.0000   1.2034   0.0513   0.0091  -0.0090   0.0081   0.0076  -0.0001   0.0000   0.0004   0.0015    0.196
 ---------------------------------------------------------------
