 ---------------------------------------------------------------
 Surface and Strip Forces by surface

  Forces referred to Sref, Cref, Bref about Xref, Yref, Zref
 Standard axis orientation,  X fwd, Z down         

  Surface # 1     FrontWing                               
     # Chordwise = 12   # Spanwise = 20     First strip =  1
     Surface area =   60.000000       Ave. chord =    3.000000
     CLsurf  =   0.51665     Clsurf  =  -0.11860
     CYsurf  =   0.00000     Cmsurf  =   0.23271
     CDsurf  =   0.01229     Cnsurf  =  -0.00875
     CDisurf =   0.01229     CDvsurf =   0.00000

  Forces referred to Ssurf, Cave about hinge axis thru LE
     CLsurf  =   1.03331     CDsurf  =   0.02458
     Deflect =

 Strip Forces referred to Strip Area, Chord
    j      Yle    Chord     Area     c cl      ai      cl_norm  cl       cd       cdv    cm_c/4    cm_LE  C.P.x/c
     1   0.0308   3.0000   0.3693   3.4617   0.1011   1.1587   1.1587   0.0150   0.0000  -0.1424  -0.4308    0.373
     2   0.2763   3.0000   1.0990   3.4616   0.1006   1.1586   1.1586   0.0150   0.0000  -0.1424  -0.4308    0.373
     3   0.7612   3.0000   1.8015   3.4610   0.1033   1.1584   1.1584   0.0150   0.0000  -0.1423  -0.4308    0.373
     4   1.4736   3.0000   2.4597   3.4589   0.1405   1.1577   1.1577   0.0151   0.0000  -0.1423  -0.4306    0.373
     5   2.3959   3.0000   3.0573   3.4541   0.1072   1.1561   1.1561   0.0153   0.0000  -0.1423  -0.4301    0.373
     6   3.5055   3.0000   3.5796   3.4454   0.0852   1.1531   1.1531   0.0157   0.0000  -0.1421  -0.4293    0.373
     7   4.7750   3.0000   4.0138   3.4310   0.3240   1.1482   1.1482   0.0163   0.0000  -0.1420  -0.4279    0.374
     8   6.1732   3.0000   4.3492   3.4091  -0.3074   1.1408   1.1408   0.0173   0.0000  -0.1417  -0.4258    0.374
     9   7.6655   3.0000   4.5775   3.3794  -0.0181   1.1307   1.1307   0.0186   0.0000  -0.1414  -0.4230    0.375
    10   9.2154   3.0000   4.6930   3.3390   0.0125   1.1170   1.1170   0.0203   0.0000  -0.1410  -0.4192    0.376
    11  10.7846   3.0000   4.6930   3.2843   0.0271   1.0984   1.0984   0.0226   0.0000  -0.1404  -0.4141    0.378
    12  12.3345   3.0000   4.5775   3.2103   0.0382   1.0733   1.0733   0.0255   0.0000  -0.1396  -0.4071    0.380
    13  13.8268   3.0000   4.3492   3.1096   0.0491   1.0392   1.0392   0.0290   0.0000  -0.1384  -0.3975    0.383
    14  15.2250   3.0000   4.0138   2.9714   0.0616   0.9924   0.9924   0.0332   0.0000  -0.1364  -0.3840    0.387
    15  16.4945   3.0000   3.5796   2.7811   0.0769   0.9282   0.9282   0.0377   0.0000  -0.1332  -0.3649    0.393
    16  17.6041   3.0000   3.0573   2.5201   0.0961   0.8403   0.8403   0.0417   0.0000  -0.1276  -0.3376    0.402
    17  18.5264   3.0000   2.4597   2.1674   0.1203   0.7218   0.7218   0.0436   0.0000  -0.1180  -0.2986    0.413
    18  19.2388   3.0000   1.8015   1.7025   0.1507   0.5663   0.5663   0.0411   0.0000  -0.1014  -0.2433    0.429
    19  19.7237   3.0000   1.0989   1.1112   0.1898   0.3691   0.3691   0.0315   0.0000  -0.0733  -0.1659    0.449
    20  19.9692   3.0000   0.3694   0.3934   0.2325   0.1306   0.1306   0.0124   0.0000  -0.0284  -0.0612    0.468

  Surface # 2     FrontWing (YDUP)                        
     # Chordwise = 12   # Spanwise = 20     First strip = 21
     Surface area =   60.000000       Ave. chord =    3.000000
     CLsurf  =   0.51665     Clsurf  =   0.11860
     CYsurf  =   0.00000     Cmsurf  =   0.23271
     CDsurf  =   0.01229     Cnsurf  =   0.00875
     CDisurf =   0.01229     CDvsurf =   0.00000

  Forces referred to Ssurf, Cave about hinge axis thru LE
     CLsurf  =   1.03331     CDsurf  =   0.02458
     Deflect =

 Strip Forces referred to Strip Area, Chord
    j      Yle    Chord     Area     c cl      ai      cl_norm  cl       cd       cdv    cm_c/4    cm_LE  C.P.x/c
    21  -0.0308   3.0000   0.3693   3.4617   0.1011   1.1587   1.1587   0.0150   0.0000  -0.1424   0.4308    0.373
    22  -0.2763   3.0000   1.0990   3.4616   0.1006   1.1586   1.1586   0.0150   0.0000  -0.1424   0.4308    0.373
    23  -0.7612   3.0000   1.8015   3.4610   0.1033   1.1584   1.1584   0.0150   0.0000  -0.1423   0.4308    0.373
    24  -1.4736   3.0000   2.4597   3.4589   0.1405   1.1577   1.1577   0.0151   0.0000  -0.1423   0.4306    0.373
    25  -2.3959   3.0000   3.0573   3.4541   0.1072   1.1561   1.1561   0.0153   0.0000  -0.1423   0.4301    0.373
    26  -3.5055   3.0000   3.5796   3.4454   0.0852   1.1531   1.1531   0.0157   0.0000  -0.1421   0.4293    0.373
    27  -4.7750   3.0000   4.0138   3.4310   0.3240   1.1482   1.1482   0.0163   0.0000  -0.1420   0.4279    0.374
    28  -6.1732   3.0000   4.3492   3.4091  -0.3074   1.1408   1.1408   0.0173   0.0000  -0.1417   0.4258    0.374
    29  -7.6655   3.0000   4.5775   3.3794  -0.0181   1.1307   1.1307   0.0186   0.0000  -0.1414   0.4230    0.375
    30  -9.2154   3.0000   4.6930   3.3390   0.0125   1.1170   1.1170   0.0203   0.0000  -0.1410   0.4192    0.376
    31 -10.7846   3.0000   4.6930   3.2843   0.0271   1.0984   1.0984   0.0226   0.0000  -0.1404   0.4141    0.378
    32 -12.3345   3.0000   4.5775   3.2103   0.0382   1.0733   1.0733   0.0255   0.0000  -0.1396   0.4071    0.380
    33 -13.8268   3.0000   4.3492   3.1096   0.0491   1.0392   1.0392   0.0290   0.0000  -0.1384   0.3975    0.383
    34 -15.2250   3.0000   4.0138   2.9714   0.0616   0.9924   0.9924   0.0332   0.0000  -0.1364   0.3840    0.387
    35 -16.4945   3.0000   3.5796   2.7811   0.0769   0.9282   0.9282   0.0377   0.0000  -0.1332   0.3649    0.393
    36 -17.6041   3.0000   3.0573   2.5201   0.0961   0.8403   0.8403   0.0417   0.0000  -0.1276   0.3376    0.402
    37 -18.5264   3.0000   2.4597   2.1674   0.1203   0.7218   0.7218   0.0436   0.0000  -0.1180   0.2986    0.413
    38 -19.2388   3.0000   1.8015   1.7025   0.1507   0.5663   0.5663   0.0411   0.0000  -0.1014   0.2433    0.429
    39 -19.7237   3.0000   1.0989   1.1112   0.1898   0.3691   0.3691   0.0315   0.0000  -0.0733   0.1659    0.449
    40 -19.9692   3.0000   0.3694   0.3934   0.2325   0.1306   0.1306   0.0124   0.0000  -0.0284   0.0612    0.468

  Surface # 3     Second Wing2                            
     # Chordwise = 12   # Spanwise = 24     First strip = 41
     Surface area =   12.000000       Ave. chord =    2.000000
     CLsurf  =   0.08333     Clsurf  =  -0.00559
     CYsurf  =   0.00000     Cmsurf  =  -0.23267
     CDsurf  =   0.00804     Cnsurf  =  -0.00001
     CDisurf =   0.00804     CDvsurf =   0.00000

  Forces referred to Ssurf, Cave about hinge axis thru LE
     CLsurf  =   0.83333     CDsurf  =   0.08045
     Deflect =

 Strip Forces referred to Strip Area, Chord
    j      Yle    Chord     Area     c cl      ai      cl_norm  cl       cd       cdv    cm_c/4    cm_LE  C.P.x/c
    41   0.0064   2.0000   0.0513   1.9641   0.1016   0.9787   0.9787   0.0834   0.0000  -0.1532  -0.3987    0.407
    42   0.0576   2.0000   0.1531   1.9641   0.1016   0.9787   0.9787   0.0834   0.0000  -0.1532  -0.3987    0.407
    43   0.1592   2.0000   0.2523   1.9639   0.1014   0.9786   0.9786   0.0834   0.0000  -0.1532  -0.3987    0.407
    44   0.3094   2.0000   0.3471   1.9631   0.1018   0.9782   0.9782   0.0834   0.0000  -0.1532  -0.3986    0.407
    45   0.5056   2.0000   0.4360   1.9614   0.0987   0.9773   0.9773   0.0835   0.0000  -0.1532  -0.3983    0.407
    46   0.7445   2.0000   0.5175   1.9581   0.1023   0.9757   0.9757   0.0835   0.0000  -0.1531  -0.3979    0.407
    47   1.0220   2.0000   0.5901   1.9527   0.1052   0.9729   0.9729   0.0837   0.0000  -0.1530  -0.3971    0.407
    48   1.3333   2.0000   0.6526   1.9443   0.1035   0.9687   0.9687   0.0838   0.0000  -0.1529  -0.3959    0.408
    49   1.6731   2.0000   0.7039   1.9322   0.1065   0.9626   0.9626   0.0841   0.0000  -0.1527  -0.3942    0.409
    50   2.0357   2.0000   0.7432   1.9155   0.1044   0.9542   0.9542   0.0844   0.0000  -0.1524  -0.3919    0.410
    51   2.4147   2.0000   0.7698   1.8931   0.1100   0.9428   0.9428   0.0848   0.0000  -0.1520  -0.3887    0.411
    52   2.8038   2.0000   0.7832   1.8631   0.1181   0.9277   0.9277   0.0852   0.0000  -0.1514  -0.3843    0.413
    53   3.1962   2.0000   0.7832   1.8227   0.1139   0.9074   0.9074   0.0856   0.0000  -0.1505  -0.3783    0.416
    54   3.5853   2.0000   0.7698   1.7649   0.1160   0.8783   0.8783   0.0858   0.0000  -0.1488  -0.3694    0.419
    55   3.9643   2.0000   0.7432   1.6792   0.0778   0.8353   0.8353   0.0851   0.0000  -0.1457  -0.3556    0.424
    56   4.3269   2.0000   0.7039   1.5772   0.1521   0.7841   0.7841   0.0836   0.0000  -0.1416  -0.3388    0.431
    57   4.6667   2.0000   0.6526   1.4727   0.1579   0.7318   0.7318   0.0819   0.0000  -0.1373  -0.3214    0.438
    58   4.9780   2.0000   0.5901   1.3550   0.1705   0.6729   0.6729   0.0792   0.0000  -0.1317  -0.3010    0.446
    59   5.2555   2.0000   0.5175   1.2170   0.1901   0.6040   0.6040   0.0748   0.0000  -0.1237  -0.2758    0.455
    60   5.4944   2.0000   0.4360   1.0541   0.1482   0.5228   0.5228   0.0681   0.0000  -0.1122  -0.2440    0.465
    61   5.6906   2.0000   0.3471   0.8634   0.2106   0.4279   0.4279   0.0585   0.0000  -0.0961  -0.2040    0.475
    62   5.8408   2.0000   0.2523   0.6439   0.2320   0.3189   0.3189   0.0456   0.0000  -0.0744  -0.1549    0.483
    63   5.9424   2.0000   0.1531   0.3986   0.2478   0.1973   0.1973   0.0294   0.0000  -0.0473  -0.0971    0.490
    64   5.9936   2.0000   0.0513   0.1351   0.2569   0.0668   0.0668   0.0103   0.0000  -0.0162  -0.0331    0.493

  Surface # 4     Second Wing2 (YDUP)                     
     # Chordwise = 12   # Spanwise = 24     First strip = 65
     Surface area =   12.000000       Ave. chord =    2.000000
     CLsurf  =   0.08333     Clsurf  =   0.00559
     CYsurf  =  -0.00000     Cmsurf  =  -0.23267
     CDsurf  =   0.00804     Cnsurf  =   0.00001
     CDisurf =   0.00804     CDvsurf =   0.00000

  Forces referred to Ssurf, Cave about hinge axis thru LE
     CLsurf  =   0.83333     CDsurf  =   0.08045
     Deflect =

 Strip Forces referred to Strip Area, Chord
    j      Yle    Chord     Area     c cl      ai      cl_norm  cl       cd       cdv    cm_c/4    cm_LE  C.P.x/c
    65  -0.0064   2.0000   0.0513   1.9641   0.1016   0.9787   0.9787   0.0834   0.0000  -0.1532   0.3987    0.407
    66  -0.0576   2.0000   0.1531   1.9641   0.1016   0.9787   0.9787   0.0834   0.0000  -0.1532   0.3987    0.407
    67  -0.1592   2.0000   0.2523   1.9639   0.1014   0.9786   0.9786   0.0834   0.0000  -0.1532   0.3987    0.407
    68  -0.3094   2.0000   0.3471   1.9631   0.1018   0.9782   0.9782   0.0834   0.0000  -0.1532   0.3986    0.407
    69  -0.5056   2.0000   0.4360   1.9614   0.0987   0.9773   0.9773   0.0835   0.0000  -0.1532   0.3983    0.407
    70  -0.7445   2.0000   0.5175   1.9581   0.1023   0.9757   0.9757   0.0835   0.0000  -0.1531   0.3979    0.407
    71  -1.0220   2.0000   0.5901   1.9527   0.1052   0.9729   0.9729   0.0837   0.0000  -0.1530   0.3971    0.407
    72  -1.3333   2.0000   0.6526   1.9443   0.1035   0.9687   0.9687   0.0838   0.0000  -0.1529   0.3959    0.408
    73  -1.6731   2.0000   0.7039   1.9322   0.1065   0.9626   0.9626   0.0841   0.0000  -0.1527   0.3942    0.409
    74  -2.0357   2.0000   0.7432   1.9155   0.1044   0.9542   0.9542   0.0844   0.0000  -0.1524   0.3919    0.410
    75  -2.4147   2.0000   0.7698   1.8931   0.1100   0.9428   0.9428   0.0848   0.0000  -0.1520   0.3887    0.411
    76  -2.8038   2.0000   0.7832   1.8631   0.1181   0.9277   0.9277   0.0852   0.0000  -0.1514   0.3843    0.413
    77  -3.1962   2.0000   0.7832   1.8227   0.1139   0.9074   0.9074   0.0856   0.0000  -0.1505   0.3783    0.416
    78  -3.5853   2.0000   0.7698   1.7649   0.1160   0.8783   0.8783   0.0858   0.0000  -0.1488   0.3694    0.419
    79  -3.9643   2.0000   0.7432   1.6792   0.0778   0.8353   0.8353   0.0851   0.0000  -0.1457   0.3556    0.424
    80  -4.3269   2.0000   0.7039   1.5772   0.1521   0.7841   0.7841   0.0836   0.0000  -0.1416   0.3388    0.431
    81  -4.6667   2.0000   0.6526   1.4727   0.1579   0.7318   0.7318   0.0819   0.0000  -0.1373   0.3214    0.438
    82  -4.9780   2.0000   0.5901   1.3550   0.1705   0.6729   0.6729   0.0792   0.0000  -0.1317   0.3010    0.446
    83  -5.2555   2.0000   0.5175   1.2170   0.1901   0.6040   0.6040   0.0748   0.0000  -0.1237   0.2758    0.455
    84  -5.4944   2.0000   0.4360   1.0541   0.1482   0.5228   0.5228   0.0681   0.0000  -0.1122   0.2440    0.465
    85  -5.6906   2.0000   0.3471   0.8634   0.2106   0.4279   0.4279   0.0585   0.0000  -0.0961   0.2040    0.475
    86  -5.8408   2.0000   0.2523   0.6439   0.2320   0.3189   0.3189   0.0456   0.0000  -0.0744   0.1549    0.483
    87  -5.9424   2.0000   0.1531   0.3986   0.2478   0.1973   0.1973   0.0294   0.0000  -0.0473   0.0971    0.490
    88  -5.9936   2.0000   0.0513   0.1351   0.2569   0.0668   0.0668   0.0103   0.0000  -0.0162   0.0331    0.493

  Surface # 5     Fin                                     
     # Chordwise = 12   # Spanwise = 12     First strip = 89
     Surface area =    4.000000       Ave. chord =    1.600000
     CLsurf  =   0.00001     Clsurf  =  -0.00008
     CYsurf  =  -0.00269     Cmsurf  =  -0.00004
     CDsurf  =  -0.00003     Cnsurf  =   0.00056
     CDisurf =  -0.00003     CDvsurf =   0.00000

  Forces referred to Ssurf, Cave about hinge axis thru LE
     CLsurf  =   0.08081     CDsurf  =  -0.00087
     Deflect =

 Strip Forces referred to Strip Area, Chord
    j      Yle    Chord     Area     c cl      ai      cl_norm  cl       cd       cdv    cm_c/4    cm_LE  C.P.x/c
    89   4.0000   1.9966   0.0850   0.0138  -0.0099   0.0078   0.0069   0.0000   0.0000  -0.0006  -0.0024    0.336
    90   4.0000   1.9696   0.2459   0.0462  -0.0431   0.0264   0.0234  -0.0000   0.0000  -0.0019  -0.0079    0.331
    91   4.0000   1.9173   0.3809   0.0882  -0.0453   0.0518   0.0460  -0.0001   0.0000  -0.0032  -0.0149    0.320
    92   4.0000   1.8435   0.4773   0.1311  -0.0346   0.0800   0.0711  -0.0004   0.0000  -0.0041  -0.0222    0.307
    93   4.0000   1.7531   0.5285   0.1610  -0.0295   0.1034   0.0918  -0.0008   0.0000  -0.0040  -0.0276    0.294
    94   4.0000   1.6522   0.5345   0.1729  -0.0278   0.1178   0.1046  -0.0011   0.0000  -0.0033  -0.0303    0.282
    95   4.0000   1.5478   0.5007   0.1687  -0.0268   0.1227   0.1090  -0.0014   0.0000  -0.0021  -0.0303    0.270
    96   4.0000   1.4469   0.4362   0.1524  -0.0254   0.1186   0.1054  -0.0015   0.0000  -0.0008  -0.0281    0.257
    97   4.0000   1.3565   0.3512   0.1275  -0.0236   0.1058   0.0940  -0.0014   0.0000   0.0007  -0.0239    0.243
    98   4.0000   1.2827   0.2548   0.0961  -0.0216   0.0843   0.0749  -0.0011   0.0000   0.0018  -0.0178    0.226
    99   4.0000   1.2304   0.1537   0.0598  -0.0198   0.0547   0.0486  -0.0007   0.0000   0.0021  -0.0108    0.207
   100   4.0000   1.2034   0.0513   0.0203  -0.0186   0.0190   0.0169  -0.0003   0.0000   0.0010  -0.0035    0.194

  Surface # 6     Fin (YDUP)                              
     # Chordwise = 12   # Spanwise = 12     First strip =101
     Surface area =    4.000000       Ave. chord =    1.600000
     CLsurf  =   0.00001     Clsurf  =   0.00008
     CYsurf  =   0.00269     Cmsurf  =  -0.00004
     CDsurf  =  -0.00003     Cnsurf  =  -0.00056
     CDisurf =  -0.00003     CDvsurf =   0.00000

  Forces referred to Ssurf, Cave about hinge axis thru LE
     CLsurf  =   0.08081     CDsurf  =  -0.00087
     Deflect =

 Strip Forces referred to Strip Area, Chord
    j      Yle    Chord     Area     c cl      ai      cl_norm  cl       cd       cdv    cm_c/4    cm_LE  C.P.x/c
   101  -4.0000   1.9966   0.0850   0.0138  -0.0099   0.0078   0.0069   0.0000   0.0000  -0.0006   0.0024    0.336
   102  -4.0000   1.9696   0.2459   0.0462  -0.0431   0.0264   0.0234  -0.0000   0.0000  -0.0019   0.0079    0.331
   103  -4.0000   1.9173   0.3809   0.0882  -0.0453   0.0518   0.0460  -0.0001   0.0000  -0.0032   0.0149    0.320
   104  -4.0000   1.8435   0.4773   0.1311  -0.0346   0.0800   0.0711  -0.0004   0.0000  -0.0041   0.0222    0.307
   105  -4.0000   1.7531   0.5285   0.1610  -0.0295   0.1034   0.0918  -0.0008   0.0000  -0.0040   0.0276    0.294
   106  -4.0000   1.6522   0.5345   0.1729  -0.0278   0.1178   0.1046  -0.0011   0.0000  -0.0033   0.0303    0.282
   107  -4.0000   1.5478   0.5007   0.1687  -0.0268   0.1227   0.1090  -0.0014   0.0000  -0.0021   0.0303    0.270
   108  -4.0000   1.4469   0.4362   0.1524  -0.0254   0.1186   0.1054  -0.0015   0.0000  -0.0008   0.0281    0.257
   109  -4.0000   1.3565   0.3512   0.1275  -0.0236   0.1058   0.0940  -0.0014   0.0000   0.0007   0.0239    0.243
   110  -4.0000   1.2827   0.2548   0.0961  -0.0216   0.0843   0.0749  -0.0011   0.0000   0.0018   0.0178    0.226
   111  -4.0000   1.2304   0.1537   0.0598  -0.0198   0.0547   0.0486  -0.0007   0.0000   0.0021   0.0108    0.207
   112  -4.0000   1.2034   0.0513   0.0203  -0.0186   0.0190   0.0169  -0.0003   0.0000   0.0010   0.0035    0.194
 ---------------------------------------------------------------
