 ---------------------------------------------------------------
 Surface and Strip Forces by surface

  Forces referred to Sref, Cref, Bref about Xref, Yref, Zref
 Standard axis orientation,  X fwd, Z down         

  Surface # 1     FrontWing                               
     # Chordwise = 12   # Spanwise = 20     First strip =  1
     Surface area =   59.792652       Ave. chord =    2.989631
     CLsurf  =   0.21713     Clsurf  =  -0.05110
     CYsurf  =   0.00034     Cmsurf  =  -0.15464
     CDsurf  =   0.00269     Cnsurf  =   0.00188
     CDisurf =   0.00269     CDvsurf =   0.00000

  Forces referred to Ssurf, Cave about hinge axis thru LE
     CLsurf  =   0.43431     CDsurf  =   0.00539
     Deflect =

 Strip Forces referred to Strip Area, Chord
    j      Yle    Chord     Area     c cl      ai      cl_norm  cl       cd       cdv    cm_c/4    cm_LE  C.P.x/c
     1   0.0299   3.4500   0.4122   1.4005  -0.0017   0.4061   0.4061   0.0030   0.0000  -0.1428  -0.2443    0.602
     2   0.2681   3.4500   1.2263   1.4005  -0.0016   0.4061   0.4061   0.0030   0.0000  -0.1428  -0.2443    0.602
     3   0.7386   3.4500   2.0103   1.4004  -0.0019   0.4061   0.4061   0.0030   0.0000  -0.1429  -0.2443    0.602
     4   1.4299   3.4500   2.7448   1.4002  -0.0052   0.4060   0.4060   0.0030   0.0000  -0.1429  -0.2443    0.602
     5   2.3249   3.4500   3.4117   1.3996   0.0006   0.4058   0.4058   0.0030   0.0000  -0.1428  -0.2443    0.602
     6   3.4016   3.4500   3.9946   1.3985   0.1031   0.4055   0.4055   0.0031   0.0000  -0.1428  -0.2441    0.602
     7   4.6579   3.4027   4.5877   1.3968  -0.0092   0.4119   0.4107   0.0032   0.0000  -0.1429  -0.2448    0.598
     8   6.0668   3.3014   4.8231   1.3945   0.1359   0.4238   0.4225   0.0035   0.0000  -0.1430  -0.2479    0.588
     9   7.5707   3.1934   4.9100   1.3901   0.0270   0.4368   0.4355   0.0037   0.0000  -0.1430  -0.2512    0.578
    10   9.1324   3.0811   4.8570   1.3828   0.0224   0.4503   0.4490   0.0041   0.0000  -0.1430  -0.2545    0.568
    11  10.7137   2.9675   4.6778   1.3710   0.0221   0.4636   0.4622   0.0046   0.0000  -0.1429  -0.2578    0.559
    12  12.2755   2.8552   4.3901   1.3528   0.0236   0.4754   0.4740   0.0053   0.0000  -0.1428  -0.2605    0.551
    13  13.7793   2.7471   4.0132   1.3254   0.0266   0.4841   0.4827   0.0062   0.0000  -0.1424  -0.2624    0.545
    14  15.1883   2.6458   3.5672   1.2848   0.0313   0.4873   0.4859   0.0075   0.0000  -0.1418  -0.2625    0.542
    15  16.4675   2.5539   3.0708   1.2250   0.0382   0.4814   0.4800   0.0091   0.0000  -0.1405  -0.2597    0.543
    16  17.5856   2.4735   2.5402   1.1374   0.0484   0.4615   0.4602   0.0111   0.0000  -0.1379  -0.2522    0.550
    17  18.5151   2.4067   1.9884   1.0099   0.0636   0.4212   0.4200   0.0129   0.0000  -0.1322  -0.2365    0.565
    18  19.2329   2.3551   1.4251   0.8261   0.0865   0.3522   0.3511   0.0138   0.0000  -0.1195  -0.2067    0.590
    19  19.7216   2.3200   0.8564   0.5656   0.1216   0.2448   0.2441   0.0121   0.0000  -0.0915  -0.1521    0.625
    20  19.9689   2.3022   0.2856   0.2097   0.1677   0.0915   0.0912   0.0054   0.0000  -0.0374  -0.0600    0.660

  Surface # 2     FrontWing (YDUP)                        
     # Chordwise = 12   # Spanwise = 20     First strip = 21
     Surface area =   59.792652       Ave. chord =    2.989631
     CLsurf  =   0.21713     Clsurf  =   0.05110
     CYsurf  =  -0.00034     Cmsurf  =  -0.15464
     CDsurf  =   0.00269     Cnsurf  =  -0.00188
     CDisurf =   0.00269     CDvsurf =   0.00000

  Forces referred to Ssurf, Cave about hinge axis thru LE
     CLsurf  =   0.43431     CDsurf  =   0.00539
     Deflect =

 Strip Forces referred to Strip Area, Chord
    j      Yle    Chord     Area     c cl      ai      cl_norm  cl       cd       cdv    cm_c/4    cm_LE  C.P.x/c
    21  -0.0299   3.4500   0.4122   1.4005  -0.0017   0.4061   0.4061   0.0030   0.0000  -0.1428   0.2443    0.602
    22  -0.2681   3.4500   1.2263   1.4005  -0.0016   0.4061   0.4061   0.0030   0.0000  -0.1428   0.2443    0.602
    23  -0.7386   3.4500   2.0103   1.4004  -0.0019   0.4061   0.4061   0.0030   0.0000  -0.1429   0.2443    0.602
    24  -1.4299   3.4500   2.7448   1.4002  -0.0052   0.4060   0.4060   0.0030   0.0000  -0.1429   0.2443    0.602
    25  -2.3249   3.4500   3.4117   1.3996   0.0006   0.4058   0.4058   0.0030   0.0000  -0.1428   0.2443    0.602
    26  -3.4016   3.4500   3.9946   1.3985   0.1031   0.4055   0.4055   0.0031   0.0000  -0.1428   0.2441    0.602
    27  -4.6579   3.4027   4.5877   1.3968  -0.0092   0.4119   0.4107   0.0032   0.0000  -0.1429   0.2448    0.598
    28  -6.0668   3.3014   4.8231   1.3945   0.1359   0.4238   0.4225   0.0035   0.0000  -0.1430   0.2479    0.588
    29  -7.5707   3.1934   4.9100   1.3901   0.0270   0.4368   0.4355   0.0037   0.0000  -0.1430   0.2512    0.578
    30  -9.1324   3.0811   4.8570   1.3828   0.0224   0.4503   0.4490   0.0041   0.0000  -0.1430   0.2545    0.568
    31 -10.7137   2.9675   4.6778   1.3710   0.0221   0.4636   0.4622   0.0046   0.0000  -0.1429   0.2578    0.559
    32 -12.2755   2.8552   4.3901   1.3528   0.0236   0.4754   0.4740   0.0053   0.0000  -0.1428   0.2605    0.551
    33 -13.7793   2.7471   4.0132   1.3254   0.0266   0.4841   0.4827   0.0062   0.0000  -0.1424   0.2624    0.545
    34 -15.1883   2.6458   3.5672   1.2848   0.0313   0.4873   0.4859   0.0075   0.0000  -0.1418   0.2625    0.542
    35 -16.4675   2.5539   3.0708   1.2250   0.0382   0.4814   0.4800   0.0091   0.0000  -0.1405   0.2597    0.543
    36 -17.5856   2.4735   2.5402   1.1374   0.0484   0.4615   0.4602   0.0111   0.0000  -0.1379   0.2522    0.550
    37 -18.5151   2.4067   1.9884   1.0099   0.0636   0.4212   0.4200   0.0129   0.0000  -0.1322   0.2365    0.565
    38 -19.2329   2.3551   1.4251   0.8261   0.0865   0.3522   0.3511   0.0138   0.0000  -0.1195   0.2067    0.590
    39 -19.7216   2.3200   0.8564   0.5656   0.1216   0.2448   0.2441   0.0121   0.0000  -0.0915   0.1521    0.625
    40 -19.9689   2.3022   0.2856   0.2097   0.1677   0.0915   0.0912   0.0054   0.0000  -0.0374   0.0600    0.660

  Surface # 3     Second Wing2                            
     # Chordwise = 12   # Spanwise = 24     First strip = 41
     Surface area =   12.000000       Ave. chord =    2.000000
     CLsurf  =  -0.01713     Clsurf  =   0.00113
     CYsurf  =   0.00000     Cmsurf  =   0.05901
     CDsurf  =  -0.00020     Cnsurf  =  -0.00004
     CDisurf =  -0.00020     CDvsurf =   0.00000

  Forces referred to Ssurf, Cave about hinge axis thru LE
     CLsurf  =  -0.17070     CDsurf  =  -0.00197
     Deflect =

 Strip Forces referred to Strip Area, Chord
    j      Yle    Chord     Area     c cl      ai      cl_norm  cl       cd       cdv    cm_c/4    cm_LE  C.P.x/c
    41   0.0064   2.0000   0.0513  -0.4071  -0.0019  -0.2037  -0.2037  -0.0028   0.0000  -0.0017   0.0492    0.242
    42   0.0576   2.0000   0.1531  -0.4071  -0.0019  -0.2037  -0.2037  -0.0028   0.0000  -0.0017   0.0492    0.242
    43   0.1592   2.0000   0.2523  -0.4071  -0.0019  -0.2036  -0.2036  -0.0028   0.0000  -0.0017   0.0492    0.242
    44   0.3094   2.0000   0.3471  -0.4069  -0.0019  -0.2035  -0.2035  -0.0028   0.0000  -0.0017   0.0492    0.242
    45   0.5056   2.0000   0.4360  -0.4064  -0.0022  -0.2033  -0.2033  -0.0028   0.0000  -0.0017   0.0491    0.242
    46   0.7445   2.0000   0.5175  -0.4056  -0.0020  -0.2029  -0.2029  -0.0028   0.0000  -0.0017   0.0490    0.242
    47   1.0220   2.0000   0.5901  -0.4042  -0.0016  -0.2022  -0.2022  -0.0027   0.0000  -0.0017   0.0488    0.241
    48   1.3333   2.0000   0.6526  -0.4021  -0.0024  -0.2012  -0.2012  -0.0027   0.0000  -0.0018   0.0485    0.241
    49   1.6731   2.0000   0.7039  -0.3990  -0.0023  -0.1996  -0.1996  -0.0026   0.0000  -0.0018   0.0481    0.241
    50   2.0357   2.0000   0.7432  -0.3947  -0.0031  -0.1975  -0.1975  -0.0026   0.0000  -0.0019   0.0475    0.241
    51   2.4147   2.0000   0.7698  -0.3889  -0.0031  -0.1945  -0.1945  -0.0025   0.0000  -0.0019   0.0467    0.240
    52   2.8038   2.0000   0.7832  -0.3811  -0.0013  -0.1906  -0.1906  -0.0023   0.0000  -0.0020   0.0456    0.239
    53   3.1962   2.0000   0.7832  -0.3709  -0.0036  -0.1855  -0.1855  -0.0021   0.0000  -0.0021   0.0442    0.238
    54   3.5853   2.0000   0.7698  -0.3575  -0.0024  -0.1788  -0.1788  -0.0019   0.0000  -0.0024   0.0423    0.237
    55   3.9643   2.0000   0.7432  -0.3399   0.0115  -0.1700  -0.1700  -0.0018   0.0000  -0.0030   0.0395    0.232
    56   4.3269   2.0000   0.7039  -0.3184  -0.0126  -0.1593  -0.1593  -0.0016   0.0000  -0.0036   0.0362    0.227
    57   4.6667   2.0000   0.6526  -0.2946  -0.0108  -0.1473  -0.1473  -0.0013   0.0000  -0.0041   0.0327    0.222
    58   4.9780   2.0000   0.5901  -0.2682  -0.0109  -0.1342  -0.1342  -0.0010   0.0000  -0.0046   0.0290    0.216
    59   5.2555   2.0000   0.5175  -0.2392  -0.0118  -0.1196  -0.1196  -0.0008   0.0000  -0.0051   0.0248    0.208
    60   5.4944   2.0000   0.4360  -0.2057  -0.0181  -0.1029  -0.1029  -0.0007   0.0000  -0.0054   0.0203    0.197
    61   5.6906   2.0000   0.3471  -0.1664  -0.0191  -0.0833  -0.0833  -0.0004   0.0000  -0.0053   0.0156    0.187
    62   5.8408   2.0000   0.2523  -0.1223  -0.0196  -0.0612  -0.0612  -0.0002   0.0000  -0.0045   0.0108    0.177
    63   5.9424   2.0000   0.1531  -0.0747  -0.0199  -0.0374  -0.0374  -0.0000   0.0000  -0.0031   0.0063    0.168
    64   5.9936   2.0000   0.0513  -0.0251  -0.0200  -0.0126  -0.0126   0.0000   0.0000  -0.0011   0.0020    0.162

  Surface # 4     Second Wing2 (YDUP)                     
     # Chordwise = 12   # Spanwise = 24     First strip = 65
     Surface area =   12.000000       Ave. chord =    2.000000
     CLsurf  =  -0.01713     Clsurf  =  -0.00113
     CYsurf  =   0.00000     Cmsurf  =   0.05901
     CDsurf  =  -0.00020     Cnsurf  =   0.00004
     CDisurf =  -0.00020     CDvsurf =   0.00000

  Forces referred to Ssurf, Cave about hinge axis thru LE
     CLsurf  =  -0.17070     CDsurf  =  -0.00197
     Deflect =

 Strip Forces referred to Strip Area, Chord
    j      Yle    Chord     Area     c cl      ai      cl_norm  cl       cd       cdv    cm_c/4    cm_LE  C.P.x/c
    65  -0.0064   2.0000   0.0513  -0.4071  -0.0019  -0.2037  -0.2037  -0.0028   0.0000  -0.0017  -0.0492    0.242
    66  -0.0576   2.0000   0.1531  -0.4071  -0.0019  -0.2037  -0.2037  -0.0028   0.0000  -0.0017  -0.0492    0.242
    67  -0.1592   2.0000   0.2523  -0.4071  -0.0019  -0.2036  -0.2036  -0.0028   0.0000  -0.0017  -0.0492    0.242
    68  -0.3094   2.0000   0.3471  -0.4069  -0.0019  -0.2035  -0.2035  -0.0028   0.0000  -0.0017  -0.0492    0.242
    69  -0.5056   2.0000   0.4360  -0.4064  -0.0022  -0.2033  -0.2033  -0.0028   0.0000  -0.0017  -0.0491    0.242
    70  -0.7445   2.0000   0.5175  -0.4056  -0.0020  -0.2029  -0.2029  -0.0028   0.0000  -0.0017  -0.0490    0.242
    71  -1.0220   2.0000   0.5901  -0.4042  -0.0016  -0.2022  -0.2022  -0.0027   0.0000  -0.0017  -0.0488    0.241
    72  -1.3333   2.0000   0.6526  -0.4021  -0.0024  -0.2012  -0.2012  -0.0027   0.0000  -0.0018  -0.0485    0.241
    73  -1.6731   2.0000   0.7039  -0.3990  -0.0023  -0.1996  -0.1996  -0.0026   0.0000  -0.0018  -0.0481    0.241
    74  -2.0357   2.0000   0.7432  -0.3947  -0.0031  -0.1975  -0.1975  -0.0026   0.0000  -0.0019  -0.0475    0.241
    75  -2.4147   2.0000   0.7698  -0.3889  -0.0031  -0.1945  -0.1945  -0.0025   0.0000  -0.0019  -0.0467    0.240
    76  -2.8038   2.0000   0.7832  -0.3811  -0.0013  -0.1906  -0.1906  -0.0023   0.0000  -0.0020  -0.0456    0.239
    77  -3.1962   2.0000   0.7832  -0.3709  -0.0036  -0.1855  -0.1855  -0.0021   0.0000  -0.0021  -0.0442    0.238
    78  -3.5853   2.0000   0.7698  -0.3575  -0.0024  -0.1788  -0.1788  -0.0019   0.0000  -0.0024  -0.0423    0.237
    79  -3.9643   2.0000   0.7432  -0.3399   0.0115  -0.1700  -0.1700  -0.0018   0.0000  -0.0030  -0.0395    0.232
    80  -4.3269   2.0000   0.7039  -0.3184  -0.0126  -0.1593  -0.1593  -0.0016   0.0000  -0.0036  -0.0362    0.227
    81  -4.6667   2.0000   0.6526  -0.2946  -0.0108  -0.1473  -0.1473  -0.0013   0.0000  -0.0041  -0.0327    0.222
    82  -4.9780   2.0000   0.5901  -0.2682  -0.0109  -0.1342  -0.1342  -0.0010   0.0000  -0.0046  -0.0290    0.216
    83  -5.2555   2.0000   0.5175  -0.2392  -0.0118  -0.1196  -0.1196  -0.0008   0.0000  -0.0051  -0.0248    0.208
    84  -5.4944   2.0000   0.4360  -0.2057  -0.0181  -0.1029  -0.1029  -0.0007   0.0000  -0.0054  -0.0203    0.197
    85  -5.6906   2.0000   0.3471  -0.1664  -0.0191  -0.0833  -0.0833  -0.0004   0.0000  -0.0053  -0.0156    0.187
    86  -5.8408   2.0000   0.2523  -0.1223  -0.0196  -0.0612  -0.0612  -0.0002   0.0000  -0.0045  -0.0108    0.177
    87  -5.9424   2.0000   0.1531  -0.0747  -0.0199  -0.0374  -0.0374  -0.0000   0.0000  -0.0031  -0.0063    0.168
    88  -5.9936   2.0000   0.0513  -0.0251  -0.0200  -0.0126  -0.0126   0.0000   0.0000  -0.0011  -0.0020    0.162

  Surface # 5     Fin                                     
     # Chordwise = 12   # Spanwise = 12     First strip = 89
     Surface area =    4.000000       Ave. chord =    1.600000
     CLsurf  =   0.00000     Clsurf  =   0.00002
     CYsurf  =   0.00055     Cmsurf  =  -0.00000
     CDsurf  =  -0.00000     Cnsurf  =  -0.00015
     CDisurf =  -0.00000     CDvsurf =   0.00000

  Forces referred to Ssurf, Cave about hinge axis thru LE
     CLsurf  =  -0.01630     CDsurf  =  -0.00004
     Deflect =

 Strip Forces referred to Strip Area, Chord
    j      Yle    Chord     Area     c cl      ai      cl_norm  cl       cd       cdv    cm_c/4    cm_LE  C.P.x/c
    89   4.0000   1.9966   0.0850  -0.0032  -0.0108  -0.0017  -0.0016   0.0000   0.0000   0.0001   0.0005    0.317
    90   4.0000   1.9696   0.2459  -0.0105   0.0065  -0.0056  -0.0054  -0.0000   0.0000   0.0003   0.0016    0.310
    91   4.0000   1.9173   0.3809  -0.0194   0.0074  -0.0106  -0.0101  -0.0000   0.0000   0.0005   0.0028    0.299
    92   4.0000   1.8435   0.4773  -0.0279   0.0051  -0.0158  -0.0151  -0.0000   0.0000   0.0006   0.0041    0.288
    93   4.0000   1.7531   0.5285  -0.0334   0.0041  -0.0199  -0.0190  -0.0000   0.0000   0.0006   0.0050    0.280
    94   4.0000   1.6522   0.5345  -0.0351   0.0041  -0.0222  -0.0212  -0.0001   0.0000   0.0005   0.0054    0.273
    95   4.0000   1.5478   0.5007  -0.0335   0.0041  -0.0227  -0.0217  -0.0001   0.0000   0.0003   0.0054    0.265
    96   4.0000   1.4469   0.4362  -0.0297   0.0041  -0.0215  -0.0205  -0.0001   0.0000   0.0001   0.0049    0.257
    97   4.0000   1.3565   0.3512  -0.0244   0.0038  -0.0188  -0.0180  -0.0001   0.0000  -0.0001   0.0041    0.245
    98   4.0000   1.2827   0.2548  -0.0181   0.0035  -0.0148  -0.0141  -0.0000   0.0000  -0.0003   0.0030    0.230
    99   4.0000   1.2304   0.1537  -0.0112   0.0032  -0.0095  -0.0091  -0.0000   0.0000  -0.0003   0.0018    0.213
   100   4.0000   1.2034   0.0513  -0.0038   0.0030  -0.0033  -0.0031  -0.0000   0.0000  -0.0002   0.0006    0.200

  Surface # 6     Fin (YDUP)                              
     # Chordwise = 12   # Spanwise = 12     First strip =101
     Surface area =    4.000000       Ave. chord =    1.600000
     CLsurf  =   0.00000     Clsurf  =  -0.00002
     CYsurf  =  -0.00055     Cmsurf  =  -0.00000
     CDsurf  =  -0.00000     Cnsurf  =   0.00015
     CDisurf =  -0.00000     CDvsurf =   0.00000

  Forces referred to Ssurf, Cave about hinge axis thru LE
     CLsurf  =  -0.01630     CDsurf  =  -0.00004
     Deflect =

 Strip Forces referred to Strip Area, Chord
    j      Yle    Chord     Area     c cl      ai      cl_norm  cl       cd       cdv    cm_c/4    cm_LE  C.P.x/c
   101  -4.0000   1.9966   0.0850  -0.0032  -0.0108  -0.0017  -0.0016   0.0000   0.0000   0.0001  -0.0005    0.317
   102  -4.0000   1.9696   0.2459  -0.0105   0.0065  -0.0056  -0.0054  -0.0000   0.0000   0.0003  -0.0016    0.310
   103  -4.0000   1.9173   0.3809  -0.0194   0.0074  -0.0106  -0.0101  -0.0000   0.0000   0.0005  -0.0028    0.299
   104  -4.0000   1.8435   0.4773  -0.0279   0.0051  -0.0158  -0.0151  -0.0000   0.0000   0.0006  -0.0041    0.288
   105  -4.0000   1.7531   0.5285  -0.0334   0.0041  -0.0199  -0.0190  -0.0000   0.0000   0.0006  -0.0050    0.280
   106  -4.0000   1.6522   0.5345  -0.0351   0.0041  -0.0222  -0.0212  -0.0001   0.0000   0.0005  -0.0054    0.273
   107  -4.0000   1.5478   0.5007  -0.0335   0.0041  -0.0227  -0.0217  -0.0001   0.0000   0.0003  -0.0054    0.265
   108  -4.0000   1.4469   0.4362  -0.0297   0.0041  -0.0215  -0.0205  -0.0001   0.0000   0.0001  -0.0049    0.257
   109  -4.0000   1.3565   0.3512  -0.0244   0.0038  -0.0188  -0.0180  -0.0001   0.0000  -0.0001  -0.0041    0.245
   110  -4.0000   1.2827   0.2548  -0.0181   0.0035  -0.0148  -0.0141  -0.0000   0.0000  -0.0003  -0.0030    0.230
   111  -4.0000   1.2304   0.1537  -0.0112   0.0032  -0.0095  -0.0091  -0.0000   0.0000  -0.0003  -0.0018    0.213
   112  -4.0000   1.2034   0.0513  -0.0038   0.0030  -0.0033  -0.0031  -0.0000   0.0000  -0.0002  -0.0006    0.200
 ---------------------------------------------------------------
