 ---------------------------------------------------------------
 Surface and Strip Forces by surface

  Forces referred to Sref, Cref, Bref about Xref, Yref, Zref
 Standard axis orientation,  X fwd, Z down         

  Surface # 1     FrontWing                               
     # Chordwise = 12   # Spanwise = 20     First strip =  1
     Surface area =   59.792652       Ave. chord =    2.989631
     CLsurf  =   0.35171     Clsurf  =  -0.08083
     CYsurf  =   0.00065     Cmsurf  =  -0.20522
     CDsurf  =   0.00638     Cnsurf  =  -0.00062
     CDisurf =   0.00638     CDvsurf =   0.00000

  Forces referred to Ssurf, Cave about hinge axis thru LE
     CLsurf  =   0.70351     CDsurf  =   0.01277
     Deflect =

 Strip Forces referred to Strip Area, Chord
    j      Yle    Chord     Area     c cl      ai      cl_norm  cl       cd       cdv    cm_c/4    cm_LE  C.P.x/c
     1   0.0299   3.4500   0.4122   2.3800   0.0221   0.6899   0.6899   0.0088   0.0000  -0.1427  -0.3151    0.457
     2   0.2681   3.4500   1.2263   2.3799   0.0222   0.6899   0.6899   0.0088   0.0000  -0.1427  -0.3151    0.457
     3   0.7386   3.4500   2.0103   2.3793   0.0221   0.6897   0.6897   0.0088   0.0000  -0.1427  -0.3151    0.457
     4   1.4299   3.4500   2.7448   2.3775   0.0212   0.6892   0.6892   0.0089   0.0000  -0.1427  -0.3150    0.457
     5   2.3249   3.4500   3.4117   2.3732   0.0238   0.6879   0.6879   0.0090   0.0000  -0.1427  -0.3147    0.457
     6   3.4016   3.4500   3.9946   2.3651   0.0434   0.6856   0.6856   0.0093   0.0000  -0.1429  -0.3142    0.458
     7   4.6579   3.4027   4.5877   2.3511   0.0239   0.6930   0.6910   0.0095   0.0000  -0.1429  -0.3148    0.457
     8   6.0668   3.3014   4.8231   2.3298   0.0390   0.7078   0.7057   0.0096   0.0000  -0.1427  -0.3183    0.452
     9   7.5707   3.1934   4.9100   2.3005   0.0273   0.7225   0.7204   0.0097   0.0000  -0.1427  -0.3220    0.448
    10   9.1324   3.0811   4.8570   2.2629   0.0280   0.7366   0.7345   0.0102   0.0000  -0.1426  -0.3254    0.444
    11  10.7137   2.9675   4.6778   2.2164   0.0298   0.7491   0.7469   0.0111   0.0000  -0.1425  -0.3284    0.441
    12  12.2755   2.8552   4.3901   2.1592   0.0329   0.7584   0.7562   0.0123   0.0000  -0.1422  -0.3304    0.438
    13  13.7793   2.7471   4.0132   2.0883   0.0375   0.7623   0.7601   0.0140   0.0000  -0.1416  -0.3308    0.436
    14  15.1883   2.6458   3.5672   1.9984   0.0444   0.7573   0.7551   0.0164   0.0000  -0.1406  -0.3286    0.436
    15  16.4675   2.5539   3.0708   1.8807   0.0543   0.7383   0.7362   0.0195   0.0000  -0.1387  -0.3219    0.438
    16  17.5856   2.4735   2.5402   1.7223   0.0685   0.6979   0.6959   0.0231   0.0000  -0.1350  -0.3083    0.444
    17  18.5151   2.4067   1.9884   1.5050   0.0885   0.6266   0.6248   0.0262   0.0000  -0.1278  -0.2834    0.455
    18  19.2329   2.3551   1.4251   1.2071   0.1164   0.5135   0.5120   0.0271   0.0000  -0.1135  -0.2410    0.472
    19  19.7216   2.3200   0.8564   0.8072   0.1556   0.3484   0.3474   0.0227   0.0000  -0.0855  -0.1720    0.496
    20  19.9689   2.3022   0.2856   0.2927   0.2042   0.1273   0.1269   0.0095   0.0000  -0.0346  -0.0662    0.523

  Surface # 2     FrontWing (YDUP)                        
     # Chordwise = 12   # Spanwise = 20     First strip = 21
     Surface area =   59.792652       Ave. chord =    2.989631
     CLsurf  =   0.35171     Clsurf  =   0.08083
     CYsurf  =  -0.00065     Cmsurf  =  -0.20522
     CDsurf  =   0.00638     Cnsurf  =   0.00062
     CDisurf =   0.00638     CDvsurf =   0.00000

  Forces referred to Ssurf, Cave about hinge axis thru LE
     CLsurf  =   0.70351     CDsurf  =   0.01277
     Deflect =

 Strip Forces referred to Strip Area, Chord
    j      Yle    Chord     Area     c cl      ai      cl_norm  cl       cd       cdv    cm_c/4    cm_LE  C.P.x/c
    21  -0.0299   3.4500   0.4122   2.3800   0.0221   0.6899   0.6899   0.0088   0.0000  -0.1427   0.3151    0.457
    22  -0.2681   3.4500   1.2263   2.3799   0.0222   0.6899   0.6899   0.0088   0.0000  -0.1427   0.3151    0.457
    23  -0.7386   3.4500   2.0103   2.3793   0.0221   0.6897   0.6897   0.0088   0.0000  -0.1427   0.3151    0.457
    24  -1.4299   3.4500   2.7448   2.3775   0.0212   0.6892   0.6892   0.0089   0.0000  -0.1427   0.3150    0.457
    25  -2.3249   3.4500   3.4117   2.3732   0.0238   0.6879   0.6879   0.0090   0.0000  -0.1427   0.3147    0.457
    26  -3.4016   3.4500   3.9946   2.3651   0.0434   0.6856   0.6856   0.0093   0.0000  -0.1429   0.3142    0.458
    27  -4.6579   3.4027   4.5877   2.3511   0.0239   0.6930   0.6910   0.0095   0.0000  -0.1429   0.3148    0.457
    28  -6.0668   3.3014   4.8231   2.3298   0.0390   0.7078   0.7057   0.0096   0.0000  -0.1427   0.3183    0.452
    29  -7.5707   3.1934   4.9100   2.3005   0.0273   0.7225   0.7204   0.0097   0.0000  -0.1427   0.3220    0.448
    30  -9.1324   3.0811   4.8570   2.2629   0.0280   0.7366   0.7345   0.0102   0.0000  -0.1426   0.3254    0.444
    31 -10.7137   2.9675   4.6778   2.2164   0.0298   0.7491   0.7469   0.0111   0.0000  -0.1425   0.3284    0.441
    32 -12.2755   2.8552   4.3901   2.1592   0.0329   0.7584   0.7562   0.0123   0.0000  -0.1422   0.3304    0.438
    33 -13.7793   2.7471   4.0132   2.0883   0.0375   0.7623   0.7601   0.0140   0.0000  -0.1416   0.3308    0.436
    34 -15.1883   2.6458   3.5672   1.9984   0.0444   0.7573   0.7551   0.0164   0.0000  -0.1406   0.3286    0.436
    35 -16.4675   2.5539   3.0708   1.8807   0.0543   0.7383   0.7362   0.0195   0.0000  -0.1387   0.3219    0.438
    36 -17.5856   2.4735   2.5402   1.7223   0.0685   0.6979   0.6959   0.0231   0.0000  -0.1350   0.3083    0.444
    37 -18.5151   2.4067   1.9884   1.5050   0.0885   0.6266   0.6248   0.0262   0.0000  -0.1278   0.2834    0.455
    38 -19.2329   2.3551   1.4251   1.2071   0.1164   0.5135   0.5120   0.0271   0.0000  -0.1135   0.2410    0.472
    39 -19.7216   2.3200   0.8564   0.8072   0.1556   0.3484   0.3474   0.0227   0.0000  -0.0855   0.1720    0.496
    40 -19.9689   2.3022   0.2856   0.2927   0.2042   0.1273   0.1269   0.0095   0.0000  -0.0346   0.0662    0.523

  Surface # 3     Second Wing2                            
     # Chordwise = 12   # Spanwise = 24     First strip = 41
     Surface area =   12.000000       Ave. chord =    2.000000
     CLsurf  =  -0.00171     Clsurf  =   0.00011
     CYsurf  =   0.00000     Cmsurf  =   0.00581
     CDsurf  =  -0.00006     Cnsurf  =  -0.00000
     CDisurf =  -0.00006     CDvsurf =   0.00000

  Forces referred to Ssurf, Cave about hinge axis thru LE
     CLsurf  =  -0.01703     CDsurf  =  -0.00060
     Deflect =

 Strip Forces referred to Strip Area, Chord
    j      Yle    Chord     Area     c cl      ai      cl_norm  cl       cd       cdv    cm_c/4    cm_LE  C.P.x/c
    41   0.0064   2.0000   0.0513  -0.0450   0.0221  -0.0225  -0.0225  -0.0008   0.0000  -0.0016   0.0041    0.180
    42   0.0576   2.0000   0.1531  -0.0450   0.0221  -0.0225  -0.0225  -0.0008   0.0000  -0.0016   0.0041    0.180
    43   0.1592   2.0000   0.2523  -0.0450   0.0219  -0.0225  -0.0225  -0.0008   0.0000  -0.0016   0.0041    0.180
    44   0.3094   2.0000   0.3471  -0.0450   0.0222  -0.0225  -0.0225  -0.0008   0.0000  -0.0016   0.0041    0.180
    45   0.5056   2.0000   0.4360  -0.0448   0.0205  -0.0224  -0.0224  -0.0008   0.0000  -0.0016   0.0040    0.180
    46   0.7445   2.0000   0.5175  -0.0446   0.0221  -0.0223  -0.0223  -0.0008   0.0000  -0.0016   0.0040    0.180
    47   1.0220   2.0000   0.5901  -0.0441   0.0260  -0.0220  -0.0220  -0.0008   0.0000  -0.0016   0.0039    0.179
    48   1.3333   2.0000   0.6526  -0.0434   0.0218  -0.0217  -0.0217  -0.0008   0.0000  -0.0016   0.0039    0.178
    49   1.6731   2.0000   0.7039  -0.0424   0.0236  -0.0212  -0.0212  -0.0008   0.0000  -0.0016   0.0037    0.176
    50   2.0357   2.0000   0.7432  -0.0410   0.0205  -0.0205  -0.0205  -0.0007   0.0000  -0.0016   0.0036    0.174
    51   2.4147   2.0000   0.7698  -0.0390   0.0230  -0.0195  -0.0195  -0.0007   0.0000  -0.0015   0.0033    0.171
    52   2.8038   2.0000   0.7832  -0.0365   0.0395  -0.0182  -0.0182  -0.0006   0.0000  -0.0015   0.0031    0.168
    53   3.1962   2.0000   0.7832  -0.0335   0.0226  -0.0167  -0.0167  -0.0006   0.0000  -0.0014   0.0028    0.166
    54   3.5853   2.0000   0.7698  -0.0310   0.0261  -0.0155  -0.0155  -0.0005   0.0000  -0.0014   0.0025    0.162
    55   3.9643   2.0000   0.7432  -0.0301   0.0561  -0.0151  -0.0151  -0.0005   0.0000  -0.0015   0.0023    0.151
    56   4.3269   2.0000   0.7039  -0.0289   0.0193  -0.0144  -0.0144  -0.0005   0.0000  -0.0016   0.0020    0.139
    57   4.6667   2.0000   0.6526  -0.0258   0.0238  -0.0129  -0.0129  -0.0004   0.0000  -0.0015   0.0017    0.132
    58   4.9780   2.0000   0.5901  -0.0233   0.0278  -0.0117  -0.0117  -0.0004   0.0000  -0.0015   0.0014    0.122
    59   5.2555   2.0000   0.5175  -0.0229   0.0406  -0.0114  -0.0114  -0.0004   0.0000  -0.0017   0.0012    0.103
    60   5.4944   2.0000   0.4360  -0.0223   0.0085  -0.0112  -0.0112  -0.0004   0.0000  -0.0019   0.0009    0.083
    61   5.6906   2.0000   0.3471  -0.0194   0.0148  -0.0097  -0.0097  -0.0004   0.0000  -0.0018   0.0006    0.066
    62   5.8408   2.0000   0.2523  -0.0146   0.0172  -0.0073  -0.0073  -0.0003   0.0000  -0.0015   0.0004    0.049
    63   5.9424   2.0000   0.1531  -0.0089   0.0189  -0.0045  -0.0045  -0.0002   0.0000  -0.0010   0.0002    0.034
    64   5.9936   2.0000   0.0513  -0.0030   0.0197  -0.0015  -0.0015  -0.0001   0.0000  -0.0003   0.0000    0.024

  Surface # 4     Second Wing2 (YDUP)                     
     # Chordwise = 12   # Spanwise = 24     First strip = 65
     Surface area =   12.000000       Ave. chord =    2.000000
     CLsurf  =  -0.00171     Clsurf  =  -0.00011
     CYsurf  =   0.00000     Cmsurf  =   0.00581
     CDsurf  =  -0.00006     Cnsurf  =   0.00000
     CDisurf =  -0.00006     CDvsurf =   0.00000

  Forces referred to Ssurf, Cave about hinge axis thru LE
     CLsurf  =  -0.01703     CDsurf  =  -0.00060
     Deflect =

 Strip Forces referred to Strip Area, Chord
    j      Yle    Chord     Area     c cl      ai      cl_norm  cl       cd       cdv    cm_c/4    cm_LE  C.P.x/c
    65  -0.0064   2.0000   0.0513  -0.0450   0.0221  -0.0225  -0.0225  -0.0008   0.0000  -0.0016  -0.0041    0.180
    66  -0.0576   2.0000   0.1531  -0.0450   0.0221  -0.0225  -0.0225  -0.0008   0.0000  -0.0016  -0.0041    0.180
    67  -0.1592   2.0000   0.2523  -0.0450   0.0219  -0.0225  -0.0225  -0.0008   0.0000  -0.0016  -0.0041    0.180
    68  -0.3094   2.0000   0.3471  -0.0450   0.0222  -0.0225  -0.0225  -0.0008   0.0000  -0.0016  -0.0041    0.180
    69  -0.5056   2.0000   0.4360  -0.0448   0.0205  -0.0224  -0.0224  -0.0008   0.0000  -0.0016  -0.0040    0.180
    70  -0.7445   2.0000   0.5175  -0.0446   0.0221  -0.0223  -0.0223  -0.0008   0.0000  -0.0016  -0.0040    0.180
    71  -1.0220   2.0000   0.5901  -0.0441   0.0260  -0.0220  -0.0220  -0.0008   0.0000  -0.0016  -0.0039    0.179
    72  -1.3333   2.0000   0.6526  -0.0434   0.0218  -0.0217  -0.0217  -0.0008   0.0000  -0.0016  -0.0039    0.178
    73  -1.6731   2.0000   0.7039  -0.0424   0.0236  -0.0212  -0.0212  -0.0008   0.0000  -0.0016  -0.0037    0.176
    74  -2.0357   2.0000   0.7432  -0.0410   0.0205  -0.0205  -0.0205  -0.0007   0.0000  -0.0016  -0.0036    0.174
    75  -2.4147   2.0000   0.7698  -0.0390   0.0230  -0.0195  -0.0195  -0.0007   0.0000  -0.0015  -0.0033    0.171
    76  -2.8038   2.0000   0.7832  -0.0365   0.0395  -0.0182  -0.0182  -0.0006   0.0000  -0.0015  -0.0031    0.168
    77  -3.1962   2.0000   0.7832  -0.0335   0.0226  -0.0167  -0.0167  -0.0006   0.0000  -0.0014  -0.0028    0.166
    78  -3.5853   2.0000   0.7698  -0.0310   0.0261  -0.0155  -0.0155  -0.0005   0.0000  -0.0014  -0.0025    0.162
    79  -3.9643   2.0000   0.7432  -0.0301   0.0561  -0.0151  -0.0151  -0.0005   0.0000  -0.0015  -0.0023    0.151
    80  -4.3269   2.0000   0.7039  -0.0289   0.0193  -0.0144  -0.0144  -0.0005   0.0000  -0.0016  -0.0020    0.139
    81  -4.6667   2.0000   0.6526  -0.0258   0.0238  -0.0129  -0.0129  -0.0004   0.0000  -0.0015  -0.0017    0.132
    82  -4.9780   2.0000   0.5901  -0.0233   0.0278  -0.0117  -0.0117  -0.0004   0.0000  -0.0015  -0.0014    0.122
    83  -5.2555   2.0000   0.5175  -0.0229   0.0406  -0.0114  -0.0114  -0.0004   0.0000  -0.0017  -0.0012    0.103
    84  -5.4944   2.0000   0.4360  -0.0223   0.0085  -0.0112  -0.0112  -0.0004   0.0000  -0.0019  -0.0009    0.083
    85  -5.6906   2.0000   0.3471  -0.0194   0.0148  -0.0097  -0.0097  -0.0004   0.0000  -0.0018  -0.0006    0.066
    86  -5.8408   2.0000   0.2523  -0.0146   0.0172  -0.0073  -0.0073  -0.0003   0.0000  -0.0015  -0.0004    0.049
    87  -5.9424   2.0000   0.1531  -0.0089   0.0189  -0.0045  -0.0045  -0.0002   0.0000  -0.0010  -0.0002    0.034
    88  -5.9936   2.0000   0.0513  -0.0030   0.0197  -0.0015  -0.0015  -0.0001   0.0000  -0.0003  -0.0000    0.024

  Surface # 5     Fin                                     
     # Chordwise = 12   # Spanwise = 12     First strip = 89
     Surface area =    4.000000       Ave. chord =    1.600000
     CLsurf  =   0.00000     Clsurf  =  -0.00000
     CYsurf  =   0.00001     Cmsurf  =  -0.00000
     CDsurf  =  -0.00000     Cnsurf  =  -0.00000
     CDisurf =  -0.00000     CDvsurf =   0.00000

  Forces referred to Ssurf, Cave about hinge axis thru LE
     CLsurf  =  -0.00017     CDsurf  =  -0.00000
     Deflect =

 Strip Forces referred to Strip Area, Chord
    j      Yle    Chord     Area     c cl      ai      cl_norm  cl       cd       cdv    cm_c/4    cm_LE  C.P.x/c
    89   4.0000   1.9966   0.0850  -0.0004  -0.1041  -0.0002  -0.0002   0.0000   0.0000  -0.0000   0.0000    0.228
    90   4.0000   1.9696   0.2459  -0.0014  -0.0119  -0.0007  -0.0007  -0.0000   0.0000  -0.0000   0.0001    0.211
    91   4.0000   1.9173   0.3809  -0.0026  -0.0054  -0.0014  -0.0013  -0.0000   0.0000  -0.0001   0.0003    0.196
    92   4.0000   1.8435   0.4773  -0.0032  -0.0040  -0.0019  -0.0018  -0.0000   0.0000  -0.0001   0.0003    0.196
    93   4.0000   1.7531   0.5285  -0.0027  -0.0030  -0.0016  -0.0015  -0.0000   0.0000  -0.0000   0.0003    0.218
    94   4.0000   1.6522   0.5345  -0.0012  -0.0022  -0.0008  -0.0007  -0.0000   0.0000   0.0000   0.0002    0.305
    95   4.0000   1.5478   0.5007   0.0005  -0.0015   0.0003   0.0003  -0.0000   0.0000   0.0001   0.0000   -0.135
    96   4.0000   1.4469   0.4362   0.0018  -0.0012   0.0013   0.0012  -0.0000   0.0000   0.0002  -0.0001    0.090
    97   4.0000   1.3565   0.3512   0.0024  -0.0009   0.0019   0.0018  -0.0000   0.0000   0.0002  -0.0002    0.109
    98   4.0000   1.2827   0.2548   0.0023  -0.0008   0.0020   0.0018  -0.0000   0.0000   0.0003  -0.0002    0.100
    99   4.0000   1.2304   0.1537   0.0017  -0.0007   0.0015   0.0014  -0.0000   0.0000   0.0002  -0.0001    0.080
   100   4.0000   1.2034   0.0513   0.0006  -0.0007   0.0005   0.0005  -0.0000   0.0000   0.0001  -0.0000    0.061

  Surface # 6     Fin (YDUP)                              
     # Chordwise = 12   # Spanwise = 12     First strip =101
     Surface area =    4.000000       Ave. chord =    1.600000
     CLsurf  =   0.00000     Clsurf  =   0.00000
     CYsurf  =  -0.00001     Cmsurf  =  -0.00000
     CDsurf  =  -0.00000     Cnsurf  =   0.00000
     CDisurf =  -0.00000     CDvsurf =   0.00000

  Forces referred to Ssurf, Cave about hinge axis thru LE
     CLsurf  =  -0.00017     CDsurf  =  -0.00000
     Deflect =

 Strip Forces referred to Strip Area, Chord
    j      Yle    Chord     Area     c cl      ai      cl_norm  cl       cd       cdv    cm_c/4    cm_LE  C.P.x/c
   101  -4.0000   1.9966   0.0850  -0.0004  -0.1041  -0.0002  -0.0002   0.0000   0.0000  -0.0000  -0.0000    0.228
   102  -4.0000   1.9696   0.2459  -0.0014  -0.0119  -0.0007  -0.0007  -0.0000   0.0000  -0.0000  -0.0001    0.211
   103  -4.0000   1.9173   0.3809  -0.0026  -0.0054  -0.0014  -0.0013  -0.0000   0.0000  -0.0001  -0.0003    0.196
   104  -4.0000   1.8435   0.4773  -0.0032  -0.0040  -0.0019  -0.0018  -0.0000   0.0000  -0.0001  -0.0003    0.196
   105  -4.0000   1.7531   0.5285  -0.0027  -0.0030  -0.0016  -0.0015  -0.0000   0.0000  -0.0000  -0.0003    0.218
   106  -4.0000   1.6522   0.5345  -0.0012  -0.0022  -0.0008  -0.0007  -0.0000   0.0000   0.0000  -0.0002    0.305
   107  -4.0000   1.5478   0.5007   0.0005  -0.0015   0.0003   0.0003  -0.0000   0.0000   0.0001  -0.0000   -0.135
   108  -4.0000   1.4469   0.4362   0.0018  -0.0012   0.0013   0.0012  -0.0000   0.0000   0.0002   0.0001    0.090
   109  -4.0000   1.3565   0.3512   0.0024  -0.0009   0.0019   0.0018  -0.0000   0.0000   0.0002   0.0002    0.109
   110  -4.0000   1.2827   0.2548   0.0023  -0.0008   0.0020   0.0018  -0.0000   0.0000   0.0003   0.0002    0.100
   111  -4.0000   1.2304   0.1537   0.0017  -0.0007   0.0015   0.0014  -0.0000   0.0000   0.0002   0.0001    0.080
   112  -4.0000   1.2034   0.0513   0.0006  -0.0007   0.0005   0.0005  -0.0000   0.0000   0.0001   0.0000    0.061
 ---------------------------------------------------------------
