 ---------------------------------------------------------------
 Surface and Strip Forces by surface

  Forces referred to Sref, Cref, Bref about Xref, Yref, Zref
 Standard axis orientation,  X fwd, Z down         

  Surface # 1     FrontWing                               
     # Chordwise = 12   # Spanwise = 20     First strip =  1
     Surface area =   59.792652       Ave. chord =    2.989631
     CLsurf  =   0.08238     Clsurf  =  -0.02132
     CYsurf  =   0.00010     Cmsurf  =  -0.10359
     CDsurf  =   0.00062     Cnsurf  =   0.00174
     CDisurf =   0.00062     CDvsurf =   0.00000

  Forces referred to Ssurf, Cave about hinge axis thru LE
     CLsurf  =   0.16478     CDsurf  =   0.00124
     Deflect =

 Strip Forces referred to Strip Area, Chord
    j      Yle    Chord     Area     c cl      ai      cl_norm  cl       cd       cdv    cm_c/4    cm_LE  C.P.x/c
     1   0.0299   3.4500   0.4122   0.4208  -0.0255   0.1223   0.1223   0.0003   0.0000  -0.1423  -0.1728    1.414
     2   0.2681   3.4500   1.2263   0.4208  -0.0252   0.1223   0.1223   0.0003   0.0000  -0.1423  -0.1728    1.413
     3   0.7386   3.4500   2.0103   0.4212  -0.0259   0.1224   0.1224   0.0003   0.0000  -0.1423  -0.1728    1.412
     4   1.4299   3.4500   2.7448   0.4225  -0.0314   0.1228   0.1228   0.0003   0.0000  -0.1423  -0.1729    1.409
     5   2.3249   3.4500   3.4117   0.4255  -0.0224   0.1237   0.1237   0.0003   0.0000  -0.1422  -0.1731    1.400
     6   3.4016   3.4500   3.9946   0.4315   0.1623   0.1254   0.1254   0.0003   0.0000  -0.1420  -0.1733    1.382
     7   4.6579   3.4027   4.5877   0.4420  -0.0421   0.1306   0.1303   0.0003   0.0000  -0.1421  -0.1741    1.341
     8   6.0668   3.3014   4.8231   0.4585   0.2319   0.1397   0.1393   0.0004   0.0000  -0.1424  -0.1767    1.273
     9   7.5707   3.1934   4.9100   0.4790   0.0267   0.1509   0.1504   0.0006   0.0000  -0.1426  -0.1796    1.198
    10   9.1324   3.0811   4.8570   0.5017   0.0169   0.1638   0.1633   0.0007   0.0000  -0.1426  -0.1829    1.123
    11  10.7137   2.9675   4.6778   0.5245   0.0144   0.1778   0.1773   0.0009   0.0000  -0.1426  -0.1863    1.055
    12  12.2755   2.8552   4.3901   0.5450   0.0143   0.1920   0.1915   0.0012   0.0000  -0.1426  -0.1898    0.995
    13  13.7793   2.7471   4.0132   0.5610   0.0156   0.2054   0.2048   0.0015   0.0000  -0.1425  -0.1930    0.946
    14  15.1883   2.6458   3.5672   0.5696   0.0181   0.2166   0.2160   0.0020   0.0000  -0.1422  -0.1955    0.908
    15  16.4675   2.5539   3.0708   0.5676   0.0221   0.2236   0.2230   0.0026   0.0000  -0.1415  -0.1966    0.885
    16  17.5856   2.4735   2.5402   0.5507   0.0283   0.2241   0.2235   0.0033   0.0000  -0.1400  -0.1952    0.877
    17  18.5151   2.4067   1.9884   0.5130   0.0386   0.2146   0.2140   0.0042   0.0000  -0.1360  -0.1888    0.885
    18  19.2329   2.3551   1.4251   0.4435   0.0565   0.1897   0.1892   0.0050   0.0000  -0.1249  -0.1715    0.910
    19  19.7216   2.3200   0.8564   0.3228   0.0875   0.1403   0.1399   0.0051   0.0000  -0.0970  -0.1315    0.944
    20  19.9689   2.3022   0.2856   0.1262   0.1309   0.0553   0.0552   0.0028   0.0000  -0.0400  -0.0536    0.975

  Surface # 2     FrontWing (YDUP)                        
     # Chordwise = 12   # Spanwise = 20     First strip = 21
     Surface area =   59.792652       Ave. chord =    2.989631
     CLsurf  =   0.08238     Clsurf  =   0.02132
     CYsurf  =  -0.00010     Cmsurf  =  -0.10359
     CDsurf  =   0.00062     Cnsurf  =  -0.00174
     CDisurf =   0.00062     CDvsurf =   0.00000

  Forces referred to Ssurf, Cave about hinge axis thru LE
     CLsurf  =   0.16478     CDsurf  =   0.00124
     Deflect =

 Strip Forces referred to Strip Area, Chord
    j      Yle    Chord     Area     c cl      ai      cl_norm  cl       cd       cdv    cm_c/4    cm_LE  C.P.x/c
    21  -0.0299   3.4500   0.4122   0.4208  -0.0255   0.1223   0.1223   0.0003   0.0000  -0.1423   0.1728    1.414
    22  -0.2681   3.4500   1.2263   0.4208  -0.0252   0.1223   0.1223   0.0003   0.0000  -0.1423   0.1728    1.413
    23  -0.7386   3.4500   2.0103   0.4212  -0.0259   0.1224   0.1224   0.0003   0.0000  -0.1423   0.1728    1.412
    24  -1.4299   3.4500   2.7448   0.4225  -0.0314   0.1228   0.1228   0.0003   0.0000  -0.1423   0.1729    1.409
    25  -2.3249   3.4500   3.4117   0.4255  -0.0224   0.1237   0.1237   0.0003   0.0000  -0.1422   0.1731    1.400
    26  -3.4016   3.4500   3.9946   0.4315   0.1623   0.1254   0.1254   0.0003   0.0000  -0.1420   0.1733    1.382
    27  -4.6579   3.4027   4.5877   0.4420  -0.0421   0.1306   0.1303   0.0003   0.0000  -0.1421   0.1741    1.341
    28  -6.0668   3.3014   4.8231   0.4585   0.2319   0.1397   0.1393   0.0004   0.0000  -0.1424   0.1767    1.273
    29  -7.5707   3.1934   4.9100   0.4790   0.0267   0.1509   0.1504   0.0006   0.0000  -0.1426   0.1796    1.198
    30  -9.1324   3.0811   4.8570   0.5017   0.0169   0.1638   0.1633   0.0007   0.0000  -0.1426   0.1829    1.123
    31 -10.7137   2.9675   4.6778   0.5245   0.0144   0.1778   0.1773   0.0009   0.0000  -0.1426   0.1863    1.055
    32 -12.2755   2.8552   4.3901   0.5450   0.0143   0.1920   0.1915   0.0012   0.0000  -0.1426   0.1898    0.995
    33 -13.7793   2.7471   4.0132   0.5610   0.0156   0.2054   0.2048   0.0015   0.0000  -0.1425   0.1930    0.946
    34 -15.1883   2.6458   3.5672   0.5696   0.0181   0.2166   0.2160   0.0020   0.0000  -0.1422   0.1955    0.908
    35 -16.4675   2.5539   3.0708   0.5676   0.0221   0.2236   0.2230   0.0026   0.0000  -0.1415   0.1966    0.885
    36 -17.5856   2.4735   2.5402   0.5507   0.0283   0.2241   0.2235   0.0033   0.0000  -0.1400   0.1952    0.877
    37 -18.5151   2.4067   1.9884   0.5130   0.0386   0.2146   0.2140   0.0042   0.0000  -0.1360   0.1888    0.885
    38 -19.2329   2.3551   1.4251   0.4435   0.0565   0.1897   0.1892   0.0050   0.0000  -0.1249   0.1715    0.910
    39 -19.7216   2.3200   0.8564   0.3228   0.0875   0.1403   0.1399   0.0051   0.0000  -0.0970   0.1315    0.944
    40 -19.9689   2.3022   0.2856   0.1262   0.1309   0.0553   0.0552   0.0028   0.0000  -0.0400   0.0536    0.975

  Surface # 3     Second Wing2                            
     # Chordwise = 12   # Spanwise = 24     First strip = 41
     Surface area =   12.000000       Ave. chord =    2.000000
     CLsurf  =  -0.03238     Clsurf  =   0.00214
     CYsurf  =  -0.00000     Cmsurf  =   0.11151
     CDsurf  =   0.00038     Cnsurf  =  -0.00012
     CDisurf =   0.00038     CDvsurf =   0.00000

  Forces referred to Ssurf, Cave about hinge axis thru LE
     CLsurf  =  -0.32275     CDsurf  =   0.00380
     Deflect =

 Strip Forces referred to Strip Area, Chord
    j      Yle    Chord     Area     c cl      ai      cl_norm  cl       cd       cdv    cm_c/4    cm_LE  C.P.x/c
    41   0.0064   2.0000   0.0513  -0.7644  -0.0257  -0.3830  -0.3830   0.0031   0.0000  -0.0018   0.0937    0.245
    42   0.0576   2.0000   0.1531  -0.7644  -0.0258  -0.3830  -0.3830   0.0031   0.0000  -0.0018   0.0937    0.245
    43   0.1592   2.0000   0.2523  -0.7643  -0.0256  -0.3829  -0.3829   0.0031   0.0000  -0.0018   0.0937    0.245
    44   0.3094   2.0000   0.3471  -0.7640  -0.0258  -0.3828  -0.3828   0.0031   0.0000  -0.0018   0.0937    0.245
    45   0.5056   2.0000   0.4360  -0.7633  -0.0248  -0.3824  -0.3824   0.0031   0.0000  -0.0018   0.0936    0.245
    46   0.7445   2.0000   0.5175  -0.7619  -0.0260  -0.3817  -0.3817   0.0031   0.0000  -0.0018   0.0934    0.245
    47   1.0220   2.0000   0.5901  -0.7596  -0.0290  -0.3805  -0.3805   0.0032   0.0000  -0.0019   0.0931    0.245
    48   1.3333   2.0000   0.6526  -0.7560  -0.0264  -0.3787  -0.3787   0.0032   0.0000  -0.0019   0.0926    0.245
    49   1.6731   2.0000   0.7039  -0.7508  -0.0282  -0.3762  -0.3762   0.0033   0.0000  -0.0020   0.0918    0.245
    50   2.0357   2.0000   0.7432  -0.7437  -0.0266  -0.3726  -0.3726   0.0034   0.0000  -0.0022   0.0908    0.244
    51   2.4147   2.0000   0.7698  -0.7340  -0.0291  -0.3677  -0.3677   0.0036   0.0000  -0.0023   0.0894    0.244
    52   2.8038   2.0000   0.7832  -0.7210  -0.0419  -0.3612  -0.3612   0.0038   0.0000  -0.0025   0.0876    0.243
    53   3.1962   2.0000   0.7832  -0.7036  -0.0296  -0.3524  -0.3524   0.0040   0.0000  -0.0029   0.0851    0.242
    54   3.5853   2.0000   0.7698  -0.6796  -0.0306  -0.3403  -0.3403   0.0042   0.0000  -0.0034   0.0815    0.240
    55   3.9643   2.0000   0.7432  -0.6457  -0.0328  -0.3233  -0.3233   0.0044   0.0000  -0.0045   0.0762    0.236
    56   4.3269   2.0000   0.7039  -0.6045  -0.0443  -0.3027  -0.3027   0.0045   0.0000  -0.0057   0.0699    0.231
    57   4.6667   2.0000   0.6526  -0.5602  -0.0452  -0.2805  -0.2805   0.0047   0.0000  -0.0067   0.0634    0.226
    58   4.9780   2.0000   0.5901  -0.5103  -0.0494  -0.2554  -0.2554   0.0047   0.0000  -0.0076   0.0562    0.220
    59   5.2555   2.0000   0.5175  -0.4529  -0.0638  -0.2267  -0.2267   0.0046   0.0000  -0.0084   0.0482    0.213
    60   5.4944   2.0000   0.4360  -0.3868  -0.0445  -0.1936  -0.1936   0.0043   0.0000  -0.0089   0.0394    0.204
    61   5.6906   2.0000   0.3471  -0.3117  -0.0528  -0.1560  -0.1560   0.0039   0.0000  -0.0087   0.0303    0.194
    62   5.8408   2.0000   0.2523  -0.2287  -0.0563  -0.1144  -0.1144   0.0033   0.0000  -0.0075   0.0211    0.185
    63   5.9424   2.0000   0.1531  -0.1397  -0.0584  -0.0699  -0.0699   0.0023   0.0000  -0.0051   0.0123    0.176
    64   5.9936   2.0000   0.0513  -0.0470  -0.0595  -0.0235  -0.0235   0.0009   0.0000  -0.0019   0.0040    0.171

  Surface # 4     Second Wing2 (YDUP)                     
     # Chordwise = 12   # Spanwise = 24     First strip = 65
     Surface area =   12.000000       Ave. chord =    2.000000
     CLsurf  =  -0.03238     Clsurf  =  -0.00214
     CYsurf  =   0.00000     Cmsurf  =   0.11151
     CDsurf  =   0.00038     Cnsurf  =   0.00012
     CDisurf =   0.00038     CDvsurf =   0.00000

  Forces referred to Ssurf, Cave about hinge axis thru LE
     CLsurf  =  -0.32275     CDsurf  =   0.00380
     Deflect =

 Strip Forces referred to Strip Area, Chord
    j      Yle    Chord     Area     c cl      ai      cl_norm  cl       cd       cdv    cm_c/4    cm_LE  C.P.x/c
    65  -0.0064   2.0000   0.0513  -0.7644  -0.0257  -0.3830  -0.3830   0.0031   0.0000  -0.0018  -0.0937    0.245
    66  -0.0576   2.0000   0.1531  -0.7644  -0.0258  -0.3830  -0.3830   0.0031   0.0000  -0.0018  -0.0937    0.245
    67  -0.1592   2.0000   0.2523  -0.7643  -0.0256  -0.3829  -0.3829   0.0031   0.0000  -0.0018  -0.0937    0.245
    68  -0.3094   2.0000   0.3471  -0.7640  -0.0258  -0.3828  -0.3828   0.0031   0.0000  -0.0018  -0.0937    0.245
    69  -0.5056   2.0000   0.4360  -0.7633  -0.0248  -0.3824  -0.3824   0.0031   0.0000  -0.0018  -0.0936    0.245
    70  -0.7445   2.0000   0.5175  -0.7619  -0.0260  -0.3817  -0.3817   0.0031   0.0000  -0.0018  -0.0934    0.245
    71  -1.0220   2.0000   0.5901  -0.7596  -0.0290  -0.3805  -0.3805   0.0032   0.0000  -0.0019  -0.0931    0.245
    72  -1.3333   2.0000   0.6526  -0.7560  -0.0264  -0.3787  -0.3787   0.0032   0.0000  -0.0019  -0.0926    0.245
    73  -1.6731   2.0000   0.7039  -0.7508  -0.0282  -0.3762  -0.3762   0.0033   0.0000  -0.0020  -0.0918    0.245
    74  -2.0357   2.0000   0.7432  -0.7437  -0.0266  -0.3726  -0.3726   0.0034   0.0000  -0.0022  -0.0908    0.244
    75  -2.4147   2.0000   0.7698  -0.7340  -0.0291  -0.3677  -0.3677   0.0036   0.0000  -0.0023  -0.0894    0.244
    76  -2.8038   2.0000   0.7832  -0.7210  -0.0419  -0.3612  -0.3612   0.0038   0.0000  -0.0025  -0.0876    0.243
    77  -3.1962   2.0000   0.7832  -0.7036  -0.0296  -0.3524  -0.3524   0.0040   0.0000  -0.0029  -0.0851    0.242
    78  -3.5853   2.0000   0.7698  -0.6796  -0.0306  -0.3403  -0.3403   0.0042   0.0000  -0.0034  -0.0815    0.240
    79  -3.9643   2.0000   0.7432  -0.6457  -0.0328  -0.3233  -0.3233   0.0044   0.0000  -0.0045  -0.0762    0.236
    80  -4.3269   2.0000   0.7039  -0.6045  -0.0443  -0.3027  -0.3027   0.0045   0.0000  -0.0057  -0.0699    0.231
    81  -4.6667   2.0000   0.6526  -0.5602  -0.0452  -0.2805  -0.2805   0.0047   0.0000  -0.0067  -0.0634    0.226
    82  -4.9780   2.0000   0.5901  -0.5103  -0.0494  -0.2554  -0.2554   0.0047   0.0000  -0.0076  -0.0562    0.220
    83  -5.2555   2.0000   0.5175  -0.4529  -0.0638  -0.2267  -0.2267   0.0046   0.0000  -0.0084  -0.0482    0.213
    84  -5.4944   2.0000   0.4360  -0.3868  -0.0445  -0.1936  -0.1936   0.0043   0.0000  -0.0089  -0.0394    0.204
    85  -5.6906   2.0000   0.3471  -0.3117  -0.0528  -0.1560  -0.1560   0.0039   0.0000  -0.0087  -0.0303    0.194
    86  -5.8408   2.0000   0.2523  -0.2287  -0.0563  -0.1144  -0.1144   0.0033   0.0000  -0.0075  -0.0211    0.185
    87  -5.9424   2.0000   0.1531  -0.1397  -0.0584  -0.0699  -0.0699   0.0023   0.0000  -0.0051  -0.0123    0.176
    88  -5.9936   2.0000   0.0513  -0.0470  -0.0595  -0.0235  -0.0235   0.0009   0.0000  -0.0019  -0.0040    0.171

  Surface # 5     Fin                                     
     # Chordwise = 12   # Spanwise = 12     First strip = 89
     Surface area =    4.000000       Ave. chord =    1.600000
     CLsurf  =   0.00000     Clsurf  =   0.00004
     CYsurf  =   0.00106     Cmsurf  =  -0.00001
     CDsurf  =  -0.00001     Cnsurf  =  -0.00029
     CDisurf =  -0.00001     CDvsurf =   0.00000

  Forces referred to Ssurf, Cave about hinge axis thru LE
     CLsurf  =  -0.03166     CDsurf  =  -0.00018
     Deflect =

 Strip Forces referred to Strip Area, Chord
    j      Yle    Chord     Area     c cl      ai      cl_norm  cl       cd       cdv    cm_c/4    cm_LE  C.P.x/c
    89   4.0000   1.9966   0.0850  -0.0060   0.0822  -0.0031  -0.0030   0.0000   0.0000   0.0002   0.0009    0.323
    90   4.0000   1.9696   0.2459  -0.0194   0.0248  -0.0101  -0.0099  -0.0000   0.0000   0.0007   0.0028    0.317
    91   4.0000   1.9173   0.3809  -0.0355   0.0200  -0.0190  -0.0185  -0.0000   0.0000   0.0011   0.0051    0.307
    92   4.0000   1.8435   0.4773  -0.0511   0.0140  -0.0285  -0.0277  -0.0001   0.0000   0.0013   0.0074    0.295
    93   4.0000   1.7531   0.5285  -0.0624   0.0112  -0.0366  -0.0356  -0.0002   0.0000   0.0012   0.0090    0.284
    94   4.0000   1.6522   0.5345  -0.0672   0.0103  -0.0418  -0.0407  -0.0002   0.0000   0.0010   0.0099    0.273
    95   4.0000   1.5478   0.5007  -0.0660   0.0098  -0.0438  -0.0426  -0.0003   0.0000   0.0006   0.0100    0.263
    96   4.0000   1.4469   0.4362  -0.0598   0.0092  -0.0425  -0.0414  -0.0003   0.0000   0.0001   0.0093    0.252
    97   4.0000   1.3565   0.3512  -0.0501   0.0085  -0.0380  -0.0369  -0.0003   0.0000  -0.0004   0.0078    0.239
    98   4.0000   1.2827   0.2548  -0.0378   0.0077  -0.0302  -0.0294  -0.0002   0.0000  -0.0008   0.0057    0.223
    99   4.0000   1.2304   0.1537  -0.0235   0.0070  -0.0196  -0.0191  -0.0001   0.0000  -0.0009   0.0034    0.204
   100   4.0000   1.2034   0.0513  -0.0080   0.0066  -0.0068  -0.0066  -0.0000   0.0000  -0.0004   0.0011    0.191

  Surface # 6     Fin (YDUP)                              
     # Chordwise = 12   # Spanwise = 12     First strip =101
     Surface area =    4.000000       Ave. chord =    1.600000
     CLsurf  =   0.00000     Clsurf  =  -0.00004
     CYsurf  =  -0.00106     Cmsurf  =  -0.00001
     CDsurf  =  -0.00001     Cnsurf  =   0.00029
     CDisurf =  -0.00001     CDvsurf =   0.00000

  Forces referred to Ssurf, Cave about hinge axis thru LE
     CLsurf  =  -0.03166     CDsurf  =  -0.00018
     Deflect =

 Strip Forces referred to Strip Area, Chord
    j      Yle    Chord     Area     c cl      ai      cl_norm  cl       cd       cdv    cm_c/4    cm_LE  C.P.x/c
   101  -4.0000   1.9966   0.0850  -0.0060   0.0822  -0.0031  -0.0030   0.0000   0.0000   0.0002  -0.0009    0.323
   102  -4.0000   1.9696   0.2459  -0.0194   0.0248  -0.0101  -0.0099  -0.0000   0.0000   0.0007  -0.0028    0.317
   103  -4.0000   1.9173   0.3809  -0.0355   0.0200  -0.0190  -0.0185  -0.0000   0.0000   0.0011  -0.0051    0.307
   104  -4.0000   1.8435   0.4773  -0.0511   0.0140  -0.0285  -0.0277  -0.0001   0.0000   0.0013  -0.0074    0.295
   105  -4.0000   1.7531   0.5285  -0.0624   0.0112  -0.0366  -0.0356  -0.0002   0.0000   0.0012  -0.0090    0.284
   106  -4.0000   1.6522   0.5345  -0.0672   0.0103  -0.0418  -0.0407  -0.0002   0.0000   0.0010  -0.0099    0.273
   107  -4.0000   1.5478   0.5007  -0.0660   0.0098  -0.0438  -0.0426  -0.0003   0.0000   0.0006  -0.0100    0.263
   108  -4.0000   1.4469   0.4362  -0.0598   0.0092  -0.0425  -0.0414  -0.0003   0.0000   0.0001  -0.0093    0.252
   109  -4.0000   1.3565   0.3512  -0.0501   0.0085  -0.0380  -0.0369  -0.0003   0.0000  -0.0004  -0.0078    0.239
   110  -4.0000   1.2827   0.2548  -0.0378   0.0077  -0.0302  -0.0294  -0.0002   0.0000  -0.0008  -0.0057    0.223
   111  -4.0000   1.2304   0.1537  -0.0235   0.0070  -0.0196  -0.0191  -0.0001   0.0000  -0.0009  -0.0034    0.204
   112  -4.0000   1.2034   0.0513  -0.0080   0.0066  -0.0068  -0.0066  -0.0000   0.0000  -0.0004  -0.0011    0.191
 ---------------------------------------------------------------
