 ---------------------------------------------------------------
 Surface and Strip Forces by surface

  Forces referred to Sref, Cref, Bref about Xref, Yref, Zref
 Standard axis orientation,  X fwd, Z down         

  Surface # 1     FrontWing                               
     # Chordwise = 12   # Spanwise = 20     First strip =  1
     Surface area =   59.792652       Ave. chord =    2.989631
     CLsurf  =   0.17223     Clsurf  =  -0.04117
     CYsurf  =   0.00025     Cmsurf  =  -0.13766
     CDsurf  =   0.00182     Cnsurf  =   0.00212
     CDisurf =   0.00182     CDvsurf =   0.00000

  Forces referred to Ssurf, Cave about hinge axis thru LE
     CLsurf  =   0.34451     CDsurf  =   0.00364
     Deflect =

 Strip Forces referred to Strip Area, Chord
    j      Yle    Chord     Area     c cl      ai      cl_norm  cl       cd       cdv    cm_c/4    cm_LE  C.P.x/c
     1   0.0299   3.4500   0.4122   1.0737  -0.0097   0.3115   0.3115   0.0018   0.0000  -0.1427  -0.2206    0.708
     2   0.2681   3.4500   1.2263   1.0737  -0.0094   0.3115   0.3115   0.0018   0.0000  -0.1427  -0.2206    0.708
     3   0.7386   3.4500   2.0103   1.0738  -0.0099   0.3115   0.3115   0.0018   0.0000  -0.1427  -0.2206    0.708
     4   1.4299   3.4500   2.7448   1.0741  -0.0139   0.3116   0.3116   0.0018   0.0000  -0.1427  -0.2206    0.708
     5   2.3249   3.4500   3.4117   1.0747  -0.0070   0.3118   0.3118   0.0018   0.0000  -0.1427  -0.2206    0.708
     6   3.4016   3.4500   3.9946   1.0760   0.1229   0.3122   0.3122   0.0017   0.0000  -0.1426  -0.2206    0.707
     7   4.6579   3.4027   4.5877   1.0784  -0.0202   0.3181   0.3172   0.0018   0.0000  -0.1427  -0.2213    0.700
     8   6.0668   3.3014   4.8231   1.0823   0.1680   0.3291   0.3281   0.0021   0.0000  -0.1429  -0.2243    0.685
     9   7.5707   3.1934   4.9100   1.0863   0.0269   0.3415   0.3405   0.0024   0.0000  -0.1429  -0.2274    0.670
    10   9.1324   3.0811   4.8570   1.0890   0.0206   0.3548   0.3538   0.0027   0.0000  -0.1430  -0.2307    0.654
    11  10.7137   2.9675   4.6778   1.0887   0.0195   0.3683   0.3673   0.0031   0.0000  -0.1429  -0.2340    0.639
    12  12.2755   2.8552   4.3901   1.0835   0.0205   0.3810   0.3799   0.0036   0.0000  -0.1428  -0.2370    0.626
    13  13.7793   2.7471   4.0132   1.0705   0.0229   0.3913   0.3901   0.0043   0.0000  -0.1425  -0.2393    0.615
    14  15.1883   2.6458   3.5672   1.0464   0.0269   0.3971   0.3960   0.0053   0.0000  -0.1420  -0.2402    0.609
    15  16.4675   2.5539   3.0708   1.0059   0.0328   0.3955   0.3944   0.0065   0.0000  -0.1409  -0.2388    0.607
    16  17.5856   2.4735   2.5402   0.9419   0.0417   0.3825   0.3814   0.0080   0.0000  -0.1387  -0.2333    0.614
    17  18.5151   2.4067   1.9884   0.8443   0.0553   0.3524   0.3514   0.0095   0.0000  -0.1336  -0.2207    0.630
    18  19.2329   2.3551   1.4251   0.6987   0.0765   0.2981   0.2973   0.0104   0.0000  -0.1214  -0.1950    0.658
    19  19.7216   2.3200   0.8564   0.4848   0.1103   0.2101   0.2095   0.0094   0.0000  -0.0934  -0.1453    0.696
    20  19.9689   2.3022   0.2856   0.1819   0.1555   0.0795   0.0792   0.0043   0.0000  -0.0383  -0.0579    0.733

  Surface # 2     FrontWing (YDUP)                        
     # Chordwise = 12   # Spanwise = 20     First strip = 21
     Surface area =   59.792652       Ave. chord =    2.989631
     CLsurf  =   0.17223     Clsurf  =   0.04117
     CYsurf  =  -0.00025     Cmsurf  =  -0.13766
     CDsurf  =   0.00182     Cnsurf  =  -0.00212
     CDisurf =   0.00182     CDvsurf =   0.00000

  Forces referred to Ssurf, Cave about hinge axis thru LE
     CLsurf  =   0.34451     CDsurf  =   0.00364
     Deflect =

 Strip Forces referred to Strip Area, Chord
    j      Yle    Chord     Area     c cl      ai      cl_norm  cl       cd       cdv    cm_c/4    cm_LE  C.P.x/c
    21  -0.0299   3.4500   0.4122   1.0737  -0.0097   0.3115   0.3115   0.0018   0.0000  -0.1427   0.2206    0.708
    22  -0.2681   3.4500   1.2263   1.0737  -0.0094   0.3115   0.3115   0.0018   0.0000  -0.1427   0.2206    0.708
    23  -0.7386   3.4500   2.0103   1.0738  -0.0099   0.3115   0.3115   0.0018   0.0000  -0.1427   0.2206    0.708
    24  -1.4299   3.4500   2.7448   1.0741  -0.0139   0.3116   0.3116   0.0018   0.0000  -0.1427   0.2206    0.708
    25  -2.3249   3.4500   3.4117   1.0747  -0.0070   0.3118   0.3118   0.0018   0.0000  -0.1427   0.2206    0.708
    26  -3.4016   3.4500   3.9946   1.0760   0.1229   0.3122   0.3122   0.0017   0.0000  -0.1426   0.2206    0.707
    27  -4.6579   3.4027   4.5877   1.0784  -0.0202   0.3181   0.3172   0.0018   0.0000  -0.1427   0.2213    0.700
    28  -6.0668   3.3014   4.8231   1.0823   0.1680   0.3291   0.3281   0.0021   0.0000  -0.1429   0.2243    0.685
    29  -7.5707   3.1934   4.9100   1.0863   0.0269   0.3415   0.3405   0.0024   0.0000  -0.1429   0.2274    0.670
    30  -9.1324   3.0811   4.8570   1.0890   0.0206   0.3548   0.3538   0.0027   0.0000  -0.1430   0.2307    0.654
    31 -10.7137   2.9675   4.6778   1.0887   0.0195   0.3683   0.3673   0.0031   0.0000  -0.1429   0.2340    0.639
    32 -12.2755   2.8552   4.3901   1.0835   0.0205   0.3810   0.3799   0.0036   0.0000  -0.1428   0.2370    0.626
    33 -13.7793   2.7471   4.0132   1.0705   0.0229   0.3913   0.3901   0.0043   0.0000  -0.1425   0.2393    0.615
    34 -15.1883   2.6458   3.5672   1.0464   0.0269   0.3971   0.3960   0.0053   0.0000  -0.1420   0.2402    0.609
    35 -16.4675   2.5539   3.0708   1.0059   0.0328   0.3955   0.3944   0.0065   0.0000  -0.1409   0.2388    0.607
    36 -17.5856   2.4735   2.5402   0.9419   0.0417   0.3825   0.3814   0.0080   0.0000  -0.1387   0.2333    0.614
    37 -18.5151   2.4067   1.9884   0.8443   0.0553   0.3524   0.3514   0.0095   0.0000  -0.1336   0.2207    0.630
    38 -19.2329   2.3551   1.4251   0.6987   0.0765   0.2981   0.2973   0.0104   0.0000  -0.1214   0.1950    0.658
    39 -19.7216   2.3200   0.8564   0.4848   0.1103   0.2101   0.2095   0.0094   0.0000  -0.0934   0.1453    0.696
    40 -19.9689   2.3022   0.2856   0.1819   0.1555   0.0795   0.0792   0.0043   0.0000  -0.0383   0.0579    0.733

  Surface # 3     Second Wing2                            
     # Chordwise = 12   # Spanwise = 24     First strip = 41
     Surface area =   12.000000       Ave. chord =    2.000000
     CLsurf  =  -0.02223     Clsurf  =   0.00147
     CYsurf  =  -0.00000     Cmsurf  =   0.07660
     CDsurf  =  -0.00008     Cnsurf  =  -0.00006
     CDisurf =  -0.00008     CDvsurf =   0.00000

  Forces referred to Ssurf, Cave about hinge axis thru LE
     CLsurf  =  -0.22160     CDsurf  =  -0.00083
     Deflect =

 Strip Forces referred to Strip Area, Chord
    j      Yle    Chord     Area     c cl      ai      cl_norm  cl       cd       cdv    cm_c/4    cm_LE  C.P.x/c
    41   0.0064   2.0000   0.0513  -0.5268  -0.0099  -0.2637  -0.2637  -0.0017   0.0000  -0.0017   0.0641    0.243
    42   0.0576   2.0000   0.1531  -0.5268  -0.0099  -0.2637  -0.2637  -0.0017   0.0000  -0.0017   0.0641    0.243
    43   0.1592   2.0000   0.2523  -0.5268  -0.0098  -0.2636  -0.2636  -0.0017   0.0000  -0.0017   0.0641    0.243
    44   0.3094   2.0000   0.3471  -0.5265  -0.0099  -0.2635  -0.2635  -0.0017   0.0000  -0.0017   0.0641    0.243
    45   0.5056   2.0000   0.4360  -0.5260  -0.0097  -0.2633  -0.2633  -0.0017   0.0000  -0.0017   0.0640    0.243
    46   0.7445   2.0000   0.5175  -0.5250  -0.0100  -0.2627  -0.2627  -0.0017   0.0000  -0.0018   0.0639    0.243
    47   1.0220   2.0000   0.5901  -0.5233  -0.0107  -0.2619  -0.2619  -0.0016   0.0000  -0.0018   0.0636    0.243
    48   1.3333   2.0000   0.6526  -0.5207  -0.0104  -0.2606  -0.2606  -0.0016   0.0000  -0.0018   0.0633    0.243
    49   1.6731   2.0000   0.7039  -0.5169  -0.0110  -0.2587  -0.2587  -0.0015   0.0000  -0.0019   0.0627    0.243
    50   2.0357   2.0000   0.7432  -0.5117  -0.0109  -0.2561  -0.2561  -0.0014   0.0000  -0.0020   0.0620    0.242
    51   2.4147   2.0000   0.7698  -0.5045  -0.0118  -0.2525  -0.2525  -0.0013   0.0000  -0.0021   0.0610    0.242
    52   2.8038   2.0000   0.7832  -0.4950  -0.0148  -0.2477  -0.2477  -0.0011   0.0000  -0.0022   0.0597    0.241
    53   3.1962   2.0000   0.7832  -0.4824  -0.0123  -0.2414  -0.2414  -0.0009   0.0000  -0.0024   0.0579    0.240
    54   3.5853   2.0000   0.7698  -0.4655  -0.0118  -0.2329  -0.2329  -0.0007   0.0000  -0.0028   0.0554    0.238
    55   3.9643   2.0000   0.7432  -0.4423  -0.0032  -0.2213  -0.2213  -0.0005   0.0000  -0.0035   0.0518    0.234
    56   4.3269   2.0000   0.7039  -0.4142  -0.0232  -0.2073  -0.2073  -0.0003   0.0000  -0.0043   0.0475    0.229
    57   4.6667   2.0000   0.6526  -0.3835  -0.0223  -0.1919  -0.1919  -0.0000   0.0000  -0.0050   0.0430    0.224
    58   4.9780   2.0000   0.5901  -0.3493  -0.0238  -0.1747  -0.1747   0.0002   0.0000  -0.0056   0.0381    0.218
    59   5.2555   2.0000   0.5175  -0.3107  -0.0292  -0.1555  -0.1555   0.0003   0.0000  -0.0062   0.0326    0.210
    60   5.4944   2.0000   0.4360  -0.2663  -0.0269  -0.1332  -0.1332   0.0004   0.0000  -0.0066   0.0267    0.201
    61   5.6906   2.0000   0.3471  -0.2151  -0.0304  -0.1076  -0.1076   0.0005   0.0000  -0.0064   0.0205    0.191
    62   5.8408   2.0000   0.2523  -0.1580  -0.0319  -0.0790  -0.0790   0.0006   0.0000  -0.0055   0.0143    0.181
    63   5.9424   2.0000   0.1531  -0.0965  -0.0327  -0.0483  -0.0483   0.0005   0.0000  -0.0038   0.0083    0.172
    64   5.9936   2.0000   0.0513  -0.0325  -0.0332  -0.0162  -0.0162   0.0002   0.0000  -0.0014   0.0027    0.166

  Surface # 4     Second Wing2 (YDUP)                     
     # Chordwise = 12   # Spanwise = 24     First strip = 65
     Surface area =   12.000000       Ave. chord =    2.000000
     CLsurf  =  -0.02223     Clsurf  =  -0.00147
     CYsurf  =   0.00000     Cmsurf  =   0.07660
     CDsurf  =  -0.00008     Cnsurf  =   0.00006
     CDisurf =  -0.00008     CDvsurf =   0.00000

  Forces referred to Ssurf, Cave about hinge axis thru LE
     CLsurf  =  -0.22160     CDsurf  =  -0.00083
     Deflect =

 Strip Forces referred to Strip Area, Chord
    j      Yle    Chord     Area     c cl      ai      cl_norm  cl       cd       cdv    cm_c/4    cm_LE  C.P.x/c
    65  -0.0064   2.0000   0.0513  -0.5268  -0.0099  -0.2637  -0.2637  -0.0017   0.0000  -0.0017  -0.0641    0.243
    66  -0.0576   2.0000   0.1531  -0.5268  -0.0099  -0.2637  -0.2637  -0.0017   0.0000  -0.0017  -0.0641    0.243
    67  -0.1592   2.0000   0.2523  -0.5268  -0.0098  -0.2636  -0.2636  -0.0017   0.0000  -0.0017  -0.0641    0.243
    68  -0.3094   2.0000   0.3471  -0.5265  -0.0099  -0.2635  -0.2635  -0.0017   0.0000  -0.0017  -0.0641    0.243
    69  -0.5056   2.0000   0.4360  -0.5260  -0.0097  -0.2633  -0.2633  -0.0017   0.0000  -0.0017  -0.0640    0.243
    70  -0.7445   2.0000   0.5175  -0.5250  -0.0100  -0.2627  -0.2627  -0.0017   0.0000  -0.0018  -0.0639    0.243
    71  -1.0220   2.0000   0.5901  -0.5233  -0.0107  -0.2619  -0.2619  -0.0016   0.0000  -0.0018  -0.0636    0.243
    72  -1.3333   2.0000   0.6526  -0.5207  -0.0104  -0.2606  -0.2606  -0.0016   0.0000  -0.0018  -0.0633    0.243
    73  -1.6731   2.0000   0.7039  -0.5169  -0.0110  -0.2587  -0.2587  -0.0015   0.0000  -0.0019  -0.0627    0.243
    74  -2.0357   2.0000   0.7432  -0.5117  -0.0109  -0.2561  -0.2561  -0.0014   0.0000  -0.0020  -0.0620    0.242
    75  -2.4147   2.0000   0.7698  -0.5045  -0.0118  -0.2525  -0.2525  -0.0013   0.0000  -0.0021  -0.0610    0.242
    76  -2.8038   2.0000   0.7832  -0.4950  -0.0148  -0.2477  -0.2477  -0.0011   0.0000  -0.0022  -0.0597    0.241
    77  -3.1962   2.0000   0.7832  -0.4824  -0.0123  -0.2414  -0.2414  -0.0009   0.0000  -0.0024  -0.0579    0.240
    78  -3.5853   2.0000   0.7698  -0.4655  -0.0118  -0.2329  -0.2329  -0.0007   0.0000  -0.0028  -0.0554    0.238
    79  -3.9643   2.0000   0.7432  -0.4423  -0.0032  -0.2213  -0.2213  -0.0005   0.0000  -0.0035  -0.0518    0.234
    80  -4.3269   2.0000   0.7039  -0.4142  -0.0232  -0.2073  -0.2073  -0.0003   0.0000  -0.0043  -0.0475    0.229
    81  -4.6667   2.0000   0.6526  -0.3835  -0.0223  -0.1919  -0.1919  -0.0000   0.0000  -0.0050  -0.0430    0.224
    82  -4.9780   2.0000   0.5901  -0.3493  -0.0238  -0.1747  -0.1747   0.0002   0.0000  -0.0056  -0.0381    0.218
    83  -5.2555   2.0000   0.5175  -0.3107  -0.0292  -0.1555  -0.1555   0.0003   0.0000  -0.0062  -0.0326    0.210
    84  -5.4944   2.0000   0.4360  -0.2663  -0.0269  -0.1332  -0.1332   0.0004   0.0000  -0.0066  -0.0267    0.201
    85  -5.6906   2.0000   0.3471  -0.2151  -0.0304  -0.1076  -0.1076   0.0005   0.0000  -0.0064  -0.0205    0.191
    86  -5.8408   2.0000   0.2523  -0.1580  -0.0319  -0.0790  -0.0790   0.0006   0.0000  -0.0055  -0.0143    0.181
    87  -5.9424   2.0000   0.1531  -0.0965  -0.0327  -0.0483  -0.0483   0.0005   0.0000  -0.0038  -0.0083    0.172
    88  -5.9936   2.0000   0.0513  -0.0325  -0.0332  -0.0162  -0.0162   0.0002   0.0000  -0.0014  -0.0027    0.166

  Surface # 5     Fin                                     
     # Chordwise = 12   # Spanwise = 12     First strip = 89
     Surface area =    4.000000       Ave. chord =    1.600000
     CLsurf  =   0.00000     Clsurf  =   0.00002
     CYsurf  =   0.00072     Cmsurf  =  -0.00000
     CDsurf  =  -0.00000     Cnsurf  =  -0.00020
     CDisurf =  -0.00000     CDvsurf =   0.00000

  Forces referred to Ssurf, Cave about hinge axis thru LE
     CLsurf  =  -0.02151     CDsurf  =  -0.00008
     Deflect =

 Strip Forces referred to Strip Area, Chord
    j      Yle    Chord     Area     c cl      ai      cl_norm  cl       cd       cdv    cm_c/4    cm_LE  C.P.x/c
    89   4.0000   1.9966   0.0850  -0.0041   0.0203  -0.0022  -0.0021   0.0000   0.0000   0.0001   0.0006    0.320
    90   4.0000   1.9696   0.2459  -0.0135   0.0126  -0.0071  -0.0069  -0.0000   0.0000   0.0004   0.0020    0.313
    91   4.0000   1.9173   0.3809  -0.0248   0.0116  -0.0135  -0.0130  -0.0000   0.0000   0.0007   0.0036    0.303
    92   4.0000   1.8435   0.4773  -0.0358   0.0081  -0.0202  -0.0194  -0.0000   0.0000   0.0008   0.0052    0.292
    93   4.0000   1.7531   0.5285  -0.0432   0.0065  -0.0256  -0.0247  -0.0001   0.0000   0.0008   0.0064    0.282
    94   4.0000   1.6522   0.5345  -0.0460   0.0061  -0.0289  -0.0278  -0.0001   0.0000   0.0006   0.0070    0.273
    95   4.0000   1.5478   0.5007  -0.0445   0.0060  -0.0299  -0.0288  -0.0001   0.0000   0.0004   0.0070    0.264
    96   4.0000   1.4469   0.4362  -0.0399   0.0058  -0.0287  -0.0276  -0.0001   0.0000   0.0001   0.0064    0.254
    97   4.0000   1.3565   0.3512  -0.0331   0.0054  -0.0254  -0.0244  -0.0001   0.0000  -0.0002   0.0054    0.242
    98   4.0000   1.2827   0.2548  -0.0247   0.0049  -0.0201  -0.0193  -0.0001   0.0000  -0.0005   0.0040    0.226
    99   4.0000   1.2304   0.1537  -0.0153   0.0045  -0.0130  -0.0125  -0.0001   0.0000  -0.0005   0.0024    0.208
   100   4.0000   1.2034   0.0513  -0.0052   0.0042  -0.0045  -0.0043  -0.0000   0.0000  -0.0002   0.0008    0.195

  Surface # 6     Fin (YDUP)                              
     # Chordwise = 12   # Spanwise = 12     First strip =101
     Surface area =    4.000000       Ave. chord =    1.600000
     CLsurf  =   0.00000     Clsurf  =  -0.00002
     CYsurf  =  -0.00072     Cmsurf  =  -0.00000
     CDsurf  =  -0.00000     Cnsurf  =   0.00020
     CDisurf =  -0.00000     CDvsurf =   0.00000

  Forces referred to Ssurf, Cave about hinge axis thru LE
     CLsurf  =  -0.02151     CDsurf  =  -0.00008
     Deflect =

 Strip Forces referred to Strip Area, Chord
    j      Yle    Chord     Area     c cl      ai      cl_norm  cl       cd       cdv    cm_c/4    cm_LE  C.P.x/c
   101  -4.0000   1.9966   0.0850  -0.0041   0.0203  -0.0022  -0.0021   0.0000   0.0000   0.0001  -0.0006    0.320
   102  -4.0000   1.9696   0.2459  -0.0135   0.0126  -0.0071  -0.0069  -0.0000   0.0000   0.0004  -0.0020    0.313
   103  -4.0000   1.9173   0.3809  -0.0248   0.0116  -0.0135  -0.0130  -0.0000   0.0000   0.0007  -0.0036    0.303
   104  -4.0000   1.8435   0.4773  -0.0358   0.0081  -0.0202  -0.0194  -0.0000   0.0000   0.0008  -0.0052    0.292
   105  -4.0000   1.7531   0.5285  -0.0432   0.0065  -0.0256  -0.0247  -0.0001   0.0000   0.0008  -0.0064    0.282
   106  -4.0000   1.6522   0.5345  -0.0460   0.0061  -0.0289  -0.0278  -0.0001   0.0000   0.0006  -0.0070    0.273
   107  -4.0000   1.5478   0.5007  -0.0445   0.0060  -0.0299  -0.0288  -0.0001   0.0000   0.0004  -0.0070    0.264
   108  -4.0000   1.4469   0.4362  -0.0399   0.0058  -0.0287  -0.0276  -0.0001   0.0000   0.0001  -0.0064    0.254
   109  -4.0000   1.3565   0.3512  -0.0331   0.0054  -0.0254  -0.0244  -0.0001   0.0000  -0.0002  -0.0054    0.242
   110  -4.0000   1.2827   0.2548  -0.0247   0.0049  -0.0201  -0.0193  -0.0001   0.0000  -0.0005  -0.0040    0.226
   111  -4.0000   1.2304   0.1537  -0.0153   0.0045  -0.0130  -0.0125  -0.0001   0.0000  -0.0005  -0.0024    0.208
   112  -4.0000   1.2034   0.0513  -0.0052   0.0042  -0.0045  -0.0043  -0.0000   0.0000  -0.0002  -0.0008    0.195
 ---------------------------------------------------------------
