 ---------------------------------------------------------------
 Surface and Strip Forces by surface

  Forces referred to Sref, Cref, Bref about Xref, Yref, Zref
 Standard axis orientation,  X fwd, Z down         

  Surface # 1     FrontWing                               
     # Chordwise = 12   # Spanwise = 20     First strip =  1
     Surface area =   59.792652       Ave. chord =    2.989631
     CLsurf  =   0.12732     Clsurf  =  -0.03124
     CYsurf  =   0.00017     Cmsurf  =  -0.12064
     CDsurf  =   0.00113     Cnsurf  =   0.00208
     CDisurf =   0.00113     CDvsurf =   0.00000

  Forces referred to Ssurf, Cave about hinge axis thru LE
     CLsurf  =   0.25467     CDsurf  =   0.00226
     Deflect =

 Strip Forces referred to Strip Area, Chord
    j      Yle    Chord     Area     c cl      ai      cl_norm  cl       cd       cdv    cm_c/4    cm_LE  C.P.x/c
     1   0.0299   3.4500   0.4122   0.7471  -0.0176   0.2169   0.2169   0.0009   0.0000  -0.1426  -0.1967    0.907
     2   0.2681   3.4500   1.2263   0.7471  -0.0173   0.2169   0.2169   0.0009   0.0000  -0.1426  -0.1967    0.907
     3   0.7386   3.4500   2.0103   0.7473  -0.0179   0.2170   0.2170   0.0009   0.0000  -0.1426  -0.1967    0.907
     4   1.4299   3.4500   2.7448   0.7481  -0.0227   0.2172   0.2172   0.0009   0.0000  -0.1426  -0.1968    0.906
     5   2.3249   3.4500   3.4117   0.7499  -0.0147   0.2177   0.2177   0.0009   0.0000  -0.1425  -0.1969    0.905
     6   3.4016   3.4500   3.9946   0.7535   0.1426   0.2188   0.2188   0.0008   0.0000  -0.1423  -0.1969    0.901
     7   4.6579   3.4027   4.5877   0.7600  -0.0311   0.2244   0.2237   0.0009   0.0000  -0.1424  -0.1977    0.887
     8   6.0668   3.3014   4.8231   0.7703   0.2000   0.2344   0.2337   0.0011   0.0000  -0.1427  -0.2005    0.861
     9   7.5707   3.1934   4.9100   0.7825   0.0268   0.2462   0.2455   0.0013   0.0000  -0.1428  -0.2035    0.832
    10   9.1324   3.0811   4.8570   0.7952   0.0187   0.2593   0.2586   0.0015   0.0000  -0.1428  -0.2068    0.802
    11  10.7137   2.9675   4.6778   0.8065   0.0170   0.2731   0.2723   0.0019   0.0000  -0.1428  -0.2102    0.774
    12  12.2755   2.8552   4.3901   0.8142   0.0174   0.2865   0.2857   0.0022   0.0000  -0.1427  -0.2135    0.750
    13  13.7793   2.7471   4.0132   0.8157   0.0193   0.2984   0.2975   0.0028   0.0000  -0.1425  -0.2162    0.729
    14  15.1883   2.6458   3.5672   0.8079   0.0225   0.3069   0.3060   0.0035   0.0000  -0.1421  -0.2179    0.714
    15  16.4675   2.5539   3.0708   0.7867   0.0275   0.3096   0.3087   0.0044   0.0000  -0.1413  -0.2177    0.708
    16  17.5856   2.4735   2.5402   0.7463   0.0350   0.3033   0.3025   0.0054   0.0000  -0.1394  -0.2143    0.711
    17  18.5151   2.4067   1.9884   0.6786   0.0469   0.2836   0.2828   0.0066   0.0000  -0.1348  -0.2048    0.727
    18  19.2329   2.3551   1.4251   0.5711   0.0665   0.2440   0.2433   0.0075   0.0000  -0.1231  -0.1833    0.756
    19  19.7216   2.3200   0.8564   0.4038   0.0989   0.1752   0.1747   0.0070   0.0000  -0.0953  -0.1384    0.795
    20  19.9689   2.3022   0.2856   0.1541   0.1432   0.0674   0.0672   0.0035   0.0000  -0.0392  -0.0557    0.832

  Surface # 2     FrontWing (YDUP)                        
     # Chordwise = 12   # Spanwise = 20     First strip = 21
     Surface area =   59.792652       Ave. chord =    2.989631
     CLsurf  =   0.12732     Clsurf  =   0.03124
     CYsurf  =  -0.00017     Cmsurf  =  -0.12064
     CDsurf  =   0.00113     Cnsurf  =  -0.00208
     CDisurf =   0.00113     CDvsurf =   0.00000

  Forces referred to Ssurf, Cave about hinge axis thru LE
     CLsurf  =   0.25467     CDsurf  =   0.00226
     Deflect =

 Strip Forces referred to Strip Area, Chord
    j      Yle    Chord     Area     c cl      ai      cl_norm  cl       cd       cdv    cm_c/4    cm_LE  C.P.x/c
    21  -0.0299   3.4500   0.4122   0.7471  -0.0176   0.2169   0.2169   0.0009   0.0000  -0.1426   0.1967    0.907
    22  -0.2681   3.4500   1.2263   0.7471  -0.0173   0.2169   0.2169   0.0009   0.0000  -0.1426   0.1967    0.907
    23  -0.7386   3.4500   2.0103   0.7473  -0.0179   0.2170   0.2170   0.0009   0.0000  -0.1426   0.1967    0.907
    24  -1.4299   3.4500   2.7448   0.7481  -0.0227   0.2172   0.2172   0.0009   0.0000  -0.1426   0.1968    0.906
    25  -2.3249   3.4500   3.4117   0.7499  -0.0147   0.2177   0.2177   0.0009   0.0000  -0.1425   0.1969    0.905
    26  -3.4016   3.4500   3.9946   0.7535   0.1426   0.2188   0.2188   0.0008   0.0000  -0.1423   0.1969    0.901
    27  -4.6579   3.4027   4.5877   0.7600  -0.0311   0.2244   0.2237   0.0009   0.0000  -0.1424   0.1977    0.887
    28  -6.0668   3.3014   4.8231   0.7703   0.2000   0.2344   0.2337   0.0011   0.0000  -0.1427   0.2005    0.861
    29  -7.5707   3.1934   4.9100   0.7825   0.0268   0.2462   0.2455   0.0013   0.0000  -0.1428   0.2035    0.832
    30  -9.1324   3.0811   4.8570   0.7952   0.0187   0.2593   0.2586   0.0015   0.0000  -0.1428   0.2068    0.802
    31 -10.7137   2.9675   4.6778   0.8065   0.0170   0.2731   0.2723   0.0019   0.0000  -0.1428   0.2102    0.774
    32 -12.2755   2.8552   4.3901   0.8142   0.0174   0.2865   0.2857   0.0022   0.0000  -0.1427   0.2135    0.750
    33 -13.7793   2.7471   4.0132   0.8157   0.0193   0.2984   0.2975   0.0028   0.0000  -0.1425   0.2162    0.729
    34 -15.1883   2.6458   3.5672   0.8079   0.0225   0.3069   0.3060   0.0035   0.0000  -0.1421   0.2179    0.714
    35 -16.4675   2.5539   3.0708   0.7867   0.0275   0.3096   0.3087   0.0044   0.0000  -0.1413   0.2177    0.708
    36 -17.5856   2.4735   2.5402   0.7463   0.0350   0.3033   0.3025   0.0054   0.0000  -0.1394   0.2143    0.711
    37 -18.5151   2.4067   1.9884   0.6786   0.0469   0.2836   0.2828   0.0066   0.0000  -0.1348   0.2048    0.727
    38 -19.2329   2.3551   1.4251   0.5711   0.0665   0.2440   0.2433   0.0075   0.0000  -0.1231   0.1833    0.756
    39 -19.7216   2.3200   0.8564   0.4038   0.0989   0.1752   0.1747   0.0070   0.0000  -0.0953   0.1384    0.795
    40 -19.9689   2.3022   0.2856   0.1541   0.1432   0.0674   0.0672   0.0035   0.0000  -0.0392   0.0557    0.832

  Surface # 3     Second Wing2                            
     # Chordwise = 12   # Spanwise = 24     First strip = 41
     Surface area =   12.000000       Ave. chord =    2.000000
     CLsurf  =  -0.02732     Clsurf  =   0.00181
     CYsurf  =   0.00000     Cmsurf  =   0.09410
     CDsurf  =   0.00011     Cnsurf  =  -0.00009
     CDisurf =   0.00011     CDvsurf =   0.00000

  Forces referred to Ssurf, Cave about hinge axis thru LE
     CLsurf  =  -0.27229     CDsurf  =   0.00110
     Deflect =

 Strip Forces referred to Strip Area, Chord
    j      Yle    Chord     Area     c cl      ai      cl_norm  cl       cd       cdv    cm_c/4    cm_LE  C.P.x/c
    41   0.0064   2.0000   0.0513  -0.6460  -0.0178  -0.3234  -0.3234   0.0003   0.0000  -0.0018   0.0790    0.245
    42   0.0576   2.0000   0.1531  -0.6459  -0.0178  -0.3234  -0.3234   0.0003   0.0000  -0.0018   0.0790    0.245
    43   0.1592   2.0000   0.2523  -0.6459  -0.0177  -0.3234  -0.3234   0.0003   0.0000  -0.0018   0.0790    0.245
    44   0.3094   2.0000   0.3471  -0.6456  -0.0179  -0.3233  -0.3233   0.0003   0.0000  -0.0018   0.0789    0.245
    45   0.5056   2.0000   0.4360  -0.6450  -0.0173  -0.3229  -0.3229   0.0003   0.0000  -0.0018   0.0788    0.244
    46   0.7445   2.0000   0.5175  -0.6438  -0.0180  -0.3223  -0.3223   0.0003   0.0000  -0.0018   0.0787    0.244
    47   1.0220   2.0000   0.5901  -0.6418  -0.0199  -0.3213  -0.3213   0.0003   0.0000  -0.0018   0.0784    0.244
    48   1.3333   2.0000   0.6526  -0.6387  -0.0184  -0.3198  -0.3198   0.0004   0.0000  -0.0019   0.0779    0.244
    49   1.6731   2.0000   0.7039  -0.6342  -0.0196  -0.3176  -0.3176   0.0005   0.0000  -0.0020   0.0773    0.244
    50   2.0357   2.0000   0.7432  -0.6280  -0.0188  -0.3144  -0.3144   0.0006   0.0000  -0.0021   0.0764    0.243
    51   2.4147   2.0000   0.7698  -0.6196  -0.0204  -0.3102  -0.3102   0.0007   0.0000  -0.0022   0.0753    0.243
    52   2.8038   2.0000   0.7832  -0.6083  -0.0284  -0.3046  -0.3046   0.0009   0.0000  -0.0024   0.0737    0.242
    53   3.1962   2.0000   0.7832  -0.5933  -0.0210  -0.2970  -0.2970   0.0011   0.0000  -0.0026   0.0715    0.241
    54   3.5853   2.0000   0.7698  -0.5728  -0.0212  -0.2868  -0.2868   0.0014   0.0000  -0.0031   0.0685    0.239
    55   3.9643   2.0000   0.7432  -0.5443  -0.0180  -0.2725  -0.2725   0.0015   0.0000  -0.0040   0.0641    0.235
    56   4.3269   2.0000   0.7039  -0.5096  -0.0338  -0.2551  -0.2551   0.0017   0.0000  -0.0050   0.0587    0.230
    57   4.6667   2.0000   0.6526  -0.4721  -0.0338  -0.2363  -0.2363   0.0019   0.0000  -0.0058   0.0532    0.225
    58   4.9780   2.0000   0.5901  -0.4300  -0.0366  -0.2152  -0.2152   0.0021   0.0000  -0.0066   0.0472    0.219
    59   5.2555   2.0000   0.5175  -0.3820  -0.0465  -0.1912  -0.1912   0.0021   0.0000  -0.0073   0.0404    0.212
    60   5.4944   2.0000   0.4360  -0.3267  -0.0357  -0.1635  -0.1635   0.0021   0.0000  -0.0077   0.0331    0.203
    61   5.6906   2.0000   0.3471  -0.2635  -0.0416  -0.1318  -0.1318   0.0020   0.0000  -0.0075   0.0254    0.193
    62   5.8408   2.0000   0.2523  -0.1934  -0.0441  -0.0968  -0.0968   0.0017   0.0000  -0.0065   0.0177    0.183
    63   5.9424   2.0000   0.1531  -0.1182  -0.0456  -0.0591  -0.0591   0.0013   0.0000  -0.0045   0.0103    0.175
    64   5.9936   2.0000   0.0513  -0.0398  -0.0464  -0.0199  -0.0199   0.0005   0.0000  -0.0016   0.0034    0.169

  Surface # 4     Second Wing2 (YDUP)                     
     # Chordwise = 12   # Spanwise = 24     First strip = 65
     Surface area =   12.000000       Ave. chord =    2.000000
     CLsurf  =  -0.02732     Clsurf  =  -0.00181
     CYsurf  =   0.00000     Cmsurf  =   0.09410
     CDsurf  =   0.00011     Cnsurf  =   0.00009
     CDisurf =   0.00011     CDvsurf =   0.00000

  Forces referred to Ssurf, Cave about hinge axis thru LE
     CLsurf  =  -0.27229     CDsurf  =   0.00110
     Deflect =

 Strip Forces referred to Strip Area, Chord
    j      Yle    Chord     Area     c cl      ai      cl_norm  cl       cd       cdv    cm_c/4    cm_LE  C.P.x/c
    65  -0.0064   2.0000   0.0513  -0.6460  -0.0178  -0.3234  -0.3234   0.0003   0.0000  -0.0018  -0.0790    0.245
    66  -0.0576   2.0000   0.1531  -0.6459  -0.0178  -0.3234  -0.3234   0.0003   0.0000  -0.0018  -0.0790    0.245
    67  -0.1592   2.0000   0.2523  -0.6459  -0.0177  -0.3234  -0.3234   0.0003   0.0000  -0.0018  -0.0790    0.245
    68  -0.3094   2.0000   0.3471  -0.6456  -0.0179  -0.3233  -0.3233   0.0003   0.0000  -0.0018  -0.0789    0.245
    69  -0.5056   2.0000   0.4360  -0.6450  -0.0173  -0.3229  -0.3229   0.0003   0.0000  -0.0018  -0.0788    0.244
    70  -0.7445   2.0000   0.5175  -0.6438  -0.0180  -0.3223  -0.3223   0.0003   0.0000  -0.0018  -0.0787    0.244
    71  -1.0220   2.0000   0.5901  -0.6418  -0.0199  -0.3213  -0.3213   0.0003   0.0000  -0.0018  -0.0784    0.244
    72  -1.3333   2.0000   0.6526  -0.6387  -0.0184  -0.3198  -0.3198   0.0004   0.0000  -0.0019  -0.0779    0.244
    73  -1.6731   2.0000   0.7039  -0.6342  -0.0196  -0.3176  -0.3176   0.0005   0.0000  -0.0020  -0.0773    0.244
    74  -2.0357   2.0000   0.7432  -0.6280  -0.0188  -0.3144  -0.3144   0.0006   0.0000  -0.0021  -0.0764    0.243
    75  -2.4147   2.0000   0.7698  -0.6196  -0.0204  -0.3102  -0.3102   0.0007   0.0000  -0.0022  -0.0753    0.243
    76  -2.8038   2.0000   0.7832  -0.6083  -0.0284  -0.3046  -0.3046   0.0009   0.0000  -0.0024  -0.0737    0.242
    77  -3.1962   2.0000   0.7832  -0.5933  -0.0210  -0.2970  -0.2970   0.0011   0.0000  -0.0026  -0.0715    0.241
    78  -3.5853   2.0000   0.7698  -0.5728  -0.0212  -0.2868  -0.2868   0.0014   0.0000  -0.0031  -0.0685    0.239
    79  -3.9643   2.0000   0.7432  -0.5443  -0.0180  -0.2725  -0.2725   0.0015   0.0000  -0.0040  -0.0641    0.235
    80  -4.3269   2.0000   0.7039  -0.5096  -0.0338  -0.2551  -0.2551   0.0017   0.0000  -0.0050  -0.0587    0.230
    81  -4.6667   2.0000   0.6526  -0.4721  -0.0338  -0.2363  -0.2363   0.0019   0.0000  -0.0058  -0.0532    0.225
    82  -4.9780   2.0000   0.5901  -0.4300  -0.0366  -0.2152  -0.2152   0.0021   0.0000  -0.0066  -0.0472    0.219
    83  -5.2555   2.0000   0.5175  -0.3820  -0.0465  -0.1912  -0.1912   0.0021   0.0000  -0.0073  -0.0404    0.212
    84  -5.4944   2.0000   0.4360  -0.3267  -0.0357  -0.1635  -0.1635   0.0021   0.0000  -0.0077  -0.0331    0.203
    85  -5.6906   2.0000   0.3471  -0.2635  -0.0416  -0.1318  -0.1318   0.0020   0.0000  -0.0075  -0.0254    0.193
    86  -5.8408   2.0000   0.2523  -0.1934  -0.0441  -0.0968  -0.0968   0.0017   0.0000  -0.0065  -0.0177    0.183
    87  -5.9424   2.0000   0.1531  -0.1182  -0.0456  -0.0591  -0.0591   0.0013   0.0000  -0.0045  -0.0103    0.175
    88  -5.9936   2.0000   0.0513  -0.0398  -0.0464  -0.0199  -0.0199   0.0005   0.0000  -0.0016  -0.0034    0.169

  Surface # 5     Fin                                     
     # Chordwise = 12   # Spanwise = 12     First strip = 89
     Surface area =    4.000000       Ave. chord =    1.600000
     CLsurf  =   0.00000     Clsurf  =   0.00003
     CYsurf  =   0.00089     Cmsurf  =  -0.00001
     CDsurf  =  -0.00000     Cnsurf  =  -0.00024
     CDisurf =  -0.00000     CDvsurf =   0.00000

  Forces referred to Ssurf, Cave about hinge axis thru LE
     CLsurf  =  -0.02663     CDsurf  =  -0.00013
     Deflect =

 Strip Forces referred to Strip Area, Chord
    j      Yle    Chord     Area     c cl      ai      cl_norm  cl       cd       cdv    cm_c/4    cm_LE  C.P.x/c
    89   4.0000   1.9966   0.0850  -0.0051   0.0512  -0.0026  -0.0025   0.0000   0.0000   0.0002   0.0007    0.322
    90   4.0000   1.9696   0.2459  -0.0165   0.0187  -0.0087  -0.0084  -0.0000   0.0000   0.0006   0.0024    0.316
    91   4.0000   1.9173   0.3809  -0.0302   0.0158  -0.0163  -0.0157  -0.0000   0.0000   0.0009   0.0044    0.305
    92   4.0000   1.8435   0.4773  -0.0435   0.0110  -0.0244  -0.0236  -0.0001   0.0000   0.0010   0.0063    0.294
    93   4.0000   1.7531   0.5285  -0.0529   0.0089  -0.0312  -0.0302  -0.0001   0.0000   0.0010   0.0078    0.283
    94   4.0000   1.6522   0.5345  -0.0567   0.0082  -0.0355  -0.0343  -0.0002   0.0000   0.0008   0.0085    0.273
    95   4.0000   1.5478   0.5007  -0.0554   0.0079  -0.0370  -0.0358  -0.0002   0.0000   0.0005   0.0085    0.264
    96   4.0000   1.4469   0.4362  -0.0500   0.0075  -0.0357  -0.0345  -0.0002   0.0000   0.0001   0.0079    0.253
    97   4.0000   1.3565   0.3512  -0.0417   0.0069  -0.0317  -0.0307  -0.0002   0.0000  -0.0003   0.0066    0.240
    98   4.0000   1.2827   0.2548  -0.0313   0.0063  -0.0252  -0.0244  -0.0001   0.0000  -0.0006   0.0049    0.224
    99   4.0000   1.2304   0.1537  -0.0194   0.0058  -0.0163  -0.0158  -0.0001   0.0000  -0.0007   0.0029    0.206
   100   4.0000   1.2034   0.0513  -0.0066   0.0054  -0.0057  -0.0055  -0.0000   0.0000  -0.0003   0.0009    0.192

  Surface # 6     Fin (YDUP)                              
     # Chordwise = 12   # Spanwise = 12     First strip =101
     Surface area =    4.000000       Ave. chord =    1.600000
     CLsurf  =   0.00000     Clsurf  =  -0.00003
     CYsurf  =  -0.00089     Cmsurf  =  -0.00001
     CDsurf  =  -0.00000     Cnsurf  =   0.00024
     CDisurf =  -0.00000     CDvsurf =   0.00000

  Forces referred to Ssurf, Cave about hinge axis thru LE
     CLsurf  =  -0.02663     CDsurf  =  -0.00013
     Deflect =

 Strip Forces referred to Strip Area, Chord
    j      Yle    Chord     Area     c cl      ai      cl_norm  cl       cd       cdv    cm_c/4    cm_LE  C.P.x/c
   101  -4.0000   1.9966   0.0850  -0.0051   0.0512  -0.0026  -0.0025   0.0000   0.0000   0.0002  -0.0007    0.322
   102  -4.0000   1.9696   0.2459  -0.0165   0.0187  -0.0087  -0.0084  -0.0000   0.0000   0.0006  -0.0024    0.316
   103  -4.0000   1.9173   0.3809  -0.0302   0.0158  -0.0163  -0.0157  -0.0000   0.0000   0.0009  -0.0044    0.305
   104  -4.0000   1.8435   0.4773  -0.0435   0.0110  -0.0244  -0.0236  -0.0001   0.0000   0.0010  -0.0063    0.294
   105  -4.0000   1.7531   0.5285  -0.0529   0.0089  -0.0312  -0.0302  -0.0001   0.0000   0.0010  -0.0078    0.283
   106  -4.0000   1.6522   0.5345  -0.0567   0.0082  -0.0355  -0.0343  -0.0002   0.0000   0.0008  -0.0085    0.273
   107  -4.0000   1.5478   0.5007  -0.0554   0.0079  -0.0370  -0.0358  -0.0002   0.0000   0.0005  -0.0085    0.264
   108  -4.0000   1.4469   0.4362  -0.0500   0.0075  -0.0357  -0.0345  -0.0002   0.0000   0.0001  -0.0079    0.253
   109  -4.0000   1.3565   0.3512  -0.0417   0.0069  -0.0317  -0.0307  -0.0002   0.0000  -0.0003  -0.0066    0.240
   110  -4.0000   1.2827   0.2548  -0.0313   0.0063  -0.0252  -0.0244  -0.0001   0.0000  -0.0006  -0.0049    0.224
   111  -4.0000   1.2304   0.1537  -0.0194   0.0058  -0.0163  -0.0158  -0.0001   0.0000  -0.0007  -0.0029    0.206
   112  -4.0000   1.2034   0.0513  -0.0066   0.0054  -0.0057  -0.0055  -0.0000   0.0000  -0.0003  -0.0009    0.192
 ---------------------------------------------------------------
