 ---------------------------------------------------------------
 Surface and Strip Forces by surface

  Forces referred to Sref, Cref, Bref about Xref, Yref, Zref
 Standard axis orientation,  X fwd, Z down         

  Surface # 1     FrontWing                               
     # Chordwise = 12   # Spanwise = 20     First strip =  1
     Surface area =   59.792652       Ave. chord =    2.989631
     CLsurf  =   0.30686     Clsurf  =  -0.07093
     CYsurf  =   0.00054     Cmsurf  =  -0.18843
     CDsurf  =   0.00497     Cnsurf  =   0.00051
     CDisurf =   0.00497     CDvsurf =   0.00000

  Forces referred to Ssurf, Cave about hinge axis thru LE
     CLsurf  =   0.61380     CDsurf  =   0.00995
     Deflect =

 Strip Forces referred to Strip Area, Chord
    j      Yle    Chord     Area     c cl      ai      cl_norm  cl       cd       cdv    cm_c/4    cm_LE  C.P.x/c
     1   0.0299   3.4500   0.4122   2.0538   0.0142   0.5953   0.5953   0.0065   0.0000  -0.1428  -0.2916    0.490
     2   0.2681   3.4500   1.2263   2.0538   0.0143   0.5953   0.5953   0.0065   0.0000  -0.1428  -0.2916    0.490
     3   0.7386   3.4500   2.0103   2.0534   0.0141   0.5952   0.5952   0.0065   0.0000  -0.1428  -0.2916    0.490
     4   1.4299   3.4500   2.7448   2.0521   0.0124   0.5948   0.5948   0.0066   0.0000  -0.1428  -0.2915    0.490
     5   2.3249   3.4500   3.4117   2.0491   0.0160   0.5939   0.5939   0.0067   0.0000  -0.1428  -0.2913    0.491
     6   3.4016   3.4500   3.9946   2.0433   0.0634   0.5922   0.5922   0.0068   0.0000  -0.1429  -0.2910    0.491
     7   4.6579   3.4027   4.5877   2.0334   0.0128   0.5993   0.5975   0.0070   0.0000  -0.1430  -0.2916    0.489
     8   6.0668   3.3014   4.8231   2.0184   0.0714   0.6131   0.6113   0.0072   0.0000  -0.1429  -0.2950    0.484
     9   7.5707   3.1934   4.9100   1.9974   0.0272   0.6273   0.6255   0.0074   0.0000  -0.1429  -0.2985    0.478
    10   9.1324   3.0811   4.8570   1.9700   0.0261   0.6412   0.6393   0.0079   0.0000  -0.1428  -0.3019    0.473
    11  10.7137   2.9675   4.6778   1.9350   0.0272   0.6539   0.6520   0.0086   0.0000  -0.1427  -0.3050    0.469
    12  12.2755   2.8552   4.3901   1.8908   0.0298   0.6641   0.6622   0.0097   0.0000  -0.1425  -0.3072    0.465
    13  13.7793   2.7471   4.0132   1.8344   0.0339   0.6696   0.6677   0.0111   0.0000  -0.1420  -0.3081    0.463
    14  15.1883   2.6458   3.5672   1.7609   0.0400   0.6674   0.6654   0.0131   0.0000  -0.1411  -0.3067    0.462
    15  16.4675   2.5539   3.0708   1.6626   0.0489   0.6527   0.6508   0.0156   0.0000  -0.1394  -0.3013    0.464
    16  17.5856   2.4735   2.5402   1.5277   0.0618   0.6192   0.6174   0.0186   0.0000  -0.1360  -0.2897    0.470
    17  18.5151   2.4067   1.9884   1.3403   0.0802   0.5583   0.5567   0.0213   0.0000  -0.1294  -0.2679    0.482
    18  19.2329   2.3551   1.4251   1.0804   0.1064   0.4598   0.4585   0.0222   0.0000  -0.1156  -0.2297    0.502
    19  19.7216   2.3200   0.8564   0.7269   0.1443   0.3140   0.3131   0.0188   0.0000  -0.0875  -0.1654    0.530
    20  19.9689   2.3022   0.2856   0.2651   0.1921   0.1154   0.1151   0.0079   0.0000  -0.0356  -0.0642    0.559

  Surface # 2     FrontWing (YDUP)                        
     # Chordwise = 12   # Spanwise = 20     First strip = 21
     Surface area =   59.792652       Ave. chord =    2.989631
     CLsurf  =   0.30686     Clsurf  =   0.07093
     CYsurf  =  -0.00054     Cmsurf  =  -0.18843
     CDsurf  =   0.00497     Cnsurf  =  -0.00051
     CDisurf =   0.00497     CDvsurf =   0.00000

  Forces referred to Ssurf, Cave about hinge axis thru LE
     CLsurf  =   0.61380     CDsurf  =   0.00995
     Deflect =

 Strip Forces referred to Strip Area, Chord
    j      Yle    Chord     Area     c cl      ai      cl_norm  cl       cd       cdv    cm_c/4    cm_LE  C.P.x/c
    21  -0.0299   3.4500   0.4122   2.0538   0.0142   0.5953   0.5953   0.0065   0.0000  -0.1428   0.2916    0.490
    22  -0.2681   3.4500   1.2263   2.0538   0.0143   0.5953   0.5953   0.0065   0.0000  -0.1428   0.2916    0.490
    23  -0.7386   3.4500   2.0103   2.0534   0.0141   0.5952   0.5952   0.0065   0.0000  -0.1428   0.2916    0.490
    24  -1.4299   3.4500   2.7448   2.0521   0.0124   0.5948   0.5948   0.0066   0.0000  -0.1428   0.2915    0.490
    25  -2.3249   3.4500   3.4117   2.0491   0.0160   0.5939   0.5939   0.0067   0.0000  -0.1428   0.2913    0.491
    26  -3.4016   3.4500   3.9946   2.0433   0.0634   0.5922   0.5922   0.0068   0.0000  -0.1429   0.2910    0.491
    27  -4.6579   3.4027   4.5877   2.0334   0.0128   0.5993   0.5975   0.0070   0.0000  -0.1430   0.2916    0.489
    28  -6.0668   3.3014   4.8231   2.0184   0.0714   0.6131   0.6113   0.0072   0.0000  -0.1429   0.2950    0.484
    29  -7.5707   3.1934   4.9100   1.9974   0.0272   0.6273   0.6255   0.0074   0.0000  -0.1429   0.2985    0.478
    30  -9.1324   3.0811   4.8570   1.9700   0.0261   0.6412   0.6393   0.0079   0.0000  -0.1428   0.3019    0.473
    31 -10.7137   2.9675   4.6778   1.9350   0.0272   0.6539   0.6520   0.0086   0.0000  -0.1427   0.3050    0.469
    32 -12.2755   2.8552   4.3901   1.8908   0.0298   0.6641   0.6622   0.0097   0.0000  -0.1425   0.3072    0.465
    33 -13.7793   2.7471   4.0132   1.8344   0.0339   0.6696   0.6677   0.0111   0.0000  -0.1420   0.3081    0.463
    34 -15.1883   2.6458   3.5672   1.7609   0.0400   0.6674   0.6654   0.0131   0.0000  -0.1411   0.3067    0.462
    35 -16.4675   2.5539   3.0708   1.6626   0.0489   0.6527   0.6508   0.0156   0.0000  -0.1394   0.3013    0.464
    36 -17.5856   2.4735   2.5402   1.5277   0.0618   0.6192   0.6174   0.0186   0.0000  -0.1360   0.2897    0.470
    37 -18.5151   2.4067   1.9884   1.3403   0.0802   0.5583   0.5567   0.0213   0.0000  -0.1294   0.2679    0.482
    38 -19.2329   2.3551   1.4251   1.0804   0.1064   0.4598   0.4585   0.0222   0.0000  -0.1156   0.2297    0.502
    39 -19.7216   2.3200   0.8564   0.7269   0.1443   0.3140   0.3131   0.0188   0.0000  -0.0875   0.1654    0.530
    40 -19.9689   2.3022   0.2856   0.2651   0.1921   0.1154   0.1151   0.0079   0.0000  -0.0356   0.0642    0.559

  Surface # 3     Second Wing2                            
     # Chordwise = 12   # Spanwise = 24     First strip = 41
     Surface area =   12.000000       Ave. chord =    2.000000
     CLsurf  =  -0.00686     Clsurf  =   0.00045
     CYsurf  =  -0.00000     Cmsurf  =   0.02360
     CDsurf  =  -0.00019     Cnsurf  =  -0.00001
     CDisurf =  -0.00019     CDvsurf =   0.00000

  Forces referred to Ssurf, Cave about hinge axis thru LE
     CLsurf  =  -0.06839     CDsurf  =  -0.00186
     Deflect =

 Strip Forces referred to Strip Area, Chord
    j      Yle    Chord     Area     c cl      ai      cl_norm  cl       cd       cdv    cm_c/4    cm_LE  C.P.x/c
    41   0.0064   2.0000   0.0513  -0.1661   0.0141  -0.0830  -0.0830  -0.0023   0.0000  -0.0016   0.0192    0.231
    42   0.0576   2.0000   0.1531  -0.1661   0.0141  -0.0830  -0.0830  -0.0023   0.0000  -0.0016   0.0192    0.231
    43   0.1592   2.0000   0.2523  -0.1661   0.0139  -0.0830  -0.0830  -0.0023   0.0000  -0.0016   0.0192    0.231
    44   0.3094   2.0000   0.3471  -0.1660   0.0141  -0.0830  -0.0830  -0.0023   0.0000  -0.0016   0.0191    0.231
    45   0.5056   2.0000   0.4360  -0.1658   0.0130  -0.0829  -0.0829  -0.0023   0.0000  -0.0016   0.0191    0.231
    46   0.7445   2.0000   0.5175  -0.1653   0.0140  -0.0826  -0.0826  -0.0023   0.0000  -0.0016   0.0190    0.230
    47   1.0220   2.0000   0.5901  -0.1646   0.0168  -0.0823  -0.0823  -0.0023   0.0000  -0.0016   0.0189    0.230
    48   1.3333   2.0000   0.6526  -0.1634   0.0137  -0.0817  -0.0817  -0.0023   0.0000  -0.0016   0.0188    0.230
    49   1.6731   2.0000   0.7039  -0.1617   0.0149  -0.0808  -0.0808  -0.0023   0.0000  -0.0017   0.0186    0.230
    50   2.0357   2.0000   0.7432  -0.1593   0.0127  -0.0796  -0.0796  -0.0022   0.0000  -0.0017   0.0182    0.229
    51   2.4147   2.0000   0.7698  -0.1561   0.0143  -0.0780  -0.0780  -0.0022   0.0000  -0.0017   0.0178    0.229
    52   2.8038   2.0000   0.7832  -0.1518   0.0259  -0.0759  -0.0759  -0.0021   0.0000  -0.0017   0.0173    0.228
    53   3.1962   2.0000   0.7832  -0.1464   0.0138  -0.0732  -0.0732  -0.0020   0.0000  -0.0017   0.0166    0.227
    54   3.5853   2.0000   0.7698  -0.1403   0.0166  -0.0701  -0.0701  -0.0018   0.0000  -0.0017   0.0158    0.225
    55   3.9643   2.0000   0.7432  -0.1337   0.0412  -0.0668  -0.0668  -0.0018   0.0000  -0.0020   0.0147    0.220
    56   4.3269   2.0000   0.7039  -0.1257   0.0086  -0.0628  -0.0628  -0.0017   0.0000  -0.0023   0.0134    0.214
    57   4.6667   2.0000   0.6526  -0.1157   0.0122  -0.0578  -0.0578  -0.0015   0.0000  -0.0024   0.0121    0.209
    58   4.9780   2.0000   0.5901  -0.1052   0.0149  -0.0526  -0.0526  -0.0013   0.0000  -0.0025   0.0106    0.202
    59   5.2555   2.0000   0.5175  -0.0952   0.0231  -0.0476  -0.0476  -0.0012   0.0000  -0.0028   0.0091    0.191
    60   5.4944   2.0000   0.4360  -0.0836  -0.0004  -0.0418  -0.0418  -0.0011   0.0000  -0.0030   0.0074    0.177
    61   5.6906   2.0000   0.3471  -0.0686   0.0035  -0.0343  -0.0343  -0.0009   0.0000  -0.0029   0.0056    0.164
    62   5.8408   2.0000   0.2523  -0.0506   0.0049  -0.0253  -0.0253  -0.0006   0.0000  -0.0025   0.0039    0.152
    63   5.9424   2.0000   0.1531  -0.0309   0.0059  -0.0155  -0.0155  -0.0004   0.0000  -0.0017   0.0022    0.142
    64   5.9936   2.0000   0.0513  -0.0104   0.0064  -0.0052  -0.0052  -0.0001   0.0000  -0.0006   0.0007    0.136

  Surface # 4     Second Wing2 (YDUP)                     
     # Chordwise = 12   # Spanwise = 24     First strip = 65
     Surface area =   12.000000       Ave. chord =    2.000000
     CLsurf  =  -0.00686     Clsurf  =  -0.00045
     CYsurf  =   0.00000     Cmsurf  =   0.02360
     CDsurf  =  -0.00019     Cnsurf  =   0.00001
     CDisurf =  -0.00019     CDvsurf =   0.00000

  Forces referred to Ssurf, Cave about hinge axis thru LE
     CLsurf  =  -0.06839     CDsurf  =  -0.00186
     Deflect =

 Strip Forces referred to Strip Area, Chord
    j      Yle    Chord     Area     c cl      ai      cl_norm  cl       cd       cdv    cm_c/4    cm_LE  C.P.x/c
    65  -0.0064   2.0000   0.0513  -0.1661   0.0141  -0.0830  -0.0830  -0.0023   0.0000  -0.0016  -0.0192    0.231
    66  -0.0576   2.0000   0.1531  -0.1661   0.0141  -0.0830  -0.0830  -0.0023   0.0000  -0.0016  -0.0192    0.231
    67  -0.1592   2.0000   0.2523  -0.1661   0.0139  -0.0830  -0.0830  -0.0023   0.0000  -0.0016  -0.0192    0.231
    68  -0.3094   2.0000   0.3471  -0.1660   0.0141  -0.0830  -0.0830  -0.0023   0.0000  -0.0016  -0.0191    0.231
    69  -0.5056   2.0000   0.4360  -0.1658   0.0130  -0.0829  -0.0829  -0.0023   0.0000  -0.0016  -0.0191    0.231
    70  -0.7445   2.0000   0.5175  -0.1653   0.0140  -0.0826  -0.0826  -0.0023   0.0000  -0.0016  -0.0190    0.230
    71  -1.0220   2.0000   0.5901  -0.1646   0.0168  -0.0823  -0.0823  -0.0023   0.0000  -0.0016  -0.0189    0.230
    72  -1.3333   2.0000   0.6526  -0.1634   0.0137  -0.0817  -0.0817  -0.0023   0.0000  -0.0016  -0.0188    0.230
    73  -1.6731   2.0000   0.7039  -0.1617   0.0149  -0.0808  -0.0808  -0.0023   0.0000  -0.0017  -0.0186    0.230
    74  -2.0357   2.0000   0.7432  -0.1593   0.0127  -0.0796  -0.0796  -0.0022   0.0000  -0.0017  -0.0182    0.229
    75  -2.4147   2.0000   0.7698  -0.1561   0.0143  -0.0780  -0.0780  -0.0022   0.0000  -0.0017  -0.0178    0.229
    76  -2.8038   2.0000   0.7832  -0.1518   0.0259  -0.0759  -0.0759  -0.0021   0.0000  -0.0017  -0.0173    0.228
    77  -3.1962   2.0000   0.7832  -0.1464   0.0138  -0.0732  -0.0732  -0.0020   0.0000  -0.0017  -0.0166    0.227
    78  -3.5853   2.0000   0.7698  -0.1403   0.0166  -0.0701  -0.0701  -0.0018   0.0000  -0.0017  -0.0158    0.225
    79  -3.9643   2.0000   0.7432  -0.1337   0.0412  -0.0668  -0.0668  -0.0018   0.0000  -0.0020  -0.0147    0.220
    80  -4.3269   2.0000   0.7039  -0.1257   0.0086  -0.0628  -0.0628  -0.0017   0.0000  -0.0023  -0.0134    0.214
    81  -4.6667   2.0000   0.6526  -0.1157   0.0122  -0.0578  -0.0578  -0.0015   0.0000  -0.0024  -0.0121    0.209
    82  -4.9780   2.0000   0.5901  -0.1052   0.0149  -0.0526  -0.0526  -0.0013   0.0000  -0.0025  -0.0106    0.202
    83  -5.2555   2.0000   0.5175  -0.0952   0.0231  -0.0476  -0.0476  -0.0012   0.0000  -0.0028  -0.0091    0.191
    84  -5.4944   2.0000   0.4360  -0.0836  -0.0004  -0.0418  -0.0418  -0.0011   0.0000  -0.0030  -0.0074    0.177
    85  -5.6906   2.0000   0.3471  -0.0686   0.0035  -0.0343  -0.0343  -0.0009   0.0000  -0.0029  -0.0056    0.164
    86  -5.8408   2.0000   0.2523  -0.0506   0.0049  -0.0253  -0.0253  -0.0006   0.0000  -0.0025  -0.0039    0.152
    87  -5.9424   2.0000   0.1531  -0.0309   0.0059  -0.0155  -0.0155  -0.0004   0.0000  -0.0017  -0.0022    0.142
    88  -5.9936   2.0000   0.0513  -0.0104   0.0064  -0.0052  -0.0052  -0.0001   0.0000  -0.0006  -0.0007    0.136

  Surface # 5     Fin                                     
     # Chordwise = 12   # Spanwise = 12     First strip = 89
     Surface area =    4.000000       Ave. chord =    1.600000
     CLsurf  =   0.00000     Clsurf  =   0.00001
     CYsurf  =   0.00019     Cmsurf  =  -0.00000
     CDsurf  =  -0.00000     Cnsurf  =  -0.00005
     CDisurf =  -0.00000     CDvsurf =   0.00000

  Forces referred to Ssurf, Cave about hinge axis thru LE
     CLsurf  =  -0.00563     CDsurf  =  -0.00000
     Deflect =

 Strip Forces referred to Strip Area, Chord
    j      Yle    Chord     Area     c cl      ai      cl_norm  cl       cd       cdv    cm_c/4    cm_LE  C.P.x/c
    89   4.0000   1.9966   0.0850  -0.0013  -0.0729  -0.0007  -0.0007   0.0000   0.0000   0.0000   0.0002    0.300
    90   4.0000   1.9696   0.2459  -0.0044  -0.0058  -0.0024  -0.0023  -0.0000   0.0000   0.0001   0.0006    0.290
    91   4.0000   1.9173   0.3809  -0.0082  -0.0011  -0.0046  -0.0043  -0.0000   0.0000   0.0001   0.0011    0.277
    92   4.0000   1.8435   0.4773  -0.0116  -0.0009  -0.0067  -0.0063  -0.0000   0.0000   0.0001   0.0016    0.271
    93   4.0000   1.7531   0.5285  -0.0131  -0.0006  -0.0079  -0.0075  -0.0000   0.0000   0.0002   0.0019    0.271
    94   4.0000   1.6522   0.5345  -0.0126  -0.0001  -0.0081  -0.0077  -0.0000   0.0000   0.0002   0.0020    0.274
    95   4.0000   1.5478   0.5007  -0.0110   0.0004  -0.0076  -0.0071  -0.0000   0.0000   0.0002   0.0019    0.277
    96   4.0000   1.4469   0.4362  -0.0089   0.0006  -0.0065  -0.0061  -0.0000   0.0000   0.0002   0.0016    0.278
    97   4.0000   1.3565   0.3512  -0.0066   0.0007  -0.0052  -0.0049  -0.0000   0.0000   0.0001   0.0013    0.277
    98   4.0000   1.2827   0.2548  -0.0046   0.0007  -0.0038  -0.0036  -0.0000   0.0000   0.0001   0.0009    0.273
    99   4.0000   1.2304   0.1537  -0.0027   0.0006  -0.0023  -0.0022  -0.0000   0.0000   0.0000   0.0006    0.268
   100   4.0000   1.2034   0.0513  -0.0009   0.0006  -0.0008  -0.0007  -0.0000   0.0000   0.0000   0.0002    0.264

  Surface # 6     Fin (YDUP)                              
     # Chordwise = 12   # Spanwise = 12     First strip =101
     Surface area =    4.000000       Ave. chord =    1.600000
     CLsurf  =   0.00000     Clsurf  =  -0.00001
     CYsurf  =  -0.00019     Cmsurf  =  -0.00000
     CDsurf  =  -0.00000     Cnsurf  =   0.00005
     CDisurf =  -0.00000     CDvsurf =   0.00000

  Forces referred to Ssurf, Cave about hinge axis thru LE
     CLsurf  =  -0.00563     CDsurf  =  -0.00000
     Deflect =

 Strip Forces referred to Strip Area, Chord
    j      Yle    Chord     Area     c cl      ai      cl_norm  cl       cd       cdv    cm_c/4    cm_LE  C.P.x/c
   101  -4.0000   1.9966   0.0850  -0.0013  -0.0729  -0.0007  -0.0007   0.0000   0.0000   0.0000  -0.0002    0.300
   102  -4.0000   1.9696   0.2459  -0.0044  -0.0058  -0.0024  -0.0023  -0.0000   0.0000   0.0001  -0.0006    0.290
   103  -4.0000   1.9173   0.3809  -0.0082  -0.0011  -0.0046  -0.0043  -0.0000   0.0000   0.0001  -0.0011    0.277
   104  -4.0000   1.8435   0.4773  -0.0116  -0.0009  -0.0067  -0.0063  -0.0000   0.0000   0.0001  -0.0016    0.271
   105  -4.0000   1.7531   0.5285  -0.0131  -0.0006  -0.0079  -0.0075  -0.0000   0.0000   0.0002  -0.0019    0.271
   106  -4.0000   1.6522   0.5345  -0.0126  -0.0001  -0.0081  -0.0077  -0.0000   0.0000   0.0002  -0.0020    0.274
   107  -4.0000   1.5478   0.5007  -0.0110   0.0004  -0.0076  -0.0071  -0.0000   0.0000   0.0002  -0.0019    0.277
   108  -4.0000   1.4469   0.4362  -0.0089   0.0006  -0.0065  -0.0061  -0.0000   0.0000   0.0002  -0.0016    0.278
   109  -4.0000   1.3565   0.3512  -0.0066   0.0007  -0.0052  -0.0049  -0.0000   0.0000   0.0001  -0.0013    0.277
   110  -4.0000   1.2827   0.2548  -0.0046   0.0007  -0.0038  -0.0036  -0.0000   0.0000   0.0001  -0.0009    0.273
   111  -4.0000   1.2304   0.1537  -0.0027   0.0006  -0.0023  -0.0022  -0.0000   0.0000   0.0000  -0.0006    0.268
   112  -4.0000   1.2034   0.0513  -0.0009   0.0006  -0.0008  -0.0007  -0.0000   0.0000   0.0000  -0.0002    0.264
 ---------------------------------------------------------------
