 ---------------------------------------------------------------
 Surface and Strip Forces by surface

  Forces referred to Sref, Cref, Bref about Xref, Yref, Zref
 Standard axis orientation,  X fwd, Z down         

  Surface # 1     FrontWing                               
     # Chordwise = 12   # Spanwise = 20     First strip =  1
     Surface area =   59.792652       Ave. chord =    2.989631
     CLsurf  =   0.44137     Clsurf  =  -0.10053
     CYsurf  =   0.00091     Cmsurf  =  -0.23853
     CDsurf  =   0.00974     Cnsurf  =  -0.00377
     CDisurf =   0.00974     CDvsurf =   0.00000

  Forces referred to Ssurf, Cave about hinge axis thru LE
     CLsurf  =   0.88286     CDsurf  =   0.01948
     Deflect =

 Strip Forces referred to Strip Area, Chord
    j      Yle    Chord     Area     c cl      ai      cl_norm  cl       cd       cdv    cm_c/4    cm_LE  C.P.x/c
     1   0.0299   3.4500   0.4122   3.0301   0.0381   0.8792   0.8792   0.0143   0.0000  -0.1421  -0.3617    0.412
     2   0.2681   3.4500   1.2263   3.0300   0.0381   0.8791   0.8791   0.0143   0.0000  -0.1421  -0.3617    0.412
     3   0.7386   3.4500   2.0103   3.0291   0.0383   0.8789   0.8789   0.0144   0.0000  -0.1421  -0.3616    0.412
     4   1.4299   3.4500   2.7448   3.0262   0.0390   0.8780   0.8780   0.0145   0.0000  -0.1421  -0.3614    0.412
     5   2.3249   3.4500   3.4117   3.0195   0.0393   0.8761   0.8761   0.0147   0.0000  -0.1422  -0.3610    0.412
     6   3.4016   3.4500   3.9946   3.0066   0.0032   0.8723   0.8723   0.0154   0.0000  -0.1425  -0.3604    0.413
     7   4.6579   3.4027   4.5877   2.9845   0.0461   0.8804   0.8779   0.0156   0.0000  -0.1425  -0.3609    0.412
     8   6.0668   3.3014   4.8231   2.9504  -0.0262   0.8971   0.8945   0.0154   0.0000  -0.1422  -0.3647    0.409
     9   7.5707   3.1934   4.9100   2.9045   0.0275   0.9131   0.9104   0.0153   0.0000  -0.1421  -0.3685    0.406
    10   9.1324   3.0811   4.8570   2.8468   0.0317   0.9275   0.9248   0.0158   0.0000  -0.1420  -0.3720    0.404
    11  10.7137   2.9675   4.6778   2.7770   0.0349   0.9394   0.9367   0.0169   0.0000  -0.1418  -0.3748    0.401
    12  12.2755   2.8552   4.3901   2.6939   0.0390   0.9470   0.9442   0.0185   0.0000  -0.1414  -0.3763    0.400
    13  13.7793   2.7471   4.0132   2.5940   0.0448   0.9476   0.9449   0.0208   0.0000  -0.1407  -0.3758    0.399
    14  15.1883   2.6458   3.5672   2.4713   0.0531   0.9371   0.9344   0.0242   0.0000  -0.1394  -0.3720    0.399
    15  16.4675   2.5539   3.0708   2.3151   0.0650   0.9092   0.9065   0.0285   0.0000  -0.1371  -0.3628    0.401
    16  17.5856   2.4735   2.5402   2.1096   0.0819   0.8550   0.8525   0.0334   0.0000  -0.1327  -0.3450    0.406
    17  18.5151   2.4067   1.9884   1.8328   0.1051   0.7629   0.7607   0.0376   0.0000  -0.1245  -0.3140    0.414
    18  19.2329   2.3551   1.4251   1.4592   0.1364   0.6202   0.6184   0.0384   0.0000  -0.1091  -0.2633    0.426
    19  19.7216   2.3200   0.8564   0.9670   0.1783   0.4168   0.4156   0.0317   0.0000  -0.0812  -0.1849    0.445
    20  19.9689   2.3022   0.2856   0.3475   0.2285   0.1508   0.1504   0.0131   0.0000  -0.0327  -0.0702    0.467

  Surface # 2     FrontWing (YDUP)                        
     # Chordwise = 12   # Spanwise = 20     First strip = 21
     Surface area =   59.792652       Ave. chord =    2.989631
     CLsurf  =   0.44137     Clsurf  =   0.10053
     CYsurf  =  -0.00091     Cmsurf  =  -0.23853
     CDsurf  =   0.00974     Cnsurf  =   0.00377
     CDisurf =   0.00974     CDvsurf =   0.00000

  Forces referred to Ssurf, Cave about hinge axis thru LE
     CLsurf  =   0.88286     CDsurf  =   0.01948
     Deflect =

 Strip Forces referred to Strip Area, Chord
    j      Yle    Chord     Area     c cl      ai      cl_norm  cl       cd       cdv    cm_c/4    cm_LE  C.P.x/c
    21  -0.0299   3.4500   0.4122   3.0301   0.0381   0.8792   0.8792   0.0143   0.0000  -0.1421   0.3617    0.412
    22  -0.2681   3.4500   1.2263   3.0300   0.0381   0.8791   0.8791   0.0143   0.0000  -0.1421   0.3617    0.412
    23  -0.7386   3.4500   2.0103   3.0291   0.0383   0.8789   0.8789   0.0144   0.0000  -0.1421   0.3616    0.412
    24  -1.4299   3.4500   2.7448   3.0262   0.0390   0.8780   0.8780   0.0145   0.0000  -0.1421   0.3614    0.412
    25  -2.3249   3.4500   3.4117   3.0195   0.0393   0.8761   0.8761   0.0147   0.0000  -0.1422   0.3610    0.412
    26  -3.4016   3.4500   3.9946   3.0066   0.0032   0.8723   0.8723   0.0154   0.0000  -0.1425   0.3604    0.413
    27  -4.6579   3.4027   4.5877   2.9845   0.0461   0.8804   0.8779   0.0156   0.0000  -0.1425   0.3609    0.412
    28  -6.0668   3.3014   4.8231   2.9504  -0.0262   0.8971   0.8945   0.0154   0.0000  -0.1422   0.3647    0.409
    29  -7.5707   3.1934   4.9100   2.9045   0.0275   0.9131   0.9104   0.0153   0.0000  -0.1421   0.3685    0.406
    30  -9.1324   3.0811   4.8570   2.8468   0.0317   0.9275   0.9248   0.0158   0.0000  -0.1420   0.3720    0.404
    31 -10.7137   2.9675   4.6778   2.7770   0.0349   0.9394   0.9367   0.0169   0.0000  -0.1418   0.3748    0.401
    32 -12.2755   2.8552   4.3901   2.6939   0.0390   0.9470   0.9442   0.0185   0.0000  -0.1414   0.3763    0.400
    33 -13.7793   2.7471   4.0132   2.5940   0.0448   0.9476   0.9449   0.0208   0.0000  -0.1407   0.3758    0.399
    34 -15.1883   2.6458   3.5672   2.4713   0.0531   0.9371   0.9344   0.0242   0.0000  -0.1394   0.3720    0.399
    35 -16.4675   2.5539   3.0708   2.3151   0.0650   0.9092   0.9065   0.0285   0.0000  -0.1371   0.3628    0.401
    36 -17.5856   2.4735   2.5402   2.1096   0.0819   0.8550   0.8525   0.0334   0.0000  -0.1327   0.3450    0.406
    37 -18.5151   2.4067   1.9884   1.8328   0.1051   0.7629   0.7607   0.0376   0.0000  -0.1245   0.3140    0.414
    38 -19.2329   2.3551   1.4251   1.4592   0.1364   0.6202   0.6184   0.0384   0.0000  -0.1091   0.2633    0.426
    39 -19.7216   2.3200   0.8564   0.9670   0.1783   0.4168   0.4156   0.0317   0.0000  -0.0812   0.1849    0.445
    40 -19.9689   2.3022   0.2856   0.3475   0.2285   0.1508   0.1504   0.0131   0.0000  -0.0327   0.0702    0.467

  Surface # 3     Second Wing2                            
     # Chordwise = 12   # Spanwise = 24     First strip = 41
     Surface area =   12.000000       Ave. chord =    2.000000
     CLsurf  =   0.00862     Clsurf  =  -0.00058
     CYsurf  =  -0.00000     Cmsurf  =  -0.02990
     CDsurf  =   0.00044     Cnsurf  =  -0.00001
     CDisurf =   0.00044     CDvsurf =   0.00000

  Forces referred to Ssurf, Cave about hinge axis thru LE
     CLsurf  =   0.08596     CDsurf  =   0.00434
     Deflect =

 Strip Forces referred to Strip Area, Chord
    j      Yle    Chord     Area     c cl      ai      cl_norm  cl       cd       cdv    cm_c/4    cm_LE  C.P.x/c
    41   0.0064   2.0000   0.0513   0.1981   0.0382   0.0989   0.0989   0.0050   0.0000  -0.0015  -0.0262    0.265
    42   0.0576   2.0000   0.1531   0.1981   0.0382   0.0989   0.0989   0.0050   0.0000  -0.0015  -0.0262    0.265
    43   0.1592   2.0000   0.2523   0.1981   0.0379   0.0989   0.0989   0.0050   0.0000  -0.0015  -0.0262    0.265
    44   0.3094   2.0000   0.3471   0.1981   0.0383   0.0989   0.0989   0.0050   0.0000  -0.0015  -0.0262    0.265
    45   0.5056   2.0000   0.4360   0.1980   0.0358   0.0989   0.0989   0.0050   0.0000  -0.0015  -0.0262    0.265
    46   0.7445   2.0000   0.5175   0.1979   0.0383   0.0988   0.0988   0.0050   0.0000  -0.0015  -0.0262    0.265
    47   1.0220   2.0000   0.5901   0.1977   0.0445   0.0987   0.0987   0.0049   0.0000  -0.0015  -0.0262    0.265
    48   1.3333   2.0000   0.6526   0.1974   0.0380   0.0986   0.0986   0.0049   0.0000  -0.0014  -0.0261    0.265
    49   1.6731   2.0000   0.7039   0.1970   0.0410   0.0984   0.0984   0.0049   0.0000  -0.0014  -0.0260    0.264
    50   2.0357   2.0000   0.7432   0.1966   0.0364   0.0982   0.0982   0.0049   0.0000  -0.0014  -0.0259    0.264
    51   2.4147   2.0000   0.7698   0.1959   0.0406   0.0979   0.0979   0.0049   0.0000  -0.0013  -0.0258    0.263
    52   2.8038   2.0000   0.7832   0.1951   0.0669   0.0974   0.0974   0.0049   0.0000  -0.0011  -0.0255    0.262
    53   3.1962   2.0000   0.7832   0.1932   0.0402   0.0965   0.0965   0.0048   0.0000  -0.0009  -0.0251    0.259
    54   3.5853   2.0000   0.7698   0.1883   0.0451   0.0940   0.0940   0.0047   0.0000  -0.0007  -0.0242    0.257
    55   3.9643   2.0000   0.7432   0.1778   0.0859   0.0888   0.0888   0.0045   0.0000  -0.0005  -0.0227    0.256
    56   4.3269   2.0000   0.7039   0.1653   0.0407   0.0825   0.0825   0.0042   0.0000  -0.0002  -0.0209    0.253
    57   4.6667   2.0000   0.6526   0.1544   0.0470   0.0771   0.0771   0.0039   0.0000   0.0002  -0.0191    0.247
    58   4.9780   2.0000   0.5901   0.1409   0.0538   0.0703   0.0703   0.0036   0.0000   0.0006  -0.0170    0.242
    59   5.2555   2.0000   0.5175   0.1221   0.0757   0.0610   0.0610   0.0032   0.0000   0.0006  -0.0147    0.240
    60   5.4944   2.0000   0.4360   0.1006   0.0264   0.0502   0.0502   0.0027   0.0000   0.0005  -0.0121    0.240
    61   5.6906   2.0000   0.3471   0.0792   0.0376   0.0395   0.0395   0.0022   0.0000   0.0005  -0.0094    0.236
    62   5.8408   2.0000   0.2523   0.0576   0.0419   0.0288   0.0288   0.0016   0.0000   0.0006  -0.0066    0.230
    63   5.9424   2.0000   0.1531   0.0352   0.0449   0.0176   0.0176   0.0010   0.0000   0.0005  -0.0039    0.224
    64   5.9936   2.0000   0.0513   0.0119   0.0464   0.0059   0.0059   0.0003   0.0000   0.0002  -0.0013    0.220

  Surface # 4     Second Wing2 (YDUP)                     
     # Chordwise = 12   # Spanwise = 24     First strip = 65
     Surface area =   12.000000       Ave. chord =    2.000000
     CLsurf  =   0.00862     Clsurf  =   0.00058
     CYsurf  =   0.00000     Cmsurf  =  -0.02990
     CDsurf  =   0.00044     Cnsurf  =   0.00001
     CDisurf =   0.00044     CDvsurf =   0.00000

  Forces referred to Ssurf, Cave about hinge axis thru LE
     CLsurf  =   0.08596     CDsurf  =   0.00434
     Deflect =

 Strip Forces referred to Strip Area, Chord
    j      Yle    Chord     Area     c cl      ai      cl_norm  cl       cd       cdv    cm_c/4    cm_LE  C.P.x/c
    65  -0.0064   2.0000   0.0513   0.1981   0.0381   0.0989   0.0989   0.0050   0.0000  -0.0015   0.0262    0.265
    66  -0.0576   2.0000   0.1531   0.1981   0.0382   0.0989   0.0989   0.0050   0.0000  -0.0015   0.0262    0.265
    67  -0.1592   2.0000   0.2523   0.1981   0.0379   0.0989   0.0989   0.0050   0.0000  -0.0015   0.0262    0.265
    68  -0.3094   2.0000   0.3471   0.1981   0.0383   0.0989   0.0989   0.0050   0.0000  -0.0015   0.0262    0.265
    69  -0.5056   2.0000   0.4360   0.1980   0.0358   0.0989   0.0989   0.0050   0.0000  -0.0015   0.0262    0.265
    70  -0.7445   2.0000   0.5175   0.1979   0.0383   0.0988   0.0988   0.0050   0.0000  -0.0015   0.0262    0.265
    71  -1.0220   2.0000   0.5901   0.1977   0.0445   0.0987   0.0987   0.0049   0.0000  -0.0015   0.0262    0.265
    72  -1.3333   2.0000   0.6526   0.1974   0.0380   0.0986   0.0986   0.0049   0.0000  -0.0014   0.0261    0.265
    73  -1.6731   2.0000   0.7039   0.1970   0.0410   0.0984   0.0984   0.0049   0.0000  -0.0014   0.0260    0.264
    74  -2.0357   2.0000   0.7432   0.1966   0.0364   0.0982   0.0982   0.0049   0.0000  -0.0014   0.0259    0.264
    75  -2.4147   2.0000   0.7698   0.1959   0.0406   0.0979   0.0979   0.0049   0.0000  -0.0013   0.0258    0.263
    76  -2.8038   2.0000   0.7832   0.1951   0.0669   0.0974   0.0974   0.0049   0.0000  -0.0011   0.0255    0.262
    77  -3.1962   2.0000   0.7832   0.1932   0.0402   0.0965   0.0965   0.0048   0.0000  -0.0009   0.0251    0.259
    78  -3.5853   2.0000   0.7698   0.1883   0.0451   0.0940   0.0940   0.0047   0.0000  -0.0007   0.0242    0.257
    79  -3.9643   2.0000   0.7432   0.1778   0.0859   0.0888   0.0888   0.0045   0.0000  -0.0005   0.0227    0.256
    80  -4.3269   2.0000   0.7039   0.1653   0.0407   0.0825   0.0825   0.0042   0.0000  -0.0002   0.0209    0.253
    81  -4.6667   2.0000   0.6526   0.1544   0.0470   0.0771   0.0771   0.0039   0.0000   0.0002   0.0191    0.247
    82  -4.9780   2.0000   0.5901   0.1409   0.0538   0.0703   0.0703   0.0036   0.0000   0.0006   0.0170    0.242
    83  -5.2555   2.0000   0.5175   0.1221   0.0757   0.0610   0.0610   0.0032   0.0000   0.0006   0.0147    0.240
    84  -5.4944   2.0000   0.4360   0.1006   0.0264   0.0502   0.0502   0.0027   0.0000   0.0005   0.0121    0.240
    85  -5.6906   2.0000   0.3471   0.0792   0.0376   0.0395   0.0395   0.0022   0.0000   0.0005   0.0094    0.236
    86  -5.8408   2.0000   0.2523   0.0576   0.0419   0.0288   0.0288   0.0016   0.0000   0.0006   0.0066    0.230
    87  -5.9424   2.0000   0.1531   0.0352   0.0449   0.0176   0.0176   0.0010   0.0000   0.0005   0.0039    0.224
    88  -5.9936   2.0000   0.0513   0.0119   0.0464   0.0059   0.0059   0.0003   0.0000   0.0002   0.0013    0.220

  Surface # 5     Fin                                     
     # Chordwise = 12   # Spanwise = 12     First strip = 89
     Surface area =    4.000000       Ave. chord =    1.600000
     CLsurf  =   0.00000     Clsurf  =  -0.00001
     CYsurf  =  -0.00037     Cmsurf  =  -0.00000
     CDsurf  =  -0.00000     Cnsurf  =   0.00010
     CDisurf =  -0.00000     CDvsurf =   0.00000

  Forces referred to Ssurf, Cave about hinge axis thru LE
     CLsurf  =   0.01096     CDsurf  =  -0.00002
     Deflect =

 Strip Forces referred to Strip Area, Chord
    j      Yle    Chord     Area     c cl      ai      cl_norm  cl       cd       cdv    cm_c/4    cm_LE  C.P.x/c
    89   4.0000   1.9966   0.0850   0.0015  -0.1667   0.0008   0.0008   0.0000   0.0000  -0.0001  -0.0003    0.355
    90   4.0000   1.9696   0.2459   0.0049  -0.0242   0.0027   0.0025  -0.0000   0.0000  -0.0003  -0.0009    0.355
    91   4.0000   1.9173   0.3809   0.0091  -0.0139   0.0052   0.0047  -0.0000   0.0000  -0.0005  -0.0016    0.346
    92   4.0000   1.8435   0.4773   0.0139  -0.0100   0.0082   0.0075  -0.0000   0.0000  -0.0005  -0.0024    0.322
    93   4.0000   1.7531   0.5285   0.0187  -0.0078   0.0117   0.0106  -0.0000   0.0000  -0.0005  -0.0031    0.293
    94   4.0000   1.6522   0.5345   0.0223  -0.0064   0.0148   0.0135  -0.0000   0.0000  -0.0003  -0.0036    0.269
    95   4.0000   1.5478   0.5007   0.0240  -0.0054   0.0170   0.0155  -0.0000   0.0000  -0.0000  -0.0039    0.250
    96   4.0000   1.4469   0.4362   0.0234  -0.0046   0.0178   0.0162  -0.0000   0.0000   0.0003  -0.0039    0.234
    97   4.0000   1.3565   0.3512   0.0208  -0.0041   0.0168   0.0153  -0.0001   0.0000   0.0005  -0.0034    0.218
    98   4.0000   1.2827   0.2548   0.0164  -0.0036   0.0140   0.0127  -0.0000   0.0000   0.0007  -0.0026    0.198
    99   4.0000   1.2304   0.1537   0.0105  -0.0033   0.0093   0.0085  -0.0000   0.0000   0.0006  -0.0016    0.177
   100   4.0000   1.2034   0.0513   0.0036  -0.0031   0.0033   0.0030  -0.0000   0.0000   0.0003  -0.0005    0.160

  Surface # 6     Fin (YDUP)                              
     # Chordwise = 12   # Spanwise = 12     First strip =101
     Surface area =    4.000000       Ave. chord =    1.600000
     CLsurf  =   0.00000     Clsurf  =   0.00001
     CYsurf  =   0.00037     Cmsurf  =  -0.00000
     CDsurf  =  -0.00000     Cnsurf  =  -0.00010
     CDisurf =  -0.00000     CDvsurf =   0.00000

  Forces referred to Ssurf, Cave about hinge axis thru LE
     CLsurf  =   0.01096     CDsurf  =  -0.00002
     Deflect =

 Strip Forces referred to Strip Area, Chord
    j      Yle    Chord     Area     c cl      ai      cl_norm  cl       cd       cdv    cm_c/4    cm_LE  C.P.x/c
   101  -4.0000   1.9966   0.0850   0.0015  -0.1667   0.0008   0.0008   0.0000   0.0000  -0.0001   0.0003    0.355
   102  -4.0000   1.9696   0.2459   0.0049  -0.0242   0.0027   0.0025  -0.0000   0.0000  -0.0003   0.0009    0.355
   103  -4.0000   1.9173   0.3809   0.0091  -0.0139   0.0052   0.0047  -0.0000   0.0000  -0.0005   0.0016    0.346
   104  -4.0000   1.8435   0.4773   0.0139  -0.0100   0.0082   0.0075  -0.0000   0.0000  -0.0005   0.0024    0.322
   105  -4.0000   1.7531   0.5285   0.0187  -0.0078   0.0117   0.0106  -0.0000   0.0000  -0.0005   0.0031    0.293
   106  -4.0000   1.6522   0.5345   0.0223  -0.0064   0.0148   0.0135  -0.0000   0.0000  -0.0003   0.0036    0.269
   107  -4.0000   1.5478   0.5007   0.0240  -0.0054   0.0170   0.0155  -0.0000   0.0000  -0.0000   0.0039    0.250
   108  -4.0000   1.4469   0.4362   0.0234  -0.0046   0.0178   0.0162  -0.0000   0.0000   0.0003   0.0039    0.234
   109  -4.0000   1.3565   0.3512   0.0208  -0.0041   0.0168   0.0153  -0.0001   0.0000   0.0005   0.0034    0.218
   110  -4.0000   1.2827   0.2548   0.0164  -0.0036   0.0140   0.0127  -0.0000   0.0000   0.0007   0.0026    0.198
   111  -4.0000   1.2304   0.1537   0.0105  -0.0033   0.0093   0.0085  -0.0000   0.0000   0.0006   0.0016    0.177
   112  -4.0000   1.2034   0.0513   0.0036  -0.0031   0.0033   0.0030  -0.0000   0.0000   0.0003   0.0005    0.160
 ---------------------------------------------------------------
