 ---------------------------------------------------------------
 Surface and Strip Forces by surface

  Forces referred to Sref, Cref, Bref about Xref, Yref, Zref
 Standard axis orientation,  X fwd, Z down         

  Surface # 1     FrontWing                               
     # Chordwise = 12   # Spanwise = 20     First strip =  1
     Surface area =   59.792652       Ave. chord =    2.989631
     CLsurf  =   0.26200     Clsurf  =  -0.06102
     CYsurf  =   0.00044     Cmsurf  =  -0.17156
     CDsurf  =   0.00374     Cnsurf  =   0.00134
     CDisurf =   0.00374     CDvsurf =   0.00000

  Forces referred to Ssurf, Cave about hinge axis thru LE
     CLsurf  =   0.52407     CDsurf  =   0.00749
     Deflect =

 Strip Forces referred to Strip Area, Chord
    j      Yle    Chord     Area     c cl      ai      cl_norm  cl       cd       cdv    cm_c/4    cm_LE  C.P.x/c
     1   0.0299   3.4500   0.4122   1.7273   0.0062   0.5007   0.5007   0.0046   0.0000  -0.1429  -0.2680    0.535
     2   0.2681   3.4500   1.2263   1.7273   0.0063   0.5007   0.5007   0.0046   0.0000  -0.1429  -0.2680    0.535
     3   0.7386   3.4500   2.0103   1.7270   0.0061   0.5006   0.5006   0.0046   0.0000  -0.1429  -0.2680    0.535
     4   1.4299   3.4500   2.7448   1.7262   0.0036   0.5004   0.5004   0.0046   0.0000  -0.1429  -0.2680    0.536
     5   2.3249   3.4500   3.4117   1.7244   0.0083   0.4999   0.4999   0.0047   0.0000  -0.1429  -0.2678    0.536
     6   3.4016   3.4500   3.9946   1.7210   0.0833   0.4989   0.4989   0.0047   0.0000  -0.1429  -0.2676    0.536
     7   4.6579   3.4027   4.5877   1.7152   0.0018   0.5056   0.5041   0.0049   0.0000  -0.1430  -0.2683    0.534
     8   6.0668   3.3014   4.8231   1.7065   0.1037   0.5184   0.5169   0.0052   0.0000  -0.1430  -0.2715    0.527
     9   7.5707   3.1934   4.9100   1.6939   0.0271   0.5320   0.5305   0.0054   0.0000  -0.1430  -0.2749    0.520
    10   9.1324   3.0811   4.8570   1.6765   0.0243   0.5457   0.5442   0.0058   0.0000  -0.1430  -0.2783    0.513
    11  10.7137   2.9675   4.6778   1.6531   0.0247   0.5587   0.5571   0.0065   0.0000  -0.1429  -0.2814    0.506
    12  12.2755   2.8552   4.3901   1.6219   0.0267   0.5698   0.5681   0.0073   0.0000  -0.1427  -0.2839    0.501
    13  13.7793   2.7471   4.0132   1.5801   0.0302   0.5769   0.5752   0.0085   0.0000  -0.1422  -0.2853    0.497
    14  15.1883   2.6458   3.5672   1.5230   0.0356   0.5774   0.5757   0.0101   0.0000  -0.1415  -0.2846    0.496
    15  16.4675   2.5539   3.0708   1.4439   0.0436   0.5671   0.5654   0.0122   0.0000  -0.1400  -0.2806    0.498
    16  17.5856   2.4735   2.5402   1.3327   0.0551   0.5404   0.5389   0.0146   0.0000  -0.1370  -0.2710    0.504
    17  18.5151   2.4067   1.9884   1.1752   0.0719   0.4898   0.4884   0.0169   0.0000  -0.1308  -0.2523    0.518
    18  19.2329   2.3551   1.4251   0.9534   0.0965   0.4061   0.4049   0.0178   0.0000  -0.1176  -0.2182    0.540
    19  19.7216   2.3200   0.8564   0.6464   0.1330   0.2795   0.2787   0.0152   0.0000  -0.0895  -0.1588    0.571
    20  19.9689   2.3022   0.2856   0.2374   0.1799   0.1035   0.1032   0.0066   0.0000  -0.0365  -0.0621    0.604

  Surface # 2     FrontWing (YDUP)                        
     # Chordwise = 12   # Spanwise = 20     First strip = 21
     Surface area =   59.792652       Ave. chord =    2.989631
     CLsurf  =   0.26200     Clsurf  =   0.06102
     CYsurf  =  -0.00044     Cmsurf  =  -0.17156
     CDsurf  =   0.00374     Cnsurf  =  -0.00134
     CDisurf =   0.00374     CDvsurf =   0.00000

  Forces referred to Ssurf, Cave about hinge axis thru LE
     CLsurf  =   0.52407     CDsurf  =   0.00749
     Deflect =

 Strip Forces referred to Strip Area, Chord
    j      Yle    Chord     Area     c cl      ai      cl_norm  cl       cd       cdv    cm_c/4    cm_LE  C.P.x/c
    21  -0.0299   3.4500   0.4122   1.7273   0.0062   0.5007   0.5007   0.0046   0.0000  -0.1429   0.2680    0.535
    22  -0.2681   3.4500   1.2263   1.7273   0.0063   0.5007   0.5007   0.0046   0.0000  -0.1429   0.2680    0.535
    23  -0.7386   3.4500   2.0103   1.7270   0.0061   0.5006   0.5006   0.0046   0.0000  -0.1429   0.2680    0.535
    24  -1.4299   3.4500   2.7448   1.7262   0.0036   0.5004   0.5004   0.0046   0.0000  -0.1429   0.2680    0.536
    25  -2.3249   3.4500   3.4117   1.7244   0.0083   0.4999   0.4999   0.0047   0.0000  -0.1429   0.2678    0.536
    26  -3.4016   3.4500   3.9946   1.7210   0.0833   0.4989   0.4989   0.0047   0.0000  -0.1429   0.2676    0.536
    27  -4.6579   3.4027   4.5877   1.7152   0.0018   0.5056   0.5041   0.0049   0.0000  -0.1430   0.2683    0.534
    28  -6.0668   3.3014   4.8231   1.7065   0.1037   0.5184   0.5169   0.0052   0.0000  -0.1430   0.2715    0.527
    29  -7.5707   3.1934   4.9100   1.6939   0.0271   0.5320   0.5305   0.0054   0.0000  -0.1430   0.2749    0.520
    30  -9.1324   3.0811   4.8570   1.6765   0.0243   0.5457   0.5442   0.0058   0.0000  -0.1430   0.2783    0.513
    31 -10.7137   2.9675   4.6778   1.6531   0.0247   0.5587   0.5571   0.0065   0.0000  -0.1429   0.2814    0.506
    32 -12.2755   2.8552   4.3901   1.6219   0.0267   0.5698   0.5681   0.0073   0.0000  -0.1427   0.2839    0.501
    33 -13.7793   2.7471   4.0132   1.5801   0.0302   0.5769   0.5752   0.0085   0.0000  -0.1422   0.2853    0.497
    34 -15.1883   2.6458   3.5672   1.5230   0.0356   0.5774   0.5757   0.0101   0.0000  -0.1415   0.2846    0.496
    35 -16.4675   2.5539   3.0708   1.4439   0.0436   0.5671   0.5654   0.0122   0.0000  -0.1400   0.2806    0.498
    36 -17.5856   2.4735   2.5402   1.3327   0.0551   0.5404   0.5389   0.0146   0.0000  -0.1370   0.2710    0.504
    37 -18.5151   2.4067   1.9884   1.1752   0.0719   0.4898   0.4884   0.0169   0.0000  -0.1308   0.2523    0.518
    38 -19.2329   2.3551   1.4251   0.9534   0.0965   0.4061   0.4049   0.0178   0.0000  -0.1176   0.2182    0.540
    39 -19.7216   2.3200   0.8564   0.6464   0.1330   0.2795   0.2787   0.0152   0.0000  -0.0895   0.1588    0.571
    40 -19.9689   2.3022   0.2856   0.2374   0.1799   0.1035   0.1032   0.0066   0.0000  -0.0365   0.0621    0.604

  Surface # 3     Second Wing2                            
     # Chordwise = 12   # Spanwise = 24     First strip = 41
     Surface area =   12.000000       Ave. chord =    2.000000
     CLsurf  =  -0.01200     Clsurf  =   0.00079
     CYsurf  =   0.00000     Cmsurf  =   0.04134
     CDsurf  =  -0.00023     Cnsurf  =  -0.00002
     CDisurf =  -0.00023     CDvsurf =   0.00000

  Forces referred to Ssurf, Cave about hinge axis thru LE
     CLsurf  =  -0.11962     CDsurf  =  -0.00231
     Deflect =

 Strip Forces referred to Strip Area, Chord
    j      Yle    Chord     Area     c cl      ai      cl_norm  cl       cd       cdv    cm_c/4    cm_LE  C.P.x/c
    41   0.0064   2.0000   0.0513  -0.2869   0.0061  -0.1434  -0.1434  -0.0030   0.0000  -0.0016   0.0342    0.239
    42   0.0576   2.0000   0.1531  -0.2869   0.0061  -0.1434  -0.1434  -0.0030   0.0000  -0.0016   0.0342    0.239
    43   0.1592   2.0000   0.2523  -0.2868   0.0060  -0.1434  -0.1434  -0.0030   0.0000  -0.0016   0.0342    0.238
    44   0.3094   2.0000   0.3471  -0.2867   0.0061  -0.1433  -0.1433  -0.0030   0.0000  -0.0017   0.0342    0.238
    45   0.5056   2.0000   0.4360  -0.2863   0.0054  -0.1432  -0.1432  -0.0030   0.0000  -0.0017   0.0341    0.238
    46   0.7445   2.0000   0.5175  -0.2857   0.0060  -0.1429  -0.1429  -0.0030   0.0000  -0.0017   0.0340    0.238
    47   1.0220   2.0000   0.5901  -0.2846   0.0076  -0.1423  -0.1423  -0.0030   0.0000  -0.0017   0.0339    0.238
    48   1.3333   2.0000   0.6526  -0.2830   0.0057  -0.1415  -0.1415  -0.0029   0.0000  -0.0017   0.0337    0.238
    49   1.6731   2.0000   0.7039  -0.2806   0.0063  -0.1403  -0.1403  -0.0029   0.0000  -0.0017   0.0333    0.238
    50   2.0357   2.0000   0.7432  -0.2773   0.0048  -0.1386  -0.1386  -0.0028   0.0000  -0.0018   0.0329    0.237
    51   2.4147   2.0000   0.7698  -0.2727   0.0056  -0.1364  -0.1364  -0.0027   0.0000  -0.0018   0.0323    0.237
    52   2.8038   2.0000   0.7832  -0.2667   0.0123  -0.1333  -0.1333  -0.0026   0.0000  -0.0018   0.0315    0.236
    53   3.1962   2.0000   0.7832  -0.2588   0.0051  -0.1294  -0.1294  -0.0025   0.0000  -0.0019   0.0305    0.235
    54   3.5853   2.0000   0.7698  -0.2491   0.0071  -0.1246  -0.1246  -0.0023   0.0000  -0.0021   0.0291    0.233
    55   3.9643   2.0000   0.7432  -0.2370   0.0264  -0.1185  -0.1185  -0.0022   0.0000  -0.0025   0.0271    0.229
    56   4.3269   2.0000   0.7039  -0.2222  -0.0020  -0.1111  -0.1111  -0.0020   0.0000  -0.0030   0.0248    0.223
    57   4.6667   2.0000   0.6526  -0.2053   0.0007  -0.1026  -0.1026  -0.0018   0.0000  -0.0033   0.0224    0.218
    58   4.9780   2.0000   0.5901  -0.1868   0.0020  -0.0934  -0.0934  -0.0015   0.0000  -0.0035   0.0198    0.212
    59   5.2555   2.0000   0.5175  -0.1673   0.0056  -0.0837  -0.0837  -0.0013   0.0000  -0.0039   0.0170    0.203
    60   5.4944   2.0000   0.4360  -0.1447  -0.0093  -0.0724  -0.0724  -0.0012   0.0000  -0.0042   0.0139    0.192
    61   5.6906   2.0000   0.3471  -0.1176  -0.0078  -0.0588  -0.0588  -0.0009   0.0000  -0.0041   0.0106    0.180
    62   5.8408   2.0000   0.2523  -0.0865  -0.0074  -0.0433  -0.0433  -0.0006   0.0000  -0.0035   0.0073    0.169
    63   5.9424   2.0000   0.1531  -0.0529  -0.0070  -0.0264  -0.0264  -0.0003   0.0000  -0.0024   0.0042    0.160
    64   5.9936   2.0000   0.0513  -0.0178  -0.0068  -0.0089  -0.0089  -0.0001   0.0000  -0.0008   0.0014    0.154

  Surface # 4     Second Wing2 (YDUP)                     
     # Chordwise = 12   # Spanwise = 24     First strip = 65
     Surface area =   12.000000       Ave. chord =    2.000000
     CLsurf  =  -0.01200     Clsurf  =  -0.00079
     CYsurf  =   0.00000     Cmsurf  =   0.04134
     CDsurf  =  -0.00023     Cnsurf  =   0.00002
     CDisurf =  -0.00023     CDvsurf =   0.00000

  Forces referred to Ssurf, Cave about hinge axis thru LE
     CLsurf  =  -0.11962     CDsurf  =  -0.00231
     Deflect =

 Strip Forces referred to Strip Area, Chord
    j      Yle    Chord     Area     c cl      ai      cl_norm  cl       cd       cdv    cm_c/4    cm_LE  C.P.x/c
    65  -0.0064   2.0000   0.0513  -0.2869   0.0061  -0.1434  -0.1434  -0.0030   0.0000  -0.0016  -0.0342    0.239
    66  -0.0576   2.0000   0.1531  -0.2869   0.0061  -0.1434  -0.1434  -0.0030   0.0000  -0.0016  -0.0342    0.239
    67  -0.1592   2.0000   0.2523  -0.2868   0.0060  -0.1434  -0.1434  -0.0030   0.0000  -0.0016  -0.0342    0.238
    68  -0.3094   2.0000   0.3471  -0.2867   0.0061  -0.1433  -0.1433  -0.0030   0.0000  -0.0017  -0.0342    0.238
    69  -0.5056   2.0000   0.4360  -0.2863   0.0054  -0.1432  -0.1432  -0.0030   0.0000  -0.0017  -0.0341    0.238
    70  -0.7445   2.0000   0.5175  -0.2857   0.0060  -0.1429  -0.1429  -0.0030   0.0000  -0.0017  -0.0340    0.238
    71  -1.0220   2.0000   0.5901  -0.2846   0.0076  -0.1423  -0.1423  -0.0030   0.0000  -0.0017  -0.0339    0.238
    72  -1.3333   2.0000   0.6526  -0.2830   0.0057  -0.1415  -0.1415  -0.0029   0.0000  -0.0017  -0.0337    0.238
    73  -1.6731   2.0000   0.7039  -0.2806   0.0063  -0.1403  -0.1403  -0.0029   0.0000  -0.0017  -0.0333    0.238
    74  -2.0357   2.0000   0.7432  -0.2773   0.0048  -0.1386  -0.1386  -0.0028   0.0000  -0.0018  -0.0329    0.237
    75  -2.4147   2.0000   0.7698  -0.2727   0.0056  -0.1364  -0.1364  -0.0027   0.0000  -0.0018  -0.0323    0.237
    76  -2.8038   2.0000   0.7832  -0.2667   0.0123  -0.1333  -0.1333  -0.0026   0.0000  -0.0018  -0.0315    0.236
    77  -3.1962   2.0000   0.7832  -0.2588   0.0051  -0.1294  -0.1294  -0.0025   0.0000  -0.0019  -0.0305    0.235
    78  -3.5853   2.0000   0.7698  -0.2491   0.0071  -0.1246  -0.1246  -0.0023   0.0000  -0.0021  -0.0291    0.233
    79  -3.9643   2.0000   0.7432  -0.2370   0.0264  -0.1185  -0.1185  -0.0022   0.0000  -0.0025  -0.0271    0.229
    80  -4.3269   2.0000   0.7039  -0.2222  -0.0020  -0.1111  -0.1111  -0.0020   0.0000  -0.0030  -0.0248    0.223
    81  -4.6667   2.0000   0.6526  -0.2053   0.0007  -0.1026  -0.1026  -0.0018   0.0000  -0.0033  -0.0224    0.218
    82  -4.9780   2.0000   0.5901  -0.1868   0.0020  -0.0934  -0.0934  -0.0015   0.0000  -0.0035  -0.0198    0.212
    83  -5.2555   2.0000   0.5175  -0.1673   0.0056  -0.0837  -0.0837  -0.0013   0.0000  -0.0039  -0.0170    0.203
    84  -5.4944   2.0000   0.4360  -0.1447  -0.0093  -0.0724  -0.0724  -0.0012   0.0000  -0.0042  -0.0139    0.192
    85  -5.6906   2.0000   0.3471  -0.1176  -0.0078  -0.0588  -0.0588  -0.0009   0.0000  -0.0041  -0.0106    0.180
    86  -5.8408   2.0000   0.2523  -0.0865  -0.0074  -0.0433  -0.0433  -0.0006   0.0000  -0.0035  -0.0073    0.169
    87  -5.9424   2.0000   0.1531  -0.0529  -0.0070  -0.0264  -0.0264  -0.0003   0.0000  -0.0024  -0.0042    0.160
    88  -5.9936   2.0000   0.0513  -0.0178  -0.0068  -0.0089  -0.0089  -0.0001   0.0000  -0.0008  -0.0014    0.154

  Surface # 5     Fin                                     
     # Chordwise = 12   # Spanwise = 12     First strip = 89
     Surface area =    4.000000       Ave. chord =    1.600000
     CLsurf  =   0.00000     Clsurf  =   0.00001
     CYsurf  =   0.00037     Cmsurf  =  -0.00000
     CDsurf  =  -0.00000     Cnsurf  =  -0.00010
     CDisurf =  -0.00000     CDvsurf =   0.00000

  Forces referred to Ssurf, Cave about hinge axis thru LE
     CLsurf  =  -0.01100     CDsurf  =  -0.00002
     Deflect =

 Strip Forces referred to Strip Area, Chord
    j      Yle    Chord     Area     c cl      ai      cl_norm  cl       cd       cdv    cm_c/4    cm_LE  C.P.x/c
    89   4.0000   1.9966   0.0850  -0.0023  -0.0418  -0.0012  -0.0011   0.0000   0.0000   0.0001   0.0003    0.312
    90   4.0000   1.9696   0.2459  -0.0075   0.0004  -0.0040  -0.0038  -0.0000   0.0000   0.0002   0.0011    0.304
    91   4.0000   1.9173   0.3809  -0.0139   0.0031  -0.0076  -0.0072  -0.0000   0.0000   0.0003   0.0020    0.292
    92   4.0000   1.8435   0.4773  -0.0198   0.0021  -0.0113  -0.0107  -0.0000   0.0000   0.0004   0.0029    0.283
    93   4.0000   1.7531   0.5285  -0.0233   0.0018  -0.0140  -0.0133  -0.0000   0.0000   0.0004   0.0035    0.278
    94   4.0000   1.6522   0.5345  -0.0239   0.0020  -0.0153  -0.0145  -0.0000   0.0000   0.0003   0.0038    0.273
    95   4.0000   1.5478   0.5007  -0.0224   0.0022  -0.0152  -0.0144  -0.0000   0.0000   0.0003   0.0037    0.268
    96   4.0000   1.4469   0.4362  -0.0194   0.0023  -0.0141  -0.0134  -0.0000   0.0000   0.0002   0.0033    0.261
    97   4.0000   1.3565   0.3512  -0.0156   0.0022  -0.0121  -0.0115  -0.0000   0.0000   0.0000   0.0027    0.252
    98   4.0000   1.2827   0.2548  -0.0114   0.0021  -0.0094  -0.0089  -0.0000   0.0000  -0.0001   0.0020    0.238
    99   4.0000   1.2304   0.1537  -0.0069   0.0019  -0.0059  -0.0056  -0.0000   0.0000  -0.0002   0.0012    0.223
   100   4.0000   1.2034   0.0513  -0.0023   0.0018  -0.0020  -0.0019  -0.0000   0.0000  -0.0001   0.0004    0.212

  Surface # 6     Fin (YDUP)                              
     # Chordwise = 12   # Spanwise = 12     First strip =101
     Surface area =    4.000000       Ave. chord =    1.600000
     CLsurf  =   0.00000     Clsurf  =  -0.00001
     CYsurf  =  -0.00037     Cmsurf  =  -0.00000
     CDsurf  =  -0.00000     Cnsurf  =   0.00010
     CDisurf =  -0.00000     CDvsurf =   0.00000

  Forces referred to Ssurf, Cave about hinge axis thru LE
     CLsurf  =  -0.01100     CDsurf  =  -0.00002
     Deflect =

 Strip Forces referred to Strip Area, Chord
    j      Yle    Chord     Area     c cl      ai      cl_norm  cl       cd       cdv    cm_c/4    cm_LE  C.P.x/c
   101  -4.0000   1.9966   0.0850  -0.0023  -0.0418  -0.0012  -0.0011   0.0000   0.0000   0.0001  -0.0003    0.312
   102  -4.0000   1.9696   0.2459  -0.0075   0.0004  -0.0040  -0.0038  -0.0000   0.0000   0.0002  -0.0011    0.304
   103  -4.0000   1.9173   0.3809  -0.0139   0.0031  -0.0076  -0.0072  -0.0000   0.0000   0.0003  -0.0020    0.292
   104  -4.0000   1.8435   0.4773  -0.0198   0.0021  -0.0113  -0.0107  -0.0000   0.0000   0.0004  -0.0029    0.283
   105  -4.0000   1.7531   0.5285  -0.0233   0.0018  -0.0140  -0.0133  -0.0000   0.0000   0.0004  -0.0035    0.278
   106  -4.0000   1.6522   0.5345  -0.0239   0.0020  -0.0153  -0.0145  -0.0000   0.0000   0.0003  -0.0038    0.273
   107  -4.0000   1.5478   0.5007  -0.0224   0.0022  -0.0152  -0.0144  -0.0000   0.0000   0.0003  -0.0037    0.268
   108  -4.0000   1.4469   0.4362  -0.0194   0.0023  -0.0141  -0.0134  -0.0000   0.0000   0.0002  -0.0033    0.261
   109  -4.0000   1.3565   0.3512  -0.0156   0.0022  -0.0121  -0.0115  -0.0000   0.0000   0.0000  -0.0027    0.252
   110  -4.0000   1.2827   0.2548  -0.0114   0.0021  -0.0094  -0.0089  -0.0000   0.0000  -0.0001  -0.0020    0.238
   111  -4.0000   1.2304   0.1537  -0.0069   0.0019  -0.0059  -0.0056  -0.0000   0.0000  -0.0002  -0.0012    0.223
   112  -4.0000   1.2034   0.0513  -0.0023   0.0018  -0.0020  -0.0019  -0.0000   0.0000  -0.0001  -0.0004    0.212
 ---------------------------------------------------------------
