 ---------------------------------------------------------------
 Surface and Strip Forces by surface

  Forces referred to Sref, Cref, Bref about Xref, Yref, Zref
 Standard axis orientation,  X fwd, Z down         

  Surface # 1     FrontWing                               
     # Chordwise = 12   # Spanwise = 20     First strip =  1
     Surface area =   59.792652       Ave. chord =    2.989631
     CLsurf  =   0.39655     Clsurf  =  -0.09069
     CYsurf  =   0.00078     Cmsurf  =  -0.22192
     CDsurf  =   0.00797     Cnsurf  =  -0.00205
     CDisurf =   0.00797     CDvsurf =   0.00000

  Forces referred to Ssurf, Cave about hinge axis thru LE
     CLsurf  =   0.79319     CDsurf  =   0.01595
     Deflect =

 Strip Forces referred to Strip Area, Chord
    j      Yle    Chord     Area     c cl      ai      cl_norm  cl       cd       cdv    cm_c/4    cm_LE  C.P.x/c
     1   0.0299   3.4500   0.4122   2.7054   0.0301   0.7845   0.7845   0.0114   0.0000  -0.1424  -0.3385    0.432
     2   0.2681   3.4500   1.2263   2.7054   0.0301   0.7845   0.7845   0.0114   0.0000  -0.1424  -0.3385    0.432
     3   0.7386   3.4500   2.0103   2.7046   0.0302   0.7843   0.7843   0.0114   0.0000  -0.1424  -0.3384    0.432
     4   1.4299   3.4500   2.7448   2.7023   0.0301   0.7836   0.7836   0.0115   0.0000  -0.1425  -0.3383    0.432
     5   2.3249   3.4500   3.4117   2.6968   0.0315   0.7820   0.7820   0.0117   0.0000  -0.1425  -0.3379    0.432
     6   3.4016   3.4500   3.9946   2.6863   0.0233   0.7789   0.7789   0.0122   0.0000  -0.1427  -0.3374    0.433
     7   4.6579   3.4027   4.5877   2.6682   0.0350   0.7867   0.7844   0.0123   0.0000  -0.1428  -0.3379    0.432
     8   6.0668   3.3014   4.8231   2.6405   0.0065   0.8024   0.8001   0.0123   0.0000  -0.1425  -0.3416    0.428
     9   7.5707   3.1934   4.9100   2.6029   0.0274   0.8178   0.8154   0.0124   0.0000  -0.1424  -0.3453    0.425
    10   9.1324   3.0811   4.8570   2.5553   0.0298   0.8320   0.8296   0.0128   0.0000  -0.1424  -0.3488    0.422
    11  10.7137   2.9675   4.6778   2.4971   0.0324   0.8442   0.8418   0.0138   0.0000  -0.1422  -0.3516    0.419
    12  12.2755   2.8552   4.3901   2.4269   0.0359   0.8527   0.8502   0.0153   0.0000  -0.1418  -0.3534    0.417
    13  13.7793   2.7471   4.0132   2.3416   0.0412   0.8550   0.8525   0.0172   0.0000  -0.1412  -0.3534    0.416
    14  15.1883   2.6458   3.5672   2.2352   0.0487   0.8472   0.8448   0.0201   0.0000  -0.1400  -0.3503    0.416
    15  16.4675   2.5539   3.0708   2.0983   0.0597   0.8238   0.8214   0.0238   0.0000  -0.1379  -0.3424    0.418
    16  17.5856   2.4735   2.5402   1.9163   0.0752   0.7765   0.7743   0.0280   0.0000  -0.1339  -0.3267    0.423
    17  18.5151   2.4067   1.9884   1.6692   0.0968   0.6948   0.6928   0.0317   0.0000  -0.1262  -0.2988    0.432
    18  19.2329   2.3551   1.4251   1.3334   0.1264   0.5669   0.5653   0.0325   0.0000  -0.1113  -0.2522    0.447
    19  19.7216   2.3200   0.8564   0.8873   0.1670   0.3827   0.3816   0.0270   0.0000  -0.0833  -0.1785    0.468
    20  19.9689   2.3022   0.2856   0.3201   0.2164   0.1391   0.1387   0.0112   0.0000  -0.0337  -0.0683    0.493

  Surface # 2     FrontWing (YDUP)                        
     # Chordwise = 12   # Spanwise = 20     First strip = 21
     Surface area =   59.792652       Ave. chord =    2.989631
     CLsurf  =   0.39655     Clsurf  =   0.09069
     CYsurf  =  -0.00078     Cmsurf  =  -0.22192
     CDsurf  =   0.00797     Cnsurf  =   0.00205
     CDisurf =   0.00797     CDvsurf =   0.00000

  Forces referred to Ssurf, Cave about hinge axis thru LE
     CLsurf  =   0.79319     CDsurf  =   0.01595
     Deflect =

 Strip Forces referred to Strip Area, Chord
    j      Yle    Chord     Area     c cl      ai      cl_norm  cl       cd       cdv    cm_c/4    cm_LE  C.P.x/c
    21  -0.0299   3.4500   0.4122   2.7054   0.0301   0.7845   0.7845   0.0114   0.0000  -0.1424   0.3385    0.432
    22  -0.2681   3.4500   1.2263   2.7054   0.0301   0.7845   0.7845   0.0114   0.0000  -0.1424   0.3385    0.432
    23  -0.7386   3.4500   2.0103   2.7046   0.0302   0.7843   0.7843   0.0114   0.0000  -0.1424   0.3384    0.432
    24  -1.4299   3.4500   2.7448   2.7023   0.0301   0.7836   0.7836   0.0115   0.0000  -0.1425   0.3383    0.432
    25  -2.3249   3.4500   3.4117   2.6968   0.0315   0.7820   0.7820   0.0117   0.0000  -0.1425   0.3379    0.432
    26  -3.4016   3.4500   3.9946   2.6863   0.0233   0.7789   0.7789   0.0122   0.0000  -0.1427   0.3374    0.433
    27  -4.6579   3.4027   4.5877   2.6682   0.0350   0.7867   0.7844   0.0123   0.0000  -0.1428   0.3379    0.432
    28  -6.0668   3.3014   4.8231   2.6405   0.0065   0.8024   0.8001   0.0123   0.0000  -0.1425   0.3416    0.428
    29  -7.5707   3.1934   4.9100   2.6029   0.0274   0.8178   0.8154   0.0124   0.0000  -0.1424   0.3453    0.425
    30  -9.1324   3.0811   4.8570   2.5553   0.0298   0.8320   0.8296   0.0129   0.0000  -0.1424   0.3488    0.422
    31 -10.7137   2.9675   4.6778   2.4971   0.0324   0.8442   0.8418   0.0138   0.0000  -0.1422   0.3516    0.419
    32 -12.2755   2.8552   4.3901   2.4269   0.0359   0.8527   0.8502   0.0153   0.0000  -0.1418   0.3534    0.417
    33 -13.7793   2.7471   4.0132   2.3416   0.0412   0.8550   0.8525   0.0172   0.0000  -0.1412   0.3534    0.416
    34 -15.1883   2.6458   3.5672   2.2352   0.0487   0.8472   0.8448   0.0201   0.0000  -0.1400   0.3503    0.416
    35 -16.4675   2.5539   3.0708   2.0983   0.0597   0.8238   0.8214   0.0238   0.0000  -0.1379   0.3424    0.418
    36 -17.5856   2.4735   2.5402   1.9163   0.0752   0.7765   0.7743   0.0280   0.0000  -0.1339   0.3267    0.423
    37 -18.5151   2.4067   1.9884   1.6692   0.0968   0.6948   0.6928   0.0317   0.0000  -0.1262   0.2988    0.432
    38 -19.2329   2.3551   1.4251   1.3334   0.1264   0.5669   0.5653   0.0325   0.0000  -0.1113   0.2522    0.447
    39 -19.7216   2.3200   0.8564   0.8873   0.1670   0.3827   0.3816   0.0270   0.0000  -0.0833   0.1785    0.468
    40 -19.9689   2.3022   0.2856   0.3201   0.2164   0.1391   0.1387   0.0112   0.0000  -0.0337   0.0683    0.493

  Surface # 3     Second Wing2                            
     # Chordwise = 12   # Spanwise = 24     First strip = 41
     Surface area =   12.000000       Ave. chord =    2.000000
     CLsurf  =   0.00345     Clsurf  =  -0.00023
     CYsurf  =  -0.00000     Cmsurf  =  -0.01203
     CDsurf  =   0.00015     Cnsurf  =  -0.00000
     CDisurf =   0.00015     CDvsurf =   0.00000

  Forces referred to Ssurf, Cave about hinge axis thru LE
     CLsurf  =   0.03443     CDsurf  =   0.00146
     Deflect =

 Strip Forces referred to Strip Area, Chord
    j      Yle    Chord     Area     c cl      ai      cl_norm  cl       cd       cdv    cm_c/4    cm_LE  C.P.x/c
    41   0.0064   2.0000   0.0513   0.0764   0.0301   0.0382   0.0382   0.0016   0.0000  -0.0015  -0.0111    0.290
    42   0.0576   2.0000   0.1531   0.0764   0.0301   0.0382   0.0382   0.0016   0.0000  -0.0015  -0.0111    0.290
    43   0.1592   2.0000   0.2523   0.0764   0.0299   0.0382   0.0382   0.0016   0.0000  -0.0015  -0.0111    0.290
    44   0.3094   2.0000   0.3471   0.0764   0.0302   0.0382   0.0382   0.0016   0.0000  -0.0015  -0.0111    0.290
    45   0.5056   2.0000   0.4360   0.0765   0.0282   0.0382   0.0382   0.0016   0.0000  -0.0015  -0.0111    0.290
    46   0.7445   2.0000   0.5175   0.0765   0.0302   0.0382   0.0382   0.0016   0.0000  -0.0015  -0.0111    0.290
    47   1.0220   2.0000   0.5901   0.0767   0.0352   0.0383   0.0383   0.0016   0.0000  -0.0015  -0.0111    0.290
    48   1.3333   2.0000   0.6526   0.0769   0.0299   0.0384   0.0384   0.0016   0.0000  -0.0015  -0.0111    0.289
    49   1.6731   2.0000   0.7039   0.0772   0.0323   0.0386   0.0386   0.0016   0.0000  -0.0015  -0.0111    0.289
    50   2.0357   2.0000   0.7432   0.0777   0.0285   0.0388   0.0388   0.0016   0.0000  -0.0015  -0.0112    0.288
    51   2.4147   2.0000   0.7698   0.0783   0.0318   0.0391   0.0391   0.0017   0.0000  -0.0014  -0.0112    0.286
    52   2.8038   2.0000   0.7832   0.0792   0.0532   0.0396   0.0396   0.0017   0.0000  -0.0013  -0.0112    0.283
    53   3.1962   2.0000   0.7832   0.0797   0.0314   0.0398   0.0398   0.0017   0.0000  -0.0012  -0.0111    0.279
    54   3.5853   2.0000   0.7698   0.0785   0.0356   0.0392   0.0392   0.0016   0.0000  -0.0010  -0.0108    0.276
    55   3.9643   2.0000   0.7432   0.0737   0.0709   0.0368   0.0368   0.0016   0.0000  -0.0010  -0.0102    0.277
    56   4.3269   2.0000   0.7039   0.0681   0.0300   0.0340   0.0340   0.0015   0.0000  -0.0009  -0.0094    0.277
    57   4.6667   2.0000   0.6526   0.0642   0.0354   0.0321   0.0321   0.0014   0.0000  -0.0007  -0.0087    0.270
    58   4.9780   2.0000   0.5901   0.0587   0.0408   0.0293   0.0293   0.0012   0.0000  -0.0005  -0.0078    0.266
    59   5.2555   2.0000   0.5175   0.0496   0.0581   0.0248   0.0248   0.0011   0.0000  -0.0005  -0.0067    0.272
    60   5.4944   2.0000   0.4360   0.0391   0.0174   0.0195   0.0195   0.0009   0.0000  -0.0007  -0.0056    0.284
    61   5.6906   2.0000   0.3471   0.0298   0.0262   0.0149   0.0149   0.0007   0.0000  -0.0006  -0.0044    0.292
    62   5.8408   2.0000   0.2523   0.0215   0.0295   0.0107   0.0107   0.0005   0.0000  -0.0005  -0.0031    0.292
    63   5.9424   2.0000   0.1531   0.0131   0.0318   0.0066   0.0066   0.0003   0.0000  -0.0003  -0.0019    0.289
    64   5.9936   2.0000   0.0513   0.0044   0.0330   0.0022   0.0022   0.0001   0.0000  -0.0001  -0.0006    0.286

  Surface # 4     Second Wing2 (YDUP)                     
     # Chordwise = 12   # Spanwise = 24     First strip = 65
     Surface area =   12.000000       Ave. chord =    2.000000
     CLsurf  =   0.00345     Clsurf  =   0.00023
     CYsurf  =   0.00000     Cmsurf  =  -0.01203
     CDsurf  =   0.00015     Cnsurf  =   0.00000
     CDisurf =   0.00015     CDvsurf =   0.00000

  Forces referred to Ssurf, Cave about hinge axis thru LE
     CLsurf  =   0.03443     CDsurf  =   0.00146
     Deflect =

 Strip Forces referred to Strip Area, Chord
    j      Yle    Chord     Area     c cl      ai      cl_norm  cl       cd       cdv    cm_c/4    cm_LE  C.P.x/c
    65  -0.0064   2.0000   0.0513   0.0764   0.0301   0.0382   0.0382   0.0016   0.0000  -0.0015   0.0111    0.290
    66  -0.0576   2.0000   0.1531   0.0764   0.0301   0.0382   0.0382   0.0016   0.0000  -0.0015   0.0111    0.290
    67  -0.1592   2.0000   0.2523   0.0764   0.0299   0.0382   0.0382   0.0016   0.0000  -0.0015   0.0111    0.290
    68  -0.3094   2.0000   0.3471   0.0764   0.0302   0.0382   0.0382   0.0016   0.0000  -0.0015   0.0111    0.290
    69  -0.5056   2.0000   0.4360   0.0765   0.0282   0.0382   0.0382   0.0016   0.0000  -0.0015   0.0111    0.290
    70  -0.7445   2.0000   0.5175   0.0765   0.0302   0.0382   0.0382   0.0016   0.0000  -0.0015   0.0111    0.290
    71  -1.0220   2.0000   0.5901   0.0767   0.0352   0.0383   0.0383   0.0016   0.0000  -0.0015   0.0111    0.290
    72  -1.3333   2.0000   0.6526   0.0769   0.0299   0.0384   0.0384   0.0016   0.0000  -0.0015   0.0111    0.289
    73  -1.6731   2.0000   0.7039   0.0772   0.0323   0.0386   0.0386   0.0016   0.0000  -0.0015   0.0111    0.289
    74  -2.0357   2.0000   0.7432   0.0777   0.0285   0.0388   0.0388   0.0016   0.0000  -0.0015   0.0112    0.288
    75  -2.4147   2.0000   0.7698   0.0783   0.0318   0.0391   0.0391   0.0017   0.0000  -0.0014   0.0112    0.286
    76  -2.8038   2.0000   0.7832   0.0792   0.0532   0.0396   0.0396   0.0017   0.0000  -0.0013   0.0112    0.283
    77  -3.1962   2.0000   0.7832   0.0797   0.0314   0.0398   0.0398   0.0017   0.0000  -0.0012   0.0111    0.279
    78  -3.5853   2.0000   0.7698   0.0785   0.0356   0.0392   0.0392   0.0016   0.0000  -0.0010   0.0108    0.276
    79  -3.9643   2.0000   0.7432   0.0737   0.0709   0.0368   0.0368   0.0016   0.0000  -0.0010   0.0102    0.277
    80  -4.3269   2.0000   0.7039   0.0681   0.0300   0.0340   0.0340   0.0015   0.0000  -0.0009   0.0094    0.277
    81  -4.6667   2.0000   0.6526   0.0642   0.0354   0.0321   0.0321   0.0014   0.0000  -0.0007   0.0087    0.270
    82  -4.9780   2.0000   0.5901   0.0587   0.0408   0.0293   0.0293   0.0012   0.0000  -0.0005   0.0078    0.266
    83  -5.2555   2.0000   0.5175   0.0496   0.0581   0.0248   0.0248   0.0011   0.0000  -0.0005   0.0067    0.272
    84  -5.4944   2.0000   0.4360   0.0391   0.0174   0.0195   0.0195   0.0009   0.0000  -0.0007   0.0056    0.284
    85  -5.6906   2.0000   0.3471   0.0298   0.0262   0.0149   0.0149   0.0007   0.0000  -0.0006   0.0044    0.292
    86  -5.8408   2.0000   0.2523   0.0215   0.0295   0.0107   0.0107   0.0005   0.0000  -0.0005   0.0031    0.292
    87  -5.9424   2.0000   0.1531   0.0131   0.0318   0.0066   0.0066   0.0003   0.0000  -0.0003   0.0019    0.289
    88  -5.9936   2.0000   0.0513   0.0044   0.0330   0.0022   0.0022   0.0001   0.0000  -0.0001   0.0006    0.286

  Surface # 5     Fin                                     
     # Chordwise = 12   # Spanwise = 12     First strip = 89
     Surface area =    4.000000       Ave. chord =    1.600000
     CLsurf  =   0.00000     Clsurf  =  -0.00001
     CYsurf  =  -0.00018     Cmsurf  =  -0.00000
     CDsurf  =  -0.00000     Cnsurf  =   0.00005
     CDisurf =  -0.00000     CDvsurf =   0.00000

  Forces referred to Ssurf, Cave about hinge axis thru LE
     CLsurf  =   0.00536     CDsurf  =  -0.00001
     Deflect =

 Strip Forces referred to Strip Area, Chord
    j      Yle    Chord     Area     c cl      ai      cl_norm  cl       cd       cdv    cm_c/4    cm_LE  C.P.x/c
    89   4.0000   1.9966   0.0850   0.0006  -0.1354   0.0003   0.0003   0.0000   0.0000  -0.0000  -0.0001    0.399
    90   4.0000   1.9696   0.2459   0.0018  -0.0181   0.0010   0.0009   0.0000   0.0000  -0.0001  -0.0004    0.411
    91   4.0000   1.9173   0.3809   0.0032  -0.0096   0.0018   0.0017  -0.0000   0.0000  -0.0003  -0.0007    0.406
    92   4.0000   1.8435   0.4773   0.0052  -0.0070   0.0031   0.0028  -0.0000   0.0000  -0.0003  -0.0010    0.362
    93   4.0000   1.7531   0.5285   0.0079  -0.0054   0.0049   0.0045  -0.0000   0.0000  -0.0003  -0.0014    0.306
    94   4.0000   1.6522   0.5345   0.0105  -0.0043   0.0069   0.0063  -0.0000   0.0000  -0.0001  -0.0017    0.267
    95   4.0000   1.5478   0.5007   0.0122  -0.0035   0.0085   0.0079  -0.0000   0.0000   0.0001  -0.0019    0.242
    96   4.0000   1.4469   0.4362   0.0125  -0.0029   0.0094   0.0087  -0.0000   0.0000   0.0002  -0.0019    0.224
    97   4.0000   1.3565   0.3512   0.0116  -0.0025   0.0092   0.0085  -0.0000   0.0000   0.0004  -0.0018    0.206
    98   4.0000   1.2827   0.2548   0.0093  -0.0022   0.0079   0.0073  -0.0000   0.0000   0.0005  -0.0014    0.186
    99   4.0000   1.2304   0.1537   0.0060  -0.0020   0.0053   0.0049  -0.0000   0.0000   0.0004  -0.0008    0.163
   100   4.0000   1.2034   0.0513   0.0021  -0.0019   0.0019   0.0017  -0.0000   0.0000   0.0002  -0.0003    0.146

  Surface # 6     Fin (YDUP)                              
     # Chordwise = 12   # Spanwise = 12     First strip =101
     Surface area =    4.000000       Ave. chord =    1.600000
     CLsurf  =   0.00000     Clsurf  =   0.00001
     CYsurf  =   0.00018     Cmsurf  =  -0.00000
     CDsurf  =  -0.00000     Cnsurf  =  -0.00005
     CDisurf =  -0.00000     CDvsurf =   0.00000

  Forces referred to Ssurf, Cave about hinge axis thru LE
     CLsurf  =   0.00536     CDsurf  =  -0.00001
     Deflect =

 Strip Forces referred to Strip Area, Chord
    j      Yle    Chord     Area     c cl      ai      cl_norm  cl       cd       cdv    cm_c/4    cm_LE  C.P.x/c
   101  -4.0000   1.9966   0.0850   0.0006  -0.1354   0.0003   0.0003   0.0000   0.0000  -0.0000   0.0001    0.399
   102  -4.0000   1.9696   0.2459   0.0018  -0.0181   0.0010   0.0009   0.0000   0.0000  -0.0001   0.0004    0.411
   103  -4.0000   1.9173   0.3809   0.0032  -0.0096   0.0018   0.0017  -0.0000   0.0000  -0.0003   0.0007    0.406
   104  -4.0000   1.8435   0.4773   0.0052  -0.0070   0.0031   0.0028  -0.0000   0.0000  -0.0003   0.0010    0.362
   105  -4.0000   1.7531   0.5285   0.0079  -0.0054   0.0049   0.0045  -0.0000   0.0000  -0.0003   0.0014    0.306
   106  -4.0000   1.6522   0.5345   0.0105  -0.0043   0.0069   0.0063  -0.0000   0.0000  -0.0001   0.0017    0.267
   107  -4.0000   1.5478   0.5007   0.0122  -0.0035   0.0085   0.0079  -0.0000   0.0000   0.0001   0.0019    0.242
   108  -4.0000   1.4469   0.4362   0.0125  -0.0029   0.0094   0.0087  -0.0000   0.0000   0.0002   0.0019    0.224
   109  -4.0000   1.3565   0.3512   0.0116  -0.0025   0.0092   0.0085  -0.0000   0.0000   0.0004   0.0018    0.206
   110  -4.0000   1.2827   0.2548   0.0093  -0.0022   0.0079   0.0073  -0.0000   0.0000   0.0005   0.0014    0.186
   111  -4.0000   1.2304   0.1537   0.0060  -0.0020   0.0053   0.0049  -0.0000   0.0000   0.0004   0.0008    0.163
   112  -4.0000   1.2034   0.0513   0.0021  -0.0019   0.0019   0.0017  -0.0000   0.0000   0.0002   0.0003    0.146
 ---------------------------------------------------------------
