 ---------------------------------------------------------------
 Surface and Strip Forces by surface

  Forces referred to Sref, Cref, Bref about Xref, Yref, Zref
 Standard axis orientation,  X fwd, Z down         

  Surface # 1     FrontWing                               
     # Chordwise = 12   # Spanwise = 20     First strip =  1
     Surface area =   59.792652       Ave. chord =    2.989631
     CLsurf  =   0.48620     Clsurf  =  -0.11033
     CYsurf  =   0.00104     Cmsurf  =  -0.25504
     CDsurf  =   0.01168     Cnsurf  =  -0.00580
     CDisurf =   0.01168     CDvsurf =   0.00000

  Forces referred to Ssurf, Cave about hinge axis thru LE
     CLsurf  =   0.97252     CDsurf  =   0.02336
     Deflect =

 Strip Forces referred to Strip Area, Chord
    j      Yle    Chord     Area     c cl      ai      cl_norm  cl       cd       cdv    cm_c/4    cm_LE  C.P.x/c
     1   0.0299   3.4500   0.4122   3.3537   0.0462   0.9739   0.9739   0.0176   0.0000  -0.1417  -0.3848    0.396
     2   0.2681   3.4500   1.2263   3.3535   0.0461   0.9738   0.9738   0.0176   0.0000  -0.1417  -0.3847    0.396
     3   0.7386   3.4500   2.0103   3.3525   0.0464   0.9735   0.9735   0.0176   0.0000  -0.1417  -0.3847    0.396
     4   1.4299   3.4500   2.7448   3.3491   0.0479   0.9725   0.9725   0.0178   0.0000  -0.1418  -0.3844    0.396
     5   2.3249   3.4500   3.4117   3.3412   0.0470   0.9702   0.9702   0.0181   0.0000  -0.1418  -0.3840    0.396
     6   3.4016   3.4500   3.9946   3.3259  -0.0170   0.9657   0.9657   0.0191   0.0000  -0.1422  -0.3832    0.397
     7   4.6579   3.4027   4.5877   3.2997   0.0572   0.9742   0.9714   0.0192   0.0000  -0.1422  -0.3836    0.396
     8   6.0668   3.3014   4.8231   3.2593  -0.0590   0.9918   0.9890   0.0188   0.0000  -0.1418  -0.3876    0.393
     9   7.5707   3.1934   4.9100   3.2050   0.0275   1.0084   1.0055   0.0185   0.0000  -0.1417  -0.3915    0.391
    10   9.1324   3.0811   4.8570   3.1372   0.0335   1.0230   1.0200   0.0190   0.0000  -0.1415  -0.3951    0.389
    11  10.7137   2.9675   4.6778   3.0559   0.0375   1.0345   1.0316   0.0203   0.0000  -0.1413  -0.3977    0.387
    12  12.2755   2.8552   4.3901   2.9598   0.0421   1.0413   1.0383   0.0221   0.0000  -0.1409  -0.3990    0.386
    13  13.7793   2.7471   4.0132   2.8455   0.0485   1.0402   1.0372   0.0248   0.0000  -0.1401  -0.3980    0.385
    14  15.1883   2.6458   3.5672   2.7064   0.0575   1.0269   1.0239   0.0287   0.0000  -0.1387  -0.3934    0.385
    15  16.4675   2.5539   3.0708   2.5311   0.0704   0.9945   0.9916   0.0336   0.0000  -0.1361  -0.3829    0.387
    16  17.5856   2.4735   2.5402   2.3022   0.0886   0.9333   0.9306   0.0393   0.0000  -0.1314  -0.3631    0.391
    17  18.5151   2.4067   1.9884   1.9957   0.1135   0.8307   0.8284   0.0440   0.0000  -0.1227  -0.3291    0.398
    18  19.2329   2.3551   1.4251   1.5844   0.1463   0.6733   0.6713   0.0448   0.0000  -0.1068  -0.2743    0.409
    19  19.7216   2.3200   0.8564   1.0463   0.1896   0.4508   0.4495   0.0368   0.0000  -0.0789  -0.1912    0.426
    20  19.9689   2.3022   0.2856   0.3747   0.2406   0.1625   0.1620   0.0152   0.0000  -0.0317  -0.0722    0.445

  Surface # 2     FrontWing (YDUP)                        
     # Chordwise = 12   # Spanwise = 20     First strip = 21
     Surface area =   59.792652       Ave. chord =    2.989631
     CLsurf  =   0.48620     Clsurf  =   0.11033
     CYsurf  =  -0.00104     Cmsurf  =  -0.25504
     CDsurf  =   0.01168     Cnsurf  =   0.00580
     CDisurf =   0.01168     CDvsurf =   0.00000

  Forces referred to Ssurf, Cave about hinge axis thru LE
     CLsurf  =   0.97252     CDsurf  =   0.02336
     Deflect =

 Strip Forces referred to Strip Area, Chord
    j      Yle    Chord     Area     c cl      ai      cl_norm  cl       cd       cdv    cm_c/4    cm_LE  C.P.x/c
    21  -0.0299   3.4500   0.4122   3.3537   0.0462   0.9739   0.9739   0.0176   0.0000  -0.1417   0.3848    0.396
    22  -0.2681   3.4500   1.2263   3.3535   0.0461   0.9738   0.9738   0.0176   0.0000  -0.1417   0.3847    0.396
    23  -0.7386   3.4500   2.0103   3.3525   0.0464   0.9735   0.9735   0.0176   0.0000  -0.1417   0.3847    0.396
    24  -1.4299   3.4500   2.7448   3.3491   0.0479   0.9725   0.9725   0.0178   0.0000  -0.1418   0.3844    0.396
    25  -2.3249   3.4500   3.4117   3.3412   0.0470   0.9702   0.9702   0.0181   0.0000  -0.1418   0.3840    0.396
    26  -3.4016   3.4500   3.9946   3.3259  -0.0170   0.9657   0.9657   0.0191   0.0000  -0.1422   0.3832    0.397
    27  -4.6579   3.4027   4.5877   3.2997   0.0572   0.9742   0.9714   0.0192   0.0000  -0.1422   0.3836    0.396
    28  -6.0668   3.3014   4.8231   3.2593  -0.0590   0.9918   0.9890   0.0188   0.0000  -0.1418   0.3876    0.393
    29  -7.5707   3.1934   4.9100   3.2050   0.0275   1.0084   1.0055   0.0185   0.0000  -0.1417   0.3915    0.391
    30  -9.1324   3.0811   4.8570   3.1372   0.0335   1.0230   1.0200   0.0190   0.0000  -0.1415   0.3951    0.389
    31 -10.7137   2.9675   4.6778   3.0559   0.0375   1.0345   1.0316   0.0203   0.0000  -0.1413   0.3977    0.387
    32 -12.2755   2.8552   4.3901   2.9598   0.0421   1.0413   1.0383   0.0221   0.0000  -0.1409   0.3990    0.386
    33 -13.7793   2.7471   4.0132   2.8455   0.0485   1.0402   1.0372   0.0248   0.0000  -0.1401   0.3980    0.385
    34 -15.1883   2.6458   3.5672   2.7064   0.0575   1.0269   1.0239   0.0287   0.0000  -0.1387   0.3934    0.385
    35 -16.4675   2.5539   3.0708   2.5311   0.0704   0.9945   0.9916   0.0336   0.0000  -0.1361   0.3829    0.387
    36 -17.5856   2.4735   2.5402   2.3022   0.0886   0.9333   0.9306   0.0393   0.0000  -0.1314   0.3631    0.391
    37 -18.5151   2.4067   1.9884   1.9957   0.1135   0.8307   0.8284   0.0440   0.0000  -0.1227   0.3291    0.398
    38 -19.2329   2.3551   1.4251   1.5844   0.1463   0.6733   0.6713   0.0448   0.0000  -0.1068   0.2743    0.409
    39 -19.7216   2.3200   0.8564   1.0463   0.1896   0.4508   0.4495   0.0368   0.0000  -0.0789   0.1912    0.426
    40 -19.9689   2.3022   0.2856   0.3747   0.2406   0.1625   0.1620   0.0152   0.0000  -0.0317   0.0722    0.445

  Surface # 3     Second Wing2                            
     # Chordwise = 12   # Spanwise = 24     First strip = 41
     Surface area =   12.000000       Ave. chord =    2.000000
     CLsurf  =   0.01380     Clsurf  =  -0.00092
     CYsurf  =   0.00000     Cmsurf  =  -0.04780
     CDsurf  =   0.00081     Cnsurf  =  -0.00002
     CDisurf =   0.00081     CDvsurf =   0.00000

  Forces referred to Ssurf, Cave about hinge axis thru LE
     CLsurf  =   0.13754     CDsurf  =   0.00804
     Deflect =

 Strip Forces referred to Strip Area, Chord
    j      Yle    Chord     Area     c cl      ai      cl_norm  cl       cd       cdv    cm_c/4    cm_LE  C.P.x/c
    41   0.0064   2.0000   0.0513   0.3200   0.0462   0.1598   0.1598   0.0092   0.0000  -0.0014  -0.0414    0.259
    42   0.0576   2.0000   0.1531   0.3200   0.0463   0.1598   0.1598   0.0092   0.0000  -0.0014  -0.0414    0.259
    43   0.1592   2.0000   0.2523   0.3200   0.0459   0.1598   0.1598   0.0092   0.0000  -0.0014  -0.0414    0.259
    44   0.3094   2.0000   0.3471   0.3199   0.0464   0.1597   0.1597   0.0092   0.0000  -0.0014  -0.0414    0.259
    45   0.5056   2.0000   0.4360   0.3197   0.0434   0.1596   0.1596   0.0092   0.0000  -0.0014  -0.0414    0.259
    46   0.7445   2.0000   0.5175   0.3194   0.0464   0.1595   0.1595   0.0092   0.0000  -0.0014  -0.0413    0.259
    47   1.0220   2.0000   0.5901   0.3189   0.0538   0.1592   0.1592   0.0092   0.0000  -0.0014  -0.0413    0.259
    48   1.3333   2.0000   0.6526   0.3181   0.0461   0.1589   0.1589   0.0091   0.0000  -0.0014  -0.0411    0.259
    49   1.6731   2.0000   0.7039   0.3171   0.0498   0.1583   0.1583   0.0091   0.0000  -0.0013  -0.0410    0.258
    50   2.0357   2.0000   0.7432   0.3157   0.0443   0.1576   0.1576   0.0091   0.0000  -0.0013  -0.0407    0.258
    51   2.4147   2.0000   0.7698   0.3138   0.0494   0.1567   0.1567   0.0090   0.0000  -0.0011  -0.0404    0.257
    52   2.8038   2.0000   0.7832   0.3112   0.0806   0.1554   0.1554   0.0089   0.0000  -0.0009  -0.0398    0.256
    53   3.1962   2.0000   0.7832   0.3069   0.0490   0.1532   0.1532   0.0088   0.0000  -0.0007  -0.0390    0.254
    54   3.5853   2.0000   0.7698   0.2982   0.0547   0.1489   0.1489   0.0086   0.0000  -0.0003  -0.0376    0.252
    55   3.9643   2.0000   0.7432   0.2820   0.1009   0.1408   0.1408   0.0082   0.0000   0.0000  -0.0352    0.250
    56   4.3269   2.0000   0.7039   0.2626   0.0515   0.1311   0.1311   0.0078   0.0000   0.0005  -0.0324    0.246
    57   4.6667   2.0000   0.6526   0.2446   0.0587   0.1221   0.1221   0.0073   0.0000   0.0011  -0.0295    0.241
    58   4.9780   2.0000   0.5901   0.2231   0.0669   0.1114   0.1114   0.0067   0.0000   0.0016  -0.0263    0.236
    59   5.2555   2.0000   0.5175   0.1948   0.0933   0.0972   0.0972   0.0060   0.0000   0.0017  -0.0226    0.232
    60   5.4944   2.0000   0.4360   0.1622   0.0353   0.0809   0.0809   0.0052   0.0000   0.0017  -0.0186    0.229
    61   5.6906   2.0000   0.3471   0.1286   0.0490   0.0642   0.0642   0.0042   0.0000   0.0017  -0.0144    0.223
    62   5.8408   2.0000   0.2523   0.0938   0.0544   0.0468   0.0468   0.0032   0.0000   0.0016  -0.0101    0.216
    63   5.9424   2.0000   0.1531   0.0573   0.0579   0.0286   0.0286   0.0020   0.0000   0.0012  -0.0060    0.209
    64   5.9936   2.0000   0.0513   0.0193   0.0598   0.0096   0.0096   0.0007   0.0000   0.0004  -0.0020    0.205

  Surface # 4     Second Wing2 (YDUP)                     
     # Chordwise = 12   # Spanwise = 24     First strip = 65
     Surface area =   12.000000       Ave. chord =    2.000000
     CLsurf  =   0.01380     Clsurf  =   0.00092
     CYsurf  =   0.00000     Cmsurf  =  -0.04780
     CDsurf  =   0.00081     Cnsurf  =   0.00002
     CDisurf =   0.00081     CDvsurf =   0.00000

  Forces referred to Ssurf, Cave about hinge axis thru LE
     CLsurf  =   0.13754     CDsurf  =   0.00804
     Deflect =

 Strip Forces referred to Strip Area, Chord
    j      Yle    Chord     Area     c cl      ai      cl_norm  cl       cd       cdv    cm_c/4    cm_LE  C.P.x/c
    65  -0.0064   2.0000   0.0513   0.3200   0.0462   0.1598   0.1598   0.0092   0.0000  -0.0014   0.0414    0.259
    66  -0.0576   2.0000   0.1531   0.3200   0.0463   0.1598   0.1598   0.0092   0.0000  -0.0014   0.0414    0.259
    67  -0.1592   2.0000   0.2523   0.3200   0.0459   0.1598   0.1598   0.0092   0.0000  -0.0014   0.0414    0.259
    68  -0.3094   2.0000   0.3471   0.3199   0.0464   0.1597   0.1597   0.0092   0.0000  -0.0014   0.0414    0.259
    69  -0.5056   2.0000   0.4360   0.3197   0.0434   0.1596   0.1596   0.0092   0.0000  -0.0014   0.0414    0.259
    70  -0.7445   2.0000   0.5175   0.3194   0.0464   0.1595   0.1595   0.0092   0.0000  -0.0014   0.0413    0.259
    71  -1.0220   2.0000   0.5901   0.3189   0.0538   0.1592   0.1592   0.0092   0.0000  -0.0014   0.0413    0.259
    72  -1.3333   2.0000   0.6526   0.3181   0.0461   0.1589   0.1589   0.0091   0.0000  -0.0014   0.0411    0.259
    73  -1.6731   2.0000   0.7039   0.3171   0.0498   0.1583   0.1583   0.0091   0.0000  -0.0013   0.0410    0.258
    74  -2.0357   2.0000   0.7432   0.3157   0.0443   0.1576   0.1576   0.0091   0.0000  -0.0013   0.0407    0.258
    75  -2.4147   2.0000   0.7698   0.3138   0.0494   0.1567   0.1567   0.0090   0.0000  -0.0011   0.0404    0.257
    76  -2.8038   2.0000   0.7832   0.3112   0.0806   0.1554   0.1554   0.0089   0.0000  -0.0009   0.0398    0.256
    77  -3.1962   2.0000   0.7832   0.3069   0.0490   0.1532   0.1532   0.0088   0.0000  -0.0007   0.0390    0.254
    78  -3.5853   2.0000   0.7698   0.2982   0.0547   0.1489   0.1489   0.0086   0.0000  -0.0003   0.0376    0.252
    79  -3.9643   2.0000   0.7432   0.2820   0.1009   0.1408   0.1408   0.0082   0.0000   0.0000   0.0352    0.250
    80  -4.3269   2.0000   0.7039   0.2626   0.0515   0.1311   0.1311   0.0078   0.0000   0.0005   0.0324    0.246
    81  -4.6667   2.0000   0.6526   0.2446   0.0587   0.1221   0.1221   0.0073   0.0000   0.0011   0.0295    0.241
    82  -4.9780   2.0000   0.5901   0.2231   0.0669   0.1114   0.1114   0.0067   0.0000   0.0016   0.0263    0.236
    83  -5.2555   2.0000   0.5175   0.1948   0.0933   0.0972   0.0972   0.0060   0.0000   0.0017   0.0226    0.232
    84  -5.4944   2.0000   0.4360   0.1622   0.0353   0.0809   0.0809   0.0052   0.0000   0.0017   0.0186    0.229
    85  -5.6906   2.0000   0.3471   0.1286   0.0490   0.0642   0.0642   0.0042   0.0000   0.0017   0.0144    0.223
    86  -5.8408   2.0000   0.2523   0.0938   0.0544   0.0468   0.0468   0.0032   0.0000   0.0016   0.0101    0.216
    87  -5.9424   2.0000   0.1531   0.0573   0.0579   0.0286   0.0286   0.0020   0.0000   0.0012   0.0060    0.209
    88  -5.9936   2.0000   0.0513   0.0193   0.0598   0.0096   0.0096   0.0007   0.0000   0.0004   0.0020    0.205

  Surface # 5     Fin                                     
     # Chordwise = 12   # Spanwise = 12     First strip = 89
     Surface area =    4.000000       Ave. chord =    1.600000
     CLsurf  =   0.00000     Clsurf  =  -0.00002
     CYsurf  =  -0.00056     Cmsurf  =  -0.00000
     CDsurf  =  -0.00000     Cnsurf  =   0.00015
     CDisurf =  -0.00000     CDvsurf =   0.00000

  Forces referred to Ssurf, Cave about hinge axis thru LE
     CLsurf  =   0.01663     CDsurf  =  -0.00005
     Deflect =

 Strip Forces referred to Strip Area, Chord
    j      Yle    Chord     Area     c cl      ai      cl_norm  cl       cd       cdv    cm_c/4    cm_LE  C.P.x/c
    89   4.0000   1.9966   0.0850   0.0025  -0.1982   0.0014   0.0012   0.0000   0.0000  -0.0001  -0.0004    0.345
    90   4.0000   1.9696   0.2459   0.0081  -0.0304   0.0045   0.0041  -0.0000   0.0000  -0.0004  -0.0014    0.343
    91   4.0000   1.9173   0.3809   0.0150  -0.0182   0.0087   0.0078  -0.0000   0.0000  -0.0006  -0.0026    0.332
    92   4.0000   1.8435   0.4773   0.0226  -0.0131   0.0136   0.0123  -0.0000   0.0000  -0.0008  -0.0039    0.313
    93   4.0000   1.7531   0.5285   0.0296  -0.0102   0.0187   0.0169  -0.0000   0.0000  -0.0007  -0.0049    0.289
    94   4.0000   1.6522   0.5345   0.0343  -0.0085   0.0230   0.0208  -0.0001   0.0000  -0.0004  -0.0057    0.269
    95   4.0000   1.5478   0.5007   0.0360  -0.0073   0.0257   0.0232  -0.0001   0.0000  -0.0001  -0.0060    0.253
    96   4.0000   1.4469   0.4362   0.0345  -0.0064   0.0264   0.0238  -0.0001   0.0000   0.0003  -0.0058    0.238
    97   4.0000   1.3565   0.3512   0.0302  -0.0057   0.0246   0.0222  -0.0001   0.0000   0.0006  -0.0051    0.222
    98   4.0000   1.2827   0.2548   0.0235  -0.0051   0.0203   0.0183  -0.0001   0.0000   0.0009  -0.0039    0.203
    99   4.0000   1.2304   0.1537   0.0149  -0.0046   0.0134   0.0121  -0.0001   0.0000   0.0008  -0.0023    0.182
   100   4.0000   1.2034   0.0513   0.0051  -0.0043   0.0047   0.0043  -0.0000   0.0000   0.0004  -0.0008    0.166

  Surface # 6     Fin (YDUP)                              
     # Chordwise = 12   # Spanwise = 12     First strip =101
     Surface area =    4.000000       Ave. chord =    1.600000
     CLsurf  =   0.00000     Clsurf  =   0.00002
     CYsurf  =   0.00056     Cmsurf  =  -0.00000
     CDsurf  =  -0.00000     Cnsurf  =  -0.00015
     CDisurf =  -0.00000     CDvsurf =   0.00000

  Forces referred to Ssurf, Cave about hinge axis thru LE
     CLsurf  =   0.01663     CDsurf  =  -0.00005
     Deflect =

 Strip Forces referred to Strip Area, Chord
    j      Yle    Chord     Area     c cl      ai      cl_norm  cl       cd       cdv    cm_c/4    cm_LE  C.P.x/c
   101  -4.0000   1.9966   0.0850   0.0025  -0.1982   0.0014   0.0012   0.0000   0.0000  -0.0001   0.0004    0.345
   102  -4.0000   1.9696   0.2459   0.0081  -0.0304   0.0045   0.0041  -0.0000   0.0000  -0.0004   0.0014    0.343
   103  -4.0000   1.9173   0.3809   0.0150  -0.0182   0.0087   0.0078  -0.0000   0.0000  -0.0006   0.0026    0.332
   104  -4.0000   1.8435   0.4773   0.0226  -0.0131   0.0136   0.0123  -0.0000   0.0000  -0.0008   0.0039    0.313
   105  -4.0000   1.7531   0.5285   0.0296  -0.0102   0.0187   0.0169  -0.0000   0.0000  -0.0007   0.0049    0.289
   106  -4.0000   1.6522   0.5345   0.0343  -0.0085   0.0230   0.0208  -0.0001   0.0000  -0.0004   0.0057    0.269
   107  -4.0000   1.5478   0.5007   0.0360  -0.0073   0.0257   0.0232  -0.0001   0.0000  -0.0001   0.0060    0.253
   108  -4.0000   1.4469   0.4362   0.0345  -0.0064   0.0264   0.0238  -0.0001   0.0000   0.0003   0.0058    0.238
   109  -4.0000   1.3565   0.3512   0.0302  -0.0057   0.0246   0.0222  -0.0001   0.0000   0.0006   0.0051    0.222
   110  -4.0000   1.2827   0.2548   0.0235  -0.0051   0.0203   0.0183  -0.0001   0.0000   0.0009   0.0039    0.203
   111  -4.0000   1.2304   0.1537   0.0149  -0.0046   0.0134   0.0121  -0.0001   0.0000   0.0008   0.0023    0.182
   112  -4.0000   1.2034   0.0513   0.0051  -0.0043   0.0047   0.0043  -0.0000   0.0000   0.0004   0.0008    0.166
 ---------------------------------------------------------------
