 ---------------------------------------------------------------
 Surface and Strip Forces by surface

  Forces referred to Sref, Cref, Bref about Xref, Yref, Zref
 Standard axis orientation,  X fwd, Z down         

  Surface # 1     FrontWing                               
     # Chordwise = 12   # Spanwise = 20     First strip =  1
     Surface area =   59.792652       Ave. chord =    2.989631
     CLsurf  =   0.53102     Clsurf  =  -0.12009
     CYsurf  =   0.00119     Cmsurf  =  -0.27143
     CDsurf  =   0.01380     Cnsurf  =  -0.00813
     CDisurf =   0.01380     CDvsurf =   0.00000

  Forces referred to Ssurf, Cave about hinge axis thru LE
     CLsurf  =   1.06217     CDsurf  =   0.02759
     Deflect =

 Strip Forces referred to Strip Area, Chord
    j      Yle    Chord     Area     c cl      ai      cl_norm  cl       cd       cdv    cm_c/4    cm_LE  C.P.x/c
     1   0.0299   3.4500   0.4122   3.6760   0.0542   1.0686   1.0686   0.0212   0.0000  -0.1413  -0.4076    0.382
     2   0.2681   3.4500   1.2263   3.6758   0.0541   1.0686   1.0686   0.0212   0.0000  -0.1413  -0.4076    0.382
     3   0.7386   3.4500   2.0103   3.6746   0.0545   1.0682   1.0682   0.0212   0.0000  -0.1413  -0.4075    0.382
     4   1.4299   3.4500   2.7448   3.6707   0.0568   1.0670   1.0670   0.0214   0.0000  -0.1413  -0.4073    0.382
     5   2.3249   3.4500   3.4117   3.6616   0.0549   1.0643   1.0643   0.0219   0.0000  -0.1414  -0.4067    0.383
     6   3.4016   3.4500   3.9946   3.6440  -0.0373   1.0591   1.0591   0.0231   0.0000  -0.1418  -0.4058    0.384
     7   4.6579   3.4027   4.5877   3.6136   0.0684   1.0679   1.0648   0.0232   0.0000  -0.1418  -0.4062    0.383
     8   6.0668   3.3014   4.8231   3.5669  -0.0919   1.0866   1.0834   0.0225   0.0000  -0.1413  -0.4103    0.380
     9   7.5707   3.1934   4.9100   3.5043   0.0276   1.1037   1.1005   0.0221   0.0000  -0.1411  -0.4144    0.378
    10   9.1324   3.0811   4.8570   3.4265   0.0353   1.1185   1.1153   0.0226   0.0000  -0.1410  -0.4179    0.376
    11  10.7137   2.9675   4.6778   3.3336   0.0401   1.1297   1.1265   0.0239   0.0000  -0.1407  -0.4205    0.375
    12  12.2755   2.8552   4.3901   3.2246   0.0452   1.1356   1.1323   0.0260   0.0000  -0.1403  -0.4215    0.374
    13  13.7793   2.7471   4.0132   3.0959   0.0521   1.1328   1.1296   0.0290   0.0000  -0.1394  -0.4201    0.373
    14  15.1883   2.6458   3.5672   2.9404   0.0619   1.1166   1.1134   0.0335   0.0000  -0.1379  -0.4147    0.374
    15  16.4675   2.5539   3.0708   2.7460   0.0758   1.0797   1.0766   0.0391   0.0000  -0.1351  -0.4029    0.376
    16  17.5856   2.4735   2.5402   2.4938   0.0953   1.0115   1.0086   0.0456   0.0000  -0.1301  -0.3811    0.379
    17  18.5151   2.4067   1.9884   2.1577   0.1218   0.8984   0.8959   0.0510   0.0000  -0.1208  -0.3441    0.385
    18  19.2329   2.3551   1.4251   1.7090   0.1563   0.7262   0.7241   0.0516   0.0000  -0.1045  -0.2852    0.394
    19  19.7216   2.3200   0.8564   1.1251   0.2009   0.4845   0.4831   0.0423   0.0000  -0.0766  -0.1974    0.409
    20  19.9689   2.3022   0.2856   0.4017   0.2527   0.1741   0.1736   0.0175   0.0000  -0.0306  -0.0740    0.426

  Surface # 2     FrontWing (YDUP)                        
     # Chordwise = 12   # Spanwise = 20     First strip = 21
     Surface area =   59.792652       Ave. chord =    2.989631
     CLsurf  =   0.53102     Clsurf  =   0.12009
     CYsurf  =  -0.00119     Cmsurf  =  -0.27143
     CDsurf  =   0.01380     Cnsurf  =   0.00813
     CDisurf =   0.01380     CDvsurf =   0.00000

  Forces referred to Ssurf, Cave about hinge axis thru LE
     CLsurf  =   1.06217     CDsurf  =   0.02759
     Deflect =

 Strip Forces referred to Strip Area, Chord
    j      Yle    Chord     Area     c cl      ai      cl_norm  cl       cd       cdv    cm_c/4    cm_LE  C.P.x/c
    21  -0.0299   3.4500   0.4122   3.6760   0.0542   1.0686   1.0686   0.0212   0.0000  -0.1413   0.4076    0.382
    22  -0.2681   3.4500   1.2263   3.6758   0.0541   1.0686   1.0686   0.0212   0.0000  -0.1413   0.4076    0.382
    23  -0.7386   3.4500   2.0103   3.6746   0.0545   1.0682   1.0682   0.0212   0.0000  -0.1413   0.4075    0.382
    24  -1.4299   3.4500   2.7448   3.6707   0.0568   1.0670   1.0670   0.0214   0.0000  -0.1413   0.4073    0.382
    25  -2.3249   3.4500   3.4117   3.6616   0.0549   1.0643   1.0643   0.0219   0.0000  -0.1414   0.4067    0.383
    26  -3.4016   3.4500   3.9946   3.6440  -0.0373   1.0591   1.0591   0.0231   0.0000  -0.1418   0.4058    0.384
    27  -4.6579   3.4027   4.5877   3.6136   0.0684   1.0679   1.0648   0.0232   0.0000  -0.1418   0.4062    0.383
    28  -6.0668   3.3014   4.8231   3.5669  -0.0919   1.0866   1.0834   0.0225   0.0000  -0.1413   0.4103    0.380
    29  -7.5707   3.1934   4.9100   3.5043   0.0276   1.1037   1.1005   0.0221   0.0000  -0.1411   0.4144    0.378
    30  -9.1324   3.0811   4.8570   3.4265   0.0353   1.1185   1.1153   0.0226   0.0000  -0.1410   0.4179    0.376
    31 -10.7137   2.9675   4.6778   3.3336   0.0401   1.1297   1.1265   0.0239   0.0000  -0.1407   0.4205    0.375
    32 -12.2755   2.8552   4.3901   3.2246   0.0452   1.1356   1.1323   0.0260   0.0000  -0.1403   0.4215    0.374
    33 -13.7793   2.7471   4.0132   3.0959   0.0521   1.1328   1.1296   0.0290   0.0000  -0.1394   0.4201    0.373
    34 -15.1883   2.6458   3.5672   2.9404   0.0619   1.1166   1.1134   0.0335   0.0000  -0.1379   0.4147    0.374
    35 -16.4675   2.5539   3.0708   2.7460   0.0758   1.0797   1.0766   0.0391   0.0000  -0.1351   0.4029    0.376
    36 -17.5856   2.4735   2.5402   2.4938   0.0953   1.0115   1.0086   0.0456   0.0000  -0.1301   0.3811    0.379
    37 -18.5151   2.4067   1.9884   2.1577   0.1218   0.8984   0.8959   0.0510   0.0000  -0.1208   0.3441    0.385
    38 -19.2329   2.3551   1.4251   1.7090   0.1563   0.7262   0.7241   0.0516   0.0000  -0.1045   0.2852    0.394
    39 -19.7216   2.3200   0.8564   1.1251   0.2009   0.4845   0.4831   0.0423   0.0000  -0.0766   0.1974    0.409
    40 -19.9689   2.3022   0.2856   0.4017   0.2527   0.1741   0.1736   0.0175   0.0000  -0.0306   0.0740    0.426

  Surface # 3     Second Wing2                            
     # Chordwise = 12   # Spanwise = 24     First strip = 41
     Surface area =   12.000000       Ave. chord =    2.000000
     CLsurf  =   0.01898     Clsurf  =  -0.00127
     CYsurf  =  -0.00000     Cmsurf  =  -0.06571
     CDsurf  =   0.00126     Cnsurf  =  -0.00004
     CDisurf =   0.00126     CDvsurf =   0.00000

  Forces referred to Ssurf, Cave about hinge axis thru LE
     CLsurf  =   0.18914     CDsurf  =   0.01255
     Deflect =

 Strip Forces referred to Strip Area, Chord
    j      Yle    Chord     Area     c cl      ai      cl_norm  cl       cd       cdv    cm_c/4    cm_LE  C.P.x/c
    41   0.0064   2.0000   0.0513   0.4420   0.0543   0.2206   0.2206   0.0143   0.0000  -0.0014  -0.0566    0.256
    42   0.0576   2.0000   0.1531   0.4419   0.0544   0.2206   0.2206   0.0143   0.0000  -0.0014  -0.0566    0.256
    43   0.1592   2.0000   0.2523   0.4419   0.0539   0.2206   0.2206   0.0143   0.0000  -0.0014  -0.0566    0.256
    44   0.3094   2.0000   0.3471   0.4418   0.0545   0.2206   0.2206   0.0143   0.0000  -0.0014  -0.0566    0.256
    45   0.5056   2.0000   0.4360   0.4415   0.0511   0.2204   0.2204   0.0143   0.0000  -0.0014  -0.0566    0.256
    46   0.7445   2.0000   0.5175   0.4410   0.0546   0.2202   0.2202   0.0143   0.0000  -0.0014  -0.0565    0.256
    47   1.0220   2.0000   0.5901   0.4402   0.0631   0.2198   0.2198   0.0143   0.0000  -0.0013  -0.0564    0.256
    48   1.3333   2.0000   0.6526   0.4390   0.0543   0.2192   0.2192   0.0143   0.0000  -0.0013  -0.0562    0.256
    49   1.6731   2.0000   0.7039   0.4373   0.0586   0.2183   0.2183   0.0142   0.0000  -0.0012  -0.0559    0.256
    50   2.0357   2.0000   0.7432   0.4349   0.0523   0.2171   0.2171   0.0142   0.0000  -0.0012  -0.0555    0.255
    51   2.4147   2.0000   0.7698   0.4317   0.0582   0.2155   0.2155   0.0141   0.0000  -0.0010  -0.0550    0.255
    52   2.8038   2.0000   0.7832   0.4274   0.0944   0.2133   0.2133   0.0139   0.0000  -0.0008  -0.0542    0.254
    53   3.1962   2.0000   0.7832   0.4206   0.0578   0.2100   0.2100   0.0137   0.0000  -0.0004  -0.0530    0.252
    54   3.5853   2.0000   0.7698   0.4083   0.0643   0.2038   0.2038   0.0134   0.0000   0.0000  -0.0510    0.250
    55   3.9643   2.0000   0.7432   0.3863   0.1159   0.1928   0.1928   0.0129   0.0000   0.0005  -0.0478    0.247
    56   4.3269   2.0000   0.7039   0.3598   0.0623   0.1796   0.1796   0.0122   0.0000   0.0012  -0.0438    0.244
    57   4.6667   2.0000   0.6526   0.3349   0.0704   0.1671   0.1671   0.0114   0.0000   0.0020  -0.0399    0.238
    58   4.9780   2.0000   0.5901   0.3054   0.0800   0.1524   0.1524   0.0105   0.0000   0.0026  -0.0355    0.233
    59   5.2555   2.0000   0.5175   0.2674   0.1110   0.1334   0.1334   0.0095   0.0000   0.0029  -0.0305    0.228
    60   5.4944   2.0000   0.4360   0.2238   0.0444   0.1116   0.1116   0.0083   0.0000   0.0029  -0.0251    0.224
    61   5.6906   2.0000   0.3471   0.1780   0.0605   0.0888   0.0888   0.0068   0.0000   0.0029  -0.0194    0.218
    62   5.8408   2.0000   0.2523   0.1300   0.0668   0.0648   0.0648   0.0051   0.0000   0.0026  -0.0137    0.210
    63   5.9424   2.0000   0.1531   0.0795   0.0710   0.0396   0.0396   0.0032   0.0000   0.0019  -0.0081    0.203
    64   5.9936   2.0000   0.0513   0.0268   0.0733   0.0133   0.0133   0.0011   0.0000   0.0007  -0.0027    0.198

  Surface # 4     Second Wing2 (YDUP)                     
     # Chordwise = 12   # Spanwise = 24     First strip = 65
     Surface area =   12.000000       Ave. chord =    2.000000
     CLsurf  =   0.01898     Clsurf  =   0.00127
     CYsurf  =  -0.00000     Cmsurf  =  -0.06571
     CDsurf  =   0.00126     Cnsurf  =   0.00004
     CDisurf =   0.00126     CDvsurf =   0.00000

  Forces referred to Ssurf, Cave about hinge axis thru LE
     CLsurf  =   0.18914     CDsurf  =   0.01255
     Deflect =

 Strip Forces referred to Strip Area, Chord
    j      Yle    Chord     Area     c cl      ai      cl_norm  cl       cd       cdv    cm_c/4    cm_LE  C.P.x/c
    65  -0.0064   2.0000   0.0513   0.4420   0.0543   0.2206   0.2206   0.0143   0.0000  -0.0014   0.0566    0.256
    66  -0.0576   2.0000   0.1531   0.4419   0.0544   0.2206   0.2206   0.0143   0.0000  -0.0014   0.0566    0.256
    67  -0.1592   2.0000   0.2523   0.4419   0.0539   0.2206   0.2206   0.0143   0.0000  -0.0014   0.0566    0.256
    68  -0.3094   2.0000   0.3471   0.4418   0.0545   0.2206   0.2206   0.0143   0.0000  -0.0014   0.0566    0.256
    69  -0.5056   2.0000   0.4360   0.4415   0.0511   0.2204   0.2204   0.0143   0.0000  -0.0014   0.0566    0.256
    70  -0.7445   2.0000   0.5175   0.4410   0.0546   0.2202   0.2202   0.0143   0.0000  -0.0014   0.0565    0.256
    71  -1.0220   2.0000   0.5901   0.4402   0.0631   0.2198   0.2198   0.0143   0.0000  -0.0013   0.0564    0.256
    72  -1.3333   2.0000   0.6526   0.4390   0.0543   0.2192   0.2192   0.0143   0.0000  -0.0013   0.0562    0.256
    73  -1.6731   2.0000   0.7039   0.4373   0.0586   0.2183   0.2183   0.0142   0.0000  -0.0012   0.0559    0.256
    74  -2.0357   2.0000   0.7432   0.4349   0.0523   0.2171   0.2171   0.0142   0.0000  -0.0012   0.0555    0.255
    75  -2.4147   2.0000   0.7698   0.4317   0.0582   0.2155   0.2155   0.0141   0.0000  -0.0010   0.0550    0.255
    76  -2.8038   2.0000   0.7832   0.4274   0.0944   0.2133   0.2133   0.0139   0.0000  -0.0008   0.0542    0.254
    77  -3.1962   2.0000   0.7832   0.4206   0.0578   0.2100   0.2100   0.0137   0.0000  -0.0004   0.0530    0.252
    78  -3.5853   2.0000   0.7698   0.4083   0.0643   0.2038   0.2038   0.0134   0.0000   0.0000   0.0510    0.250
    79  -3.9643   2.0000   0.7432   0.3863   0.1159   0.1928   0.1928   0.0129   0.0000   0.0005   0.0478    0.247
    80  -4.3269   2.0000   0.7039   0.3598   0.0623   0.1796   0.1796   0.0122   0.0000   0.0012   0.0438    0.244
    81  -4.6667   2.0000   0.6526   0.3349   0.0704   0.1671   0.1671   0.0114   0.0000   0.0020   0.0399    0.238
    82  -4.9780   2.0000   0.5901   0.3054   0.0800   0.1524   0.1524   0.0105   0.0000   0.0026   0.0355    0.233
    83  -5.2555   2.0000   0.5175   0.2674   0.1110   0.1334   0.1334   0.0095   0.0000   0.0029   0.0305    0.228
    84  -5.4944   2.0000   0.4360   0.2238   0.0444   0.1116   0.1116   0.0083   0.0000   0.0029   0.0251    0.224
    85  -5.6906   2.0000   0.3471   0.1780   0.0605   0.0888   0.0888   0.0068   0.0000   0.0029   0.0194    0.218
    86  -5.8408   2.0000   0.2523   0.1300   0.0668   0.0648   0.0648   0.0051   0.0000   0.0026   0.0137    0.210
    87  -5.9424   2.0000   0.1531   0.0795   0.0710   0.0396   0.0396   0.0032   0.0000   0.0019   0.0081    0.203
    88  -5.9936   2.0000   0.0513   0.0268   0.0733   0.0133   0.0133   0.0011   0.0000   0.0007   0.0027    0.198

  Surface # 5     Fin                                     
     # Chordwise = 12   # Spanwise = 12     First strip = 89
     Surface area =    4.000000       Ave. chord =    1.600000
     CLsurf  =   0.00000     Clsurf  =  -0.00002
     CYsurf  =  -0.00075     Cmsurf  =  -0.00000
     CDsurf  =  -0.00000     Cnsurf  =   0.00020
     CDisurf =  -0.00000     CDvsurf =   0.00000

  Forces referred to Ssurf, Cave about hinge axis thru LE
     CLsurf  =   0.02237     CDsurf  =  -0.00009
     Deflect =

 Strip Forces referred to Strip Area, Chord
    j      Yle    Chord     Area     c cl      ai      cl_norm  cl       cd       cdv    cm_c/4    cm_LE  C.P.x/c
    89   4.0000   1.9966   0.0850   0.0035  -0.2297   0.0019   0.0017   0.0000   0.0000  -0.0002  -0.0006    0.341
    90   4.0000   1.9696   0.2459   0.0113  -0.0367   0.0064   0.0057  -0.0000   0.0000  -0.0005  -0.0020    0.337
    91   4.0000   1.9173   0.3809   0.0210  -0.0225   0.0123   0.0109  -0.0000   0.0000  -0.0008  -0.0036    0.326
    92   4.0000   1.8435   0.4773   0.0315  -0.0161   0.0191   0.0171  -0.0000   0.0000  -0.0010  -0.0054    0.308
    93   4.0000   1.7531   0.5285   0.0406  -0.0127   0.0260   0.0232  -0.0001   0.0000  -0.0009  -0.0068    0.287
    94   4.0000   1.6522   0.5345   0.0464  -0.0106   0.0315   0.0281  -0.0001   0.0000  -0.0005  -0.0078    0.269
    95   4.0000   1.5478   0.5007   0.0481  -0.0092   0.0348   0.0311  -0.0001   0.0000  -0.0001  -0.0082    0.254
    96   4.0000   1.4469   0.4362   0.0456  -0.0082   0.0353   0.0315  -0.0002   0.0000   0.0003  -0.0079    0.240
    97   4.0000   1.3565   0.3512   0.0396  -0.0073   0.0327   0.0292  -0.0002   0.0000   0.0008  -0.0069    0.224
    98   4.0000   1.2827   0.2548   0.0306  -0.0065   0.0268   0.0239  -0.0001   0.0000   0.0011  -0.0052    0.205
    99   4.0000   1.2304   0.1537   0.0194  -0.0059   0.0177   0.0158  -0.0001   0.0000   0.0010  -0.0032    0.185
   100   4.0000   1.2034   0.0513   0.0067  -0.0055   0.0062   0.0055  -0.0000   0.0000   0.0004  -0.0010    0.169

  Surface # 6     Fin (YDUP)                              
     # Chordwise = 12   # Spanwise = 12     First strip =101
     Surface area =    4.000000       Ave. chord =    1.600000
     CLsurf  =   0.00000     Clsurf  =   0.00002
     CYsurf  =   0.00075     Cmsurf  =  -0.00000
     CDsurf  =  -0.00000     Cnsurf  =  -0.00020
     CDisurf =  -0.00000     CDvsurf =   0.00000

  Forces referred to Ssurf, Cave about hinge axis thru LE
     CLsurf  =   0.02237     CDsurf  =  -0.00009
     Deflect =

 Strip Forces referred to Strip Area, Chord
    j      Yle    Chord     Area     c cl      ai      cl_norm  cl       cd       cdv    cm_c/4    cm_LE  C.P.x/c
   101  -4.0000   1.9966   0.0850   0.0035  -0.2297   0.0019   0.0017   0.0000   0.0000  -0.0002   0.0006    0.341
   102  -4.0000   1.9696   0.2459   0.0113  -0.0367   0.0064   0.0057  -0.0000   0.0000  -0.0005   0.0020    0.337
   103  -4.0000   1.9173   0.3809   0.0210  -0.0225   0.0123   0.0109  -0.0000   0.0000  -0.0008   0.0036    0.326
   104  -4.0000   1.8435   0.4773   0.0315  -0.0161   0.0191   0.0171  -0.0000   0.0000  -0.0010   0.0054    0.308
   105  -4.0000   1.7531   0.5285   0.0406  -0.0127   0.0260   0.0232  -0.0001   0.0000  -0.0009   0.0068    0.287
   106  -4.0000   1.6522   0.5345   0.0464  -0.0106   0.0315   0.0281  -0.0001   0.0000  -0.0005   0.0078    0.269
   107  -4.0000   1.5478   0.5007   0.0481  -0.0092   0.0348   0.0311  -0.0001   0.0000  -0.0001   0.0082    0.254
   108  -4.0000   1.4469   0.4362   0.0456  -0.0082   0.0353   0.0315  -0.0002   0.0000   0.0003   0.0079    0.240
   109  -4.0000   1.3565   0.3512   0.0396  -0.0073   0.0327   0.0292  -0.0002   0.0000   0.0008   0.0069    0.224
   110  -4.0000   1.2827   0.2548   0.0306  -0.0065   0.0268   0.0239  -0.0001   0.0000   0.0011   0.0052    0.205
   111  -4.0000   1.2304   0.1537   0.0194  -0.0059   0.0177   0.0158  -0.0001   0.0000   0.0010   0.0032    0.185
   112  -4.0000   1.2034   0.0513   0.0067  -0.0055   0.0062   0.0055  -0.0000   0.0000   0.0004   0.0010    0.169
 ---------------------------------------------------------------
