 ---------------------------------------------------------------
 Surface and Strip Forces by surface

  Forces referred to Sref, Cref, Bref about Xref, Yref, Zref
 Standard axis orientation,  X fwd, Z down         

  Surface # 1     FrontWing                               
     # Chordwise = 12   # Spanwise = 20     First strip =  1
     Surface area =   59.792652       Ave. chord =    2.989631
     CLsurf  =   0.62067     Clsurf  =  -0.13945
     CYsurf  =   0.00151     Cmsurf  =  -0.30379
     CDsurf  =   0.01855     Cnsurf  =  -0.01373
     CDisurf =   0.01855     CDvsurf =   0.00000

  Forces referred to Ssurf, Cave about hinge axis thru LE
     CLsurf  =   1.24150     CDsurf  =   0.03710
     Deflect =

 Strip Forces referred to Strip Area, Chord
    j      Yle    Chord     Area     c cl      ai      cl_norm  cl       cd       cdv    cm_c/4    cm_LE  C.P.x/c
     1   0.0299   3.4500   0.4122   4.3159   0.0705   1.2582   1.2582   0.0294   0.0000  -0.1400  -0.4528    0.361
     2   0.2681   3.4500   1.2263   4.3157   0.0703   1.2582   1.2582   0.0294   0.0000  -0.1400  -0.4528    0.361
     3   0.7386   3.4500   2.0103   4.3142   0.0709   1.2577   1.2577   0.0295   0.0000  -0.1400  -0.4527    0.361
     4   1.4299   3.4500   2.7448   4.3092   0.0748   1.2562   1.2562   0.0297   0.0000  -0.1401  -0.4523    0.361
     5   2.3249   3.4500   3.4117   4.2976   0.0706   1.2528   1.2528   0.0304   0.0000  -0.1402  -0.4516    0.362
     6   3.4016   3.4500   3.9946   4.2753  -0.0783   1.2460   1.2460   0.0323   0.0000  -0.1407  -0.4505    0.363
     7   4.6579   3.4027   4.5877   4.2368   0.0910   1.2555   1.2519   0.0323   0.0000  -0.1407  -0.4508    0.362
     8   6.0668   3.3014   4.8231   4.1775  -0.1583   1.2762   1.2725   0.0309   0.0000  -0.1400  -0.4552    0.360
     9   7.5707   3.1934   4.9100   4.0984   0.0277   1.2945   1.2909   0.0301   0.0000  -0.1398  -0.4595    0.358
    10   9.1324   3.0811   4.8570   4.0005   0.0390   1.3096   1.3059   0.0306   0.0000  -0.1397  -0.4630    0.357
    11  10.7137   2.9675   4.6778   3.8847   0.0452   1.3202   1.3165   0.0321   0.0000  -0.1393  -0.4654    0.356
    12  12.2755   2.8552   4.3901   3.7499   0.0514   1.3242   1.3205   0.0347   0.0000  -0.1388  -0.4659    0.355
    13  13.7793   2.7471   4.0132   3.5925   0.0594   1.3180   1.3143   0.0385   0.0000  -0.1378  -0.4635    0.355
    14  15.1883   2.6458   3.5672   3.4046   0.0706   1.2960   1.2924   0.0442   0.0000  -0.1360  -0.4565    0.355
    15  16.4675   2.5539   3.0708   3.1722   0.0865   1.2499   1.2463   0.0514   0.0000  -0.1328  -0.4422    0.357
    16  17.5856   2.4735   2.5402   2.8735   0.1087   1.1674   1.1641   0.0596   0.0000  -0.1271  -0.4164    0.359
    17  18.5151   2.4067   1.9884   2.4789   0.1385   1.0332   1.0303   0.0662   0.0000  -0.1168  -0.3734    0.363
    18  19.2329   2.3551   1.4251   1.9557   0.1763   0.8313   0.8289   0.0667   0.0000  -0.0996  -0.3064    0.370
    19  19.7216   2.3200   0.8564   1.2812   0.2236   0.5515   0.5499   0.0544   0.0000  -0.0719  -0.2094    0.381
    20  19.9689   2.3022   0.2856   0.4552   0.2768   0.1970   0.1965   0.0225   0.0000  -0.0285  -0.0777    0.395

  Surface # 2     FrontWing (YDUP)                        
     # Chordwise = 12   # Spanwise = 20     First strip = 21
     Surface area =   59.792652       Ave. chord =    2.989631
     CLsurf  =   0.62067     Clsurf  =   0.13945
     CYsurf  =  -0.00151     Cmsurf  =  -0.30379
     CDsurf  =   0.01855     Cnsurf  =   0.01373
     CDisurf =   0.01855     CDvsurf =   0.00000

  Forces referred to Ssurf, Cave about hinge axis thru LE
     CLsurf  =   1.24150     CDsurf  =   0.03710
     Deflect =

 Strip Forces referred to Strip Area, Chord
    j      Yle    Chord     Area     c cl      ai      cl_norm  cl       cd       cdv    cm_c/4    cm_LE  C.P.x/c
    21  -0.0299   3.4500   0.4122   4.3159   0.0705   1.2582   1.2582   0.0294   0.0000  -0.1400   0.4528    0.361
    22  -0.2681   3.4500   1.2263   4.3157   0.0703   1.2582   1.2582   0.0294   0.0000  -0.1400   0.4528    0.361
    23  -0.7386   3.4500   2.0103   4.3142   0.0709   1.2577   1.2577   0.0295   0.0000  -0.1400   0.4527    0.361
    24  -1.4299   3.4500   2.7448   4.3092   0.0748   1.2562   1.2562   0.0297   0.0000  -0.1401   0.4523    0.361
    25  -2.3249   3.4500   3.4117   4.2976   0.0706   1.2528   1.2528   0.0304   0.0000  -0.1402   0.4516    0.362
    26  -3.4016   3.4500   3.9946   4.2753  -0.0783   1.2460   1.2460   0.0323   0.0000  -0.1407   0.4505    0.363
    27  -4.6579   3.4027   4.5877   4.2368   0.0910   1.2555   1.2519   0.0323   0.0000  -0.1407   0.4508    0.362
    28  -6.0668   3.3014   4.8231   4.1775  -0.1583   1.2762   1.2725   0.0309   0.0000  -0.1400   0.4552    0.360
    29  -7.5707   3.1934   4.9100   4.0984   0.0277   1.2945   1.2909   0.0301   0.0000  -0.1398   0.4595    0.358
    30  -9.1324   3.0811   4.8570   4.0005   0.0390   1.3096   1.3059   0.0306   0.0000  -0.1397   0.4630    0.357
    31 -10.7137   2.9675   4.6778   3.8847   0.0452   1.3202   1.3165   0.0321   0.0000  -0.1393   0.4654    0.356
    32 -12.2755   2.8552   4.3901   3.7499   0.0514   1.3242   1.3205   0.0347   0.0000  -0.1388   0.4659    0.355
    33 -13.7793   2.7471   4.0132   3.5925   0.0594   1.3180   1.3143   0.0385   0.0000  -0.1378   0.4635    0.355
    34 -15.1883   2.6458   3.5672   3.4046   0.0706   1.2960   1.2924   0.0442   0.0000  -0.1360   0.4565    0.355
    35 -16.4675   2.5539   3.0708   3.1722   0.0865   1.2499   1.2463   0.0514   0.0000  -0.1328   0.4422    0.357
    36 -17.5856   2.4735   2.5402   2.8735   0.1087   1.1674   1.1641   0.0596   0.0000  -0.1271   0.4164    0.359
    37 -18.5151   2.4067   1.9884   2.4789   0.1385   1.0332   1.0303   0.0662   0.0000  -0.1168   0.3734    0.363
    38 -19.2329   2.3551   1.4251   1.9557   0.1763   0.8313   0.8289   0.0667   0.0000  -0.0996   0.3064    0.370
    39 -19.7216   2.3200   0.8564   1.2812   0.2236   0.5515   0.5499   0.0544   0.0000  -0.0719   0.2094    0.381
    40 -19.9689   2.3022   0.2856   0.4552   0.2768   0.1970   0.1965   0.0225   0.0000  -0.0285   0.0777    0.395

  Surface # 3     Second Wing2                            
     # Chordwise = 12   # Spanwise = 24     First strip = 41
     Surface area =   12.000000       Ave. chord =    2.000000
     CLsurf  =   0.02933     Clsurf  =  -0.00195
     CYsurf  =  -0.00000     Cmsurf  =  -0.10154
     CDsurf  =   0.00241     Cnsurf  =  -0.00010
     CDisurf =   0.00241     CDvsurf =   0.00000

  Forces referred to Ssurf, Cave about hinge axis thru LE
     CLsurf  =   0.29229     CDsurf  =   0.02406
     Deflect =

 Strip Forces referred to Strip Area, Chord
    j      Yle    Chord     Area     c cl      ai      cl_norm  cl       cd       cdv    cm_c/4    cm_LE  C.P.x/c
    41   0.0064   2.0000   0.0513   0.6859   0.0706   0.3424   0.3424   0.0273   0.0000  -0.0013  -0.0870    0.254
    42   0.0576   2.0000   0.1531   0.6859   0.0707   0.3424   0.3424   0.0273   0.0000  -0.0013  -0.0870    0.254
    43   0.1592   2.0000   0.2523   0.6859   0.0701   0.3423   0.3423   0.0273   0.0000  -0.0013  -0.0870    0.254
    44   0.3094   2.0000   0.3471   0.6857   0.0709   0.3422   0.3422   0.0273   0.0000  -0.0013  -0.0870    0.254
    45   0.5056   2.0000   0.4360   0.6852   0.0666   0.3420   0.3420   0.0273   0.0000  -0.0013  -0.0869    0.254
    46   0.7445   2.0000   0.5175   0.6843   0.0710   0.3416   0.3416   0.0273   0.0000  -0.0013  -0.0868    0.254
    47   1.0220   2.0000   0.5901   0.6829   0.0818   0.3408   0.3408   0.0272   0.0000  -0.0012  -0.0866    0.254
    48   1.3333   2.0000   0.6526   0.6807   0.0707   0.3398   0.3398   0.0272   0.0000  -0.0012  -0.0863    0.253
    49   1.6731   2.0000   0.7039   0.6776   0.0762   0.3382   0.3382   0.0271   0.0000  -0.0011  -0.0858    0.253
    50   2.0357   2.0000   0.7432   0.6734   0.0684   0.3361   0.3361   0.0270   0.0000  -0.0009  -0.0851    0.253
    51   2.4147   2.0000   0.7698   0.6676   0.0759   0.3332   0.3332   0.0268   0.0000  -0.0007  -0.0842    0.252
    52   2.8038   2.0000   0.7832   0.6598   0.1222   0.3293   0.3293   0.0266   0.0000  -0.0004  -0.0829    0.251
    53   3.1962   2.0000   0.7832   0.6483   0.0756   0.3235   0.3235   0.0262   0.0000   0.0001  -0.0809    0.250
    54   3.5853   2.0000   0.7698   0.6285   0.0836   0.3137   0.3137   0.0255   0.0000   0.0008  -0.0778    0.248
    55   3.9643   2.0000   0.7432   0.5947   0.1461   0.2967   0.2967   0.0246   0.0000   0.0015  -0.0728    0.245
    56   4.3269   2.0000   0.7039   0.5543   0.0840   0.2765   0.2765   0.0234   0.0000   0.0025  -0.0668    0.241
    57   4.6667   2.0000   0.6526   0.5152   0.0940   0.2570   0.2570   0.0220   0.0000   0.0037  -0.0607    0.236
    58   4.9780   2.0000   0.5901   0.4697   0.1063   0.2342   0.2342   0.0203   0.0000   0.0047  -0.0540    0.230
    59   5.2555   2.0000   0.5175   0.4126   0.1466   0.2057   0.2057   0.0185   0.0000   0.0052  -0.0464    0.225
    60   5.4944   2.0000   0.4360   0.3469   0.0625   0.1728   0.1728   0.0162   0.0000   0.0053  -0.0381    0.219
    61   5.6906   2.0000   0.3471   0.2768   0.0836   0.1378   0.1378   0.0134   0.0000   0.0052  -0.0294    0.212
    62   5.8408   2.0000   0.2523   0.2024   0.0920   0.1008   0.1008   0.0101   0.0000   0.0046  -0.0207    0.204
    63   5.9424   2.0000   0.1531   0.1237   0.0974   0.0615   0.0615   0.0064   0.0000   0.0033  -0.0122    0.196
    64   5.9936   2.0000   0.0513   0.0416   0.1003   0.0207   0.0207   0.0023   0.0000   0.0012  -0.0040    0.192

  Surface # 4     Second Wing2 (YDUP)                     
     # Chordwise = 12   # Spanwise = 24     First strip = 65
     Surface area =   12.000000       Ave. chord =    2.000000
     CLsurf  =   0.02933     Clsurf  =   0.00195
     CYsurf  =  -0.00000     Cmsurf  =  -0.10154
     CDsurf  =   0.00241     Cnsurf  =   0.00010
     CDisurf =   0.00241     CDvsurf =   0.00000

  Forces referred to Ssurf, Cave about hinge axis thru LE
     CLsurf  =   0.29229     CDsurf  =   0.02406
     Deflect =

 Strip Forces referred to Strip Area, Chord
    j      Yle    Chord     Area     c cl      ai      cl_norm  cl       cd       cdv    cm_c/4    cm_LE  C.P.x/c
    65  -0.0064   2.0000   0.0513   0.6859   0.0706   0.3424   0.3424   0.0273   0.0000  -0.0013   0.0870    0.254
    66  -0.0576   2.0000   0.1531   0.6859   0.0707   0.3424   0.3424   0.0273   0.0000  -0.0013   0.0870    0.254
    67  -0.1592   2.0000   0.2523   0.6859   0.0701   0.3423   0.3423   0.0273   0.0000  -0.0013   0.0870    0.254
    68  -0.3094   2.0000   0.3471   0.6857   0.0709   0.3422   0.3422   0.0273   0.0000  -0.0013   0.0870    0.254
    69  -0.5056   2.0000   0.4360   0.6852   0.0666   0.3420   0.3420   0.0273   0.0000  -0.0013   0.0869    0.254
    70  -0.7445   2.0000   0.5175   0.6843   0.0710   0.3416   0.3416   0.0273   0.0000  -0.0013   0.0868    0.254
    71  -1.0220   2.0000   0.5901   0.6829   0.0818   0.3408   0.3408   0.0272   0.0000  -0.0012   0.0866    0.254
    72  -1.3333   2.0000   0.6526   0.6807   0.0707   0.3398   0.3398   0.0272   0.0000  -0.0012   0.0863    0.253
    73  -1.6731   2.0000   0.7039   0.6776   0.0762   0.3382   0.3382   0.0271   0.0000  -0.0011   0.0858    0.253
    74  -2.0357   2.0000   0.7432   0.6734   0.0684   0.3361   0.3361   0.0270   0.0000  -0.0009   0.0851    0.253
    75  -2.4147   2.0000   0.7698   0.6676   0.0759   0.3332   0.3332   0.0268   0.0000  -0.0007   0.0842    0.252
    76  -2.8038   2.0000   0.7832   0.6598   0.1222   0.3293   0.3293   0.0266   0.0000  -0.0004   0.0829    0.251
    77  -3.1962   2.0000   0.7832   0.6483   0.0756   0.3235   0.3235   0.0262   0.0000   0.0001   0.0809    0.250
    78  -3.5853   2.0000   0.7698   0.6285   0.0836   0.3137   0.3137   0.0255   0.0000   0.0008   0.0778    0.248
    79  -3.9643   2.0000   0.7432   0.5947   0.1461   0.2967   0.2967   0.0246   0.0000   0.0015   0.0728    0.245
    80  -4.3269   2.0000   0.7039   0.5543   0.0840   0.2765   0.2765   0.0234   0.0000   0.0025   0.0668    0.241
    81  -4.6667   2.0000   0.6526   0.5152   0.0940   0.2570   0.2570   0.0220   0.0000   0.0037   0.0607    0.236
    82  -4.9780   2.0000   0.5901   0.4697   0.1063   0.2342   0.2342   0.0203   0.0000   0.0047   0.0540    0.230
    83  -5.2555   2.0000   0.5175   0.4126   0.1466   0.2057   0.2057   0.0185   0.0000   0.0052   0.0464    0.225
    84  -5.4944   2.0000   0.4360   0.3469   0.0625   0.1728   0.1728   0.0162   0.0000   0.0053   0.0381    0.219
    85  -5.6906   2.0000   0.3471   0.2768   0.0836   0.1378   0.1378   0.0134   0.0000   0.0052   0.0294    0.212
    86  -5.8408   2.0000   0.2523   0.2024   0.0920   0.1008   0.1008   0.0101   0.0000   0.0046   0.0207    0.204
    87  -5.9424   2.0000   0.1531   0.1237   0.0974   0.0615   0.0615   0.0064   0.0000   0.0033   0.0122    0.196
    88  -5.9936   2.0000   0.0513   0.0416   0.1003   0.0207   0.0207   0.0023   0.0000   0.0012   0.0040    0.192

  Surface # 5     Fin                                     
     # Chordwise = 12   # Spanwise = 12     First strip = 89
     Surface area =    4.000000       Ave. chord =    1.600000
     CLsurf  =   0.00000     Clsurf  =  -0.00003
     CYsurf  =  -0.00114     Cmsurf  =  -0.00001
     CDsurf  =  -0.00001     Cnsurf  =   0.00031
     CDisurf =  -0.00001     CDvsurf =   0.00000

  Forces referred to Ssurf, Cave about hinge axis thru LE
     CLsurf  =   0.03405     CDsurf  =  -0.00019
     Deflect =

 Strip Forces referred to Strip Area, Chord
    j      Yle    Chord     Area     c cl      ai      cl_norm  cl       cd       cdv    cm_c/4    cm_LE  C.P.x/c
    89   4.0000   1.9966   0.0850   0.0054  -0.2931   0.0031   0.0027   0.0000   0.0000  -0.0002  -0.0009    0.337
    90   4.0000   1.9696   0.2459   0.0177  -0.0492   0.0104   0.0090  -0.0000   0.0000  -0.0007  -0.0031    0.332
    91   4.0000   1.9173   0.3809   0.0331  -0.0312   0.0199   0.0173  -0.0000   0.0000  -0.0012  -0.0057    0.320
    92   4.0000   1.8435   0.4773   0.0496  -0.0223   0.0309   0.0269  -0.0001   0.0000  -0.0014  -0.0085    0.304
    93   4.0000   1.7531   0.5285   0.0632  -0.0175   0.0414   0.0360  -0.0001   0.0000  -0.0013  -0.0108    0.285
    94   4.0000   1.6522   0.5345   0.0712  -0.0148   0.0495   0.0431  -0.0002   0.0000  -0.0008  -0.0122    0.269
    95   4.0000   1.5478   0.5007   0.0727  -0.0131   0.0540   0.0470  -0.0003   0.0000  -0.0002  -0.0128    0.255
    96   4.0000   1.4469   0.4362   0.0682  -0.0117   0.0542   0.0472  -0.0004   0.0000   0.0004  -0.0122    0.241
    97   4.0000   1.3565   0.3512   0.0587  -0.0105   0.0498   0.0433  -0.0004   0.0000   0.0010  -0.0106    0.226
    98   4.0000   1.2827   0.2548   0.0452  -0.0094   0.0405   0.0352  -0.0003   0.0000   0.0015  -0.0081    0.208
    99   4.0000   1.2304   0.1537   0.0285  -0.0086   0.0266   0.0232  -0.0002   0.0000   0.0014  -0.0049    0.188
   100   4.0000   1.2034   0.0513   0.0098  -0.0080   0.0093   0.0081  -0.0001   0.0000   0.0006  -0.0016    0.172

  Surface # 6     Fin (YDUP)                              
     # Chordwise = 12   # Spanwise = 12     First strip =101
     Surface area =    4.000000       Ave. chord =    1.600000
     CLsurf  =   0.00000     Clsurf  =   0.00003
     CYsurf  =   0.00114     Cmsurf  =  -0.00001
     CDsurf  =  -0.00001     Cnsurf  =  -0.00031
     CDisurf =  -0.00001     CDvsurf =   0.00000

  Forces referred to Ssurf, Cave about hinge axis thru LE
     CLsurf  =   0.03405     CDsurf  =  -0.00019
     Deflect =

 Strip Forces referred to Strip Area, Chord
    j      Yle    Chord     Area     c cl      ai      cl_norm  cl       cd       cdv    cm_c/4    cm_LE  C.P.x/c
   101  -4.0000   1.9966   0.0850   0.0054  -0.2931   0.0031   0.0027   0.0000   0.0000  -0.0002   0.0009    0.337
   102  -4.0000   1.9696   0.2459   0.0177  -0.0492   0.0104   0.0090  -0.0000   0.0000  -0.0007   0.0031    0.332
   103  -4.0000   1.9173   0.3809   0.0331  -0.0312   0.0199   0.0173  -0.0000   0.0000  -0.0012   0.0057    0.320
   104  -4.0000   1.8435   0.4773   0.0496  -0.0223   0.0309   0.0269  -0.0001   0.0000  -0.0014   0.0085    0.304
   105  -4.0000   1.7531   0.5285   0.0632  -0.0175   0.0414   0.0360  -0.0001   0.0000  -0.0013   0.0108    0.285
   106  -4.0000   1.6522   0.5345   0.0712  -0.0148   0.0495   0.0431  -0.0002   0.0000  -0.0008   0.0122    0.269
   107  -4.0000   1.5478   0.5007   0.0727  -0.0131   0.0540   0.0470  -0.0003   0.0000  -0.0002   0.0128    0.255
   108  -4.0000   1.4469   0.4362   0.0682  -0.0117   0.0542   0.0472  -0.0004   0.0000   0.0004   0.0122    0.241
   109  -4.0000   1.3565   0.3512   0.0587  -0.0105   0.0498   0.0433  -0.0004   0.0000   0.0010   0.0106    0.226
   110  -4.0000   1.2827   0.2548   0.0452  -0.0094   0.0405   0.0352  -0.0003   0.0000   0.0015   0.0081    0.208
   111  -4.0000   1.2304   0.1537   0.0285  -0.0086   0.0266   0.0232  -0.0002   0.0000   0.0014   0.0049    0.188
   112  -4.0000   1.2034   0.0513   0.0098  -0.0080   0.0093   0.0081  -0.0001   0.0000   0.0006   0.0016    0.172
 ---------------------------------------------------------------
