 ---------------------------------------------------------------
 Surface and Strip Forces by surface

  Forces referred to Sref, Cref, Bref about Xref, Yref, Zref
 Standard axis orientation,  X fwd, Z down         

  Surface # 1     FrontWing                               
     # Chordwise = 12   # Spanwise = 20     First strip =  1
     Surface area =   59.792652       Ave. chord =    2.989631
     CLsurf  =   0.66550     Clsurf  =  -0.14903
     CYsurf  =   0.00168     Cmsurf  =  -0.31975
     CDsurf  =   0.02118     Cnsurf  =  -0.01700
     CDisurf =   0.02118     CDvsurf =   0.00000

  Forces referred to Ssurf, Cave about hinge axis thru LE
     CLsurf  =   1.33117     CDsurf  =   0.04237
     Deflect =

 Strip Forces referred to Strip Area, Chord
    j      Yle    Chord     Area     c cl      ai      cl_norm  cl       cd       cdv    cm_c/4    cm_LE  C.P.x/c
     1   0.0299   3.4500   0.4122   4.6330   0.0786   1.3532   1.3532   0.0339   0.0000  -0.1393  -0.4750    0.353
     2   0.2681   3.4500   1.2263   4.6328   0.0784   1.3531   1.3531   0.0339   0.0000  -0.1393  -0.4750    0.353
     3   0.7386   3.4500   2.0103   4.6311   0.0791   1.3526   1.3526   0.0341   0.0000  -0.1393  -0.4749    0.353
     4   1.4299   3.4500   2.7448   4.6256   0.0838   1.3509   1.3509   0.0344   0.0000  -0.1393  -0.4745    0.353
     5   2.3249   3.4500   3.4117   4.6128   0.0785   1.3471   1.3471   0.0352   0.0000  -0.1395  -0.4737    0.354
     6   3.4016   3.4500   3.9946   4.5881  -0.0990   1.3395   1.3395   0.0375   0.0000  -0.1401  -0.4725    0.355
     7   4.6579   3.4027   4.5877   4.5455   0.1023   1.3493   1.3455   0.0374   0.0000  -0.1401  -0.4728    0.354
     8   6.0668   3.3014   4.8231   4.4800  -0.1917   1.3710   1.3672   0.0356   0.0000  -0.1393  -0.4773    0.352
     9   7.5707   3.1934   4.9100   4.3927   0.0277   1.3900   1.3861   0.0345   0.0000  -0.1390  -0.4817    0.350
    10   9.1324   3.0811   4.8570   4.2848   0.0408   1.4053   1.4013   0.0350   0.0000  -0.1388  -0.4853    0.349
    11  10.7137   2.9675   4.6778   4.1576   0.0478   1.4156   1.4116   0.0367   0.0000  -0.1385  -0.4875    0.348
    12  12.2755   2.8552   4.3901   4.0100   0.0545   1.4186   1.4146   0.0395   0.0000  -0.1379  -0.4878    0.348
    13  13.7793   2.7471   4.0132   3.8384   0.0631   1.4106   1.4066   0.0437   0.0000  -0.1369  -0.4849    0.347
    14  15.1883   2.6458   3.5672   3.6343   0.0750   1.3857   1.3818   0.0501   0.0000  -0.1350  -0.4771    0.348
    15  16.4675   2.5539   3.0708   3.3831   0.0920   1.3348   1.3311   0.0581   0.0000  -0.1316  -0.4615    0.349
    16  17.5856   2.4735   2.5402   3.0614   0.1155   1.2452   1.2417   0.0672   0.0000  -0.1255  -0.4338    0.351
    17  18.5151   2.4067   1.9884   2.6377   0.1469   1.1003   1.0972   0.0746   0.0000  -0.1148  -0.3877    0.355
    18  19.2329   2.3551   1.4251   2.0777   0.1863   0.8834   0.8810   0.0749   0.0000  -0.0970  -0.3167    0.360
    19  19.7216   2.3200   0.8564   1.3584   0.2349   0.5846   0.5830   0.0610   0.0000  -0.0695  -0.2153    0.369
    20  19.9689   2.3022   0.2856   0.4817   0.2889   0.2084   0.2078   0.0253   0.0000  -0.0274  -0.0795    0.382

  Surface # 2     FrontWing (YDUP)                        
     # Chordwise = 12   # Spanwise = 20     First strip = 21
     Surface area =   59.792652       Ave. chord =    2.989631
     CLsurf  =   0.66550     Clsurf  =   0.14903
     CYsurf  =  -0.00168     Cmsurf  =  -0.31975
     CDsurf  =   0.02118     Cnsurf  =   0.01700
     CDisurf =   0.02118     CDvsurf =   0.00000

  Forces referred to Ssurf, Cave about hinge axis thru LE
     CLsurf  =   1.33117     CDsurf  =   0.04237
     Deflect =

 Strip Forces referred to Strip Area, Chord
    j      Yle    Chord     Area     c cl      ai      cl_norm  cl       cd       cdv    cm_c/4    cm_LE  C.P.x/c
    21  -0.0299   3.4500   0.4122   4.6330   0.0786   1.3532   1.3532   0.0339   0.0000  -0.1393   0.4750    0.353
    22  -0.2681   3.4500   1.2263   4.6328   0.0784   1.3531   1.3531   0.0339   0.0000  -0.1393   0.4750    0.353
    23  -0.7386   3.4500   2.0103   4.6311   0.0791   1.3526   1.3526   0.0341   0.0000  -0.1393   0.4749    0.353
    24  -1.4299   3.4500   2.7448   4.6256   0.0838   1.3509   1.3509   0.0344   0.0000  -0.1393   0.4745    0.353
    25  -2.3249   3.4500   3.4117   4.6128   0.0785   1.3471   1.3471   0.0352   0.0000  -0.1395   0.4737    0.354
    26  -3.4016   3.4500   3.9946   4.5881  -0.0990   1.3395   1.3395   0.0375   0.0000  -0.1401   0.4725    0.355
    27  -4.6579   3.4027   4.5877   4.5455   0.1023   1.3493   1.3455   0.0374   0.0000  -0.1401   0.4728    0.354
    28  -6.0668   3.3014   4.8231   4.4800  -0.1917   1.3710   1.3672   0.0356   0.0000  -0.1393   0.4773    0.352
    29  -7.5707   3.1934   4.9100   4.3927   0.0277   1.3900   1.3861   0.0345   0.0000  -0.1390   0.4817    0.350
    30  -9.1324   3.0811   4.8570   4.2848   0.0408   1.4053   1.4013   0.0350   0.0000  -0.1388   0.4853    0.349
    31 -10.7137   2.9675   4.6778   4.1576   0.0478   1.4156   1.4116   0.0367   0.0000  -0.1385   0.4875    0.348
    32 -12.2755   2.8552   4.3901   4.0100   0.0545   1.4186   1.4146   0.0395   0.0000  -0.1379   0.4878    0.348
    33 -13.7793   2.7471   4.0132   3.8384   0.0631   1.4106   1.4066   0.0437   0.0000  -0.1369   0.4849    0.347
    34 -15.1883   2.6458   3.5672   3.6343   0.0750   1.3857   1.3818   0.0501   0.0000  -0.1350   0.4771    0.348
    35 -16.4675   2.5539   3.0708   3.3831   0.0920   1.3348   1.3311   0.0581   0.0000  -0.1316   0.4615    0.349
    36 -17.5856   2.4735   2.5402   3.0614   0.1155   1.2452   1.2417   0.0672   0.0000  -0.1255   0.4338    0.351
    37 -18.5151   2.4067   1.9884   2.6377   0.1469   1.1003   1.0972   0.0746   0.0000  -0.1148   0.3877    0.355
    38 -19.2329   2.3551   1.4251   2.0777   0.1863   0.8834   0.8810   0.0749   0.0000  -0.0970   0.3167    0.360
    39 -19.7216   2.3200   0.8564   1.3584   0.2349   0.5846   0.5830   0.0610   0.0000  -0.0695   0.2153    0.369
    40 -19.9689   2.3022   0.2856   0.4817   0.2889   0.2084   0.2078   0.0253   0.0000  -0.0274   0.0795    0.382

  Surface # 3     Second Wing2                            
     # Chordwise = 12   # Spanwise = 24     First strip = 41
     Surface area =   12.000000       Ave. chord =    2.000000
     CLsurf  =   0.03449     Clsurf  =  -0.00230
     CYsurf  =   0.00000     Cmsurf  =  -0.11943
     CDsurf  =   0.00311     Cnsurf  =  -0.00013
     CDisurf =   0.00311     CDvsurf =   0.00000

  Forces referred to Ssurf, Cave about hinge axis thru LE
     CLsurf  =   0.34378     CDsurf  =   0.03105
     Deflect =

 Strip Forces referred to Strip Area, Chord
    j      Yle    Chord     Area     c cl      ai      cl_norm  cl       cd       cdv    cm_c/4    cm_LE  C.P.x/c
    41   0.0064   2.0000   0.0513   0.8077   0.0788   0.4032   0.4032   0.0352   0.0000  -0.0012  -0.1022    0.253
    42   0.0576   2.0000   0.1531   0.8077   0.0789   0.4032   0.4032   0.0352   0.0000  -0.0012  -0.1022    0.253
    43   0.1592   2.0000   0.2523   0.8077   0.0783   0.4031   0.4031   0.0352   0.0000  -0.0012  -0.1022    0.253
    44   0.3094   2.0000   0.3471   0.8074   0.0791   0.4030   0.4030   0.0352   0.0000  -0.0012  -0.1022    0.253
    45   0.5056   2.0000   0.4360   0.8069   0.0743   0.4027   0.4027   0.0351   0.0000  -0.0012  -0.1021    0.253
    46   0.7445   2.0000   0.5175   0.8058   0.0792   0.4022   0.4022   0.0351   0.0000  -0.0012  -0.1019    0.253
    47   1.0220   2.0000   0.5901   0.8041   0.0913   0.4013   0.4013   0.0351   0.0000  -0.0012  -0.1017    0.253
    48   1.3333   2.0000   0.6526   0.8014   0.0790   0.4000   0.4000   0.0350   0.0000  -0.0011  -0.1013    0.253
    49   1.6731   2.0000   0.7039   0.7976   0.0851   0.3981   0.3981   0.0349   0.0000  -0.0010  -0.1007    0.252
    50   2.0357   2.0000   0.7432   0.7925   0.0765   0.3955   0.3955   0.0348   0.0000  -0.0008  -0.0999    0.252
    51   2.4147   2.0000   0.7698   0.7854   0.0849   0.3920   0.3920   0.0346   0.0000  -0.0006  -0.0988    0.252
    52   2.8038   2.0000   0.7832   0.7760   0.1361   0.3872   0.3872   0.0343   0.0000  -0.0002  -0.0972    0.251
    53   3.1962   2.0000   0.7832   0.7620   0.0846   0.3802   0.3802   0.0337   0.0000   0.0004  -0.0949    0.249
    54   3.5853   2.0000   0.7698   0.7385   0.0933   0.3685   0.3685   0.0330   0.0000   0.0011  -0.0912    0.247
    55   3.9643   2.0000   0.7432   0.6988   0.1613   0.3486   0.3486   0.0318   0.0000   0.0021  -0.0853    0.244
    56   4.3269   2.0000   0.7039   0.6513   0.0949   0.3248   0.3248   0.0302   0.0000   0.0032  -0.0782    0.240
    57   4.6667   2.0000   0.6526   0.6052   0.1058   0.3018   0.3018   0.0284   0.0000   0.0046  -0.0711    0.235
    58   4.9780   2.0000   0.5901   0.5517   0.1196   0.2750   0.2750   0.0264   0.0000   0.0057  -0.0632    0.229
    59   5.2555   2.0000   0.5175   0.4851   0.1645   0.2417   0.2417   0.0240   0.0000   0.0063  -0.0543    0.224
    60   5.4944   2.0000   0.4360   0.4084   0.0716   0.2033   0.2033   0.0211   0.0000   0.0065  -0.0445    0.218
    61   5.6906   2.0000   0.3471   0.3261   0.0952   0.1622   0.1622   0.0175   0.0000   0.0064  -0.0344    0.211
    62   5.8408   2.0000   0.2523   0.2385   0.1046   0.1186   0.1186   0.0132   0.0000   0.0057  -0.0242    0.202
    63   5.9424   2.0000   0.1531   0.1458   0.1107   0.0724   0.0724   0.0084   0.0000   0.0040  -0.0142    0.195
    64   5.9936   2.0000   0.0513   0.0491   0.1140   0.0244   0.0244   0.0030   0.0000   0.0015  -0.0047    0.190

  Surface # 4     Second Wing2 (YDUP)                     
     # Chordwise = 12   # Spanwise = 24     First strip = 65
     Surface area =   12.000000       Ave. chord =    2.000000
     CLsurf  =   0.03449     Clsurf  =   0.00230
     CYsurf  =   0.00000     Cmsurf  =  -0.11943
     CDsurf  =   0.00311     Cnsurf  =   0.00013
     CDisurf =   0.00311     CDvsurf =   0.00000

  Forces referred to Ssurf, Cave about hinge axis thru LE
     CLsurf  =   0.34378     CDsurf  =   0.03105
     Deflect =

 Strip Forces referred to Strip Area, Chord
    j      Yle    Chord     Area     c cl      ai      cl_norm  cl       cd       cdv    cm_c/4    cm_LE  C.P.x/c
    65  -0.0064   2.0000   0.0513   0.8077   0.0788   0.4032   0.4032   0.0352   0.0000  -0.0012   0.1022    0.253
    66  -0.0576   2.0000   0.1531   0.8077   0.0789   0.4032   0.4032   0.0352   0.0000  -0.0012   0.1022    0.253
    67  -0.1592   2.0000   0.2523   0.8077   0.0783   0.4031   0.4031   0.0352   0.0000  -0.0012   0.1022    0.253
    68  -0.3094   2.0000   0.3471   0.8074   0.0791   0.4030   0.4030   0.0352   0.0000  -0.0012   0.1022    0.253
    69  -0.5056   2.0000   0.4360   0.8069   0.0743   0.4027   0.4027   0.0351   0.0000  -0.0012   0.1021    0.253
    70  -0.7445   2.0000   0.5175   0.8058   0.0792   0.4022   0.4022   0.0351   0.0000  -0.0012   0.1019    0.253
    71  -1.0220   2.0000   0.5901   0.8041   0.0913   0.4013   0.4013   0.0351   0.0000  -0.0012   0.1017    0.253
    72  -1.3333   2.0000   0.6526   0.8014   0.0790   0.4000   0.4000   0.0350   0.0000  -0.0011   0.1013    0.253
    73  -1.6731   2.0000   0.7039   0.7976   0.0851   0.3981   0.3981   0.0349   0.0000  -0.0010   0.1007    0.252
    74  -2.0357   2.0000   0.7432   0.7925   0.0765   0.3955   0.3955   0.0348   0.0000  -0.0008   0.0999    0.252
    75  -2.4147   2.0000   0.7698   0.7854   0.0849   0.3920   0.3920   0.0346   0.0000  -0.0006   0.0988    0.252
    76  -2.8038   2.0000   0.7832   0.7760   0.1361   0.3872   0.3872   0.0343   0.0000  -0.0002   0.0972    0.251
    77  -3.1962   2.0000   0.7832   0.7620   0.0846   0.3802   0.3802   0.0337   0.0000   0.0004   0.0949    0.249
    78  -3.5853   2.0000   0.7698   0.7385   0.0933   0.3685   0.3685   0.0330   0.0000   0.0011   0.0912    0.247
    79  -3.9643   2.0000   0.7432   0.6988   0.1613   0.3486   0.3486   0.0318   0.0000   0.0021   0.0853    0.244
    80  -4.3269   2.0000   0.7039   0.6513   0.0949   0.3248   0.3248   0.0302   0.0000   0.0032   0.0782    0.240
    81  -4.6667   2.0000   0.6526   0.6052   0.1058   0.3018   0.3018   0.0284   0.0000   0.0046   0.0711    0.235
    82  -4.9780   2.0000   0.5901   0.5517   0.1196   0.2750   0.2750   0.0264   0.0000   0.0057   0.0632    0.229
    83  -5.2555   2.0000   0.5175   0.4851   0.1645   0.2417   0.2417   0.0240   0.0000   0.0063   0.0543    0.224
    84  -5.4944   2.0000   0.4360   0.4084   0.0716   0.2033   0.2033   0.0211   0.0000   0.0065   0.0445    0.218
    85  -5.6906   2.0000   0.3471   0.3261   0.0952   0.1622   0.1622   0.0175   0.0000   0.0064   0.0344    0.211
    86  -5.8408   2.0000   0.2523   0.2385   0.1046   0.1186   0.1186   0.0132   0.0000   0.0057   0.0242    0.202
    87  -5.9424   2.0000   0.1531   0.1458   0.1107   0.0724   0.0724   0.0084   0.0000   0.0040   0.0142    0.195
    88  -5.9936   2.0000   0.0513   0.0491   0.1140   0.0244   0.0244   0.0030   0.0000   0.0015   0.0047    0.190

  Surface # 5     Fin                                     
     # Chordwise = 12   # Spanwise = 12     First strip = 89
     Surface area =    4.000000       Ave. chord =    1.600000
     CLsurf  =   0.00000     Clsurf  =  -0.00004
     CYsurf  =  -0.00134     Cmsurf  =  -0.00001
     CDsurf  =  -0.00001     Cnsurf  =   0.00036
     CDisurf =  -0.00001     CDvsurf =   0.00000

  Forces referred to Ssurf, Cave about hinge axis thru LE
     CLsurf  =   0.03998     CDsurf  =  -0.00026
     Deflect =

 Strip Forces referred to Strip Area, Chord
    j      Yle    Chord     Area     c cl      ai      cl_norm  cl       cd       cdv    cm_c/4    cm_LE  C.P.x/c
    89   4.0000   1.9966   0.0850   0.0064  -0.3250   0.0037   0.0032   0.0000   0.0000  -0.0003  -0.0011    0.335
    90   4.0000   1.9696   0.2459   0.0210  -0.0555   0.0124   0.0107  -0.0000   0.0000  -0.0009  -0.0037    0.330
    91   4.0000   1.9173   0.3809   0.0393  -0.0355   0.0239   0.0205  -0.0000   0.0000  -0.0014  -0.0068    0.319
    92   4.0000   1.8435   0.4773   0.0588  -0.0254   0.0372   0.0319  -0.0001   0.0000  -0.0017  -0.0102    0.302
    93   4.0000   1.7531   0.5285   0.0747  -0.0200   0.0497   0.0426  -0.0002   0.0000  -0.0015  -0.0129    0.284
    94   4.0000   1.6522   0.5345   0.0838  -0.0170   0.0591   0.0507  -0.0003   0.0000  -0.0009  -0.0146    0.268
    95   4.0000   1.5478   0.5007   0.0852  -0.0150   0.0642   0.0550  -0.0004   0.0000  -0.0003  -0.0152    0.255
    96   4.0000   1.4469   0.4362   0.0797  -0.0135   0.0642   0.0551  -0.0005   0.0000   0.0005  -0.0145    0.242
    97   4.0000   1.3565   0.3512   0.0684  -0.0121   0.0588   0.0505  -0.0005   0.0000   0.0012  -0.0126    0.227
    98   4.0000   1.2827   0.2548   0.0526  -0.0109   0.0478   0.0410  -0.0004   0.0000   0.0017  -0.0096    0.208
    99   4.0000   1.2304   0.1537   0.0331  -0.0099   0.0314   0.0269  -0.0003   0.0000   0.0017  -0.0058    0.189
   100   4.0000   1.2034   0.0513   0.0113  -0.0092   0.0110   0.0094  -0.0001   0.0000   0.0007  -0.0019    0.173

  Surface # 6     Fin (YDUP)                              
     # Chordwise = 12   # Spanwise = 12     First strip =101
     Surface area =    4.000000       Ave. chord =    1.600000
     CLsurf  =   0.00000     Clsurf  =   0.00004
     CYsurf  =   0.00134     Cmsurf  =  -0.00001
     CDsurf  =  -0.00001     Cnsurf  =  -0.00036
     CDisurf =  -0.00001     CDvsurf =   0.00000

  Forces referred to Ssurf, Cave about hinge axis thru LE
     CLsurf  =   0.03998     CDsurf  =  -0.00026
     Deflect =

 Strip Forces referred to Strip Area, Chord
    j      Yle    Chord     Area     c cl      ai      cl_norm  cl       cd       cdv    cm_c/4    cm_LE  C.P.x/c
   101  -4.0000   1.9966   0.0850   0.0064  -0.3250   0.0037   0.0032   0.0000   0.0000  -0.0003   0.0011    0.335
   102  -4.0000   1.9696   0.2459   0.0210  -0.0555   0.0124   0.0107  -0.0000   0.0000  -0.0009   0.0037    0.330
   103  -4.0000   1.9173   0.3809   0.0393  -0.0355   0.0239   0.0205  -0.0000   0.0000  -0.0014   0.0068    0.319
   104  -4.0000   1.8435   0.4773   0.0588  -0.0254   0.0372   0.0319  -0.0001   0.0000  -0.0017   0.0102    0.302
   105  -4.0000   1.7531   0.5285   0.0747  -0.0200   0.0497   0.0426  -0.0002   0.0000  -0.0015   0.0129    0.284
   106  -4.0000   1.6522   0.5345   0.0838  -0.0170   0.0591   0.0507  -0.0003   0.0000  -0.0009   0.0146    0.268
   107  -4.0000   1.5478   0.5007   0.0852  -0.0150   0.0642   0.0550  -0.0004   0.0000  -0.0003   0.0152    0.255
   108  -4.0000   1.4469   0.4362   0.0797  -0.0135   0.0642   0.0551  -0.0005   0.0000   0.0005   0.0145    0.242
   109  -4.0000   1.3565   0.3512   0.0684  -0.0121   0.0588   0.0505  -0.0005   0.0000   0.0012   0.0126    0.227
   110  -4.0000   1.2827   0.2548   0.0526  -0.0109   0.0478   0.0410  -0.0004   0.0000   0.0017   0.0096    0.208
   111  -4.0000   1.2304   0.1537   0.0331  -0.0099   0.0314   0.0269  -0.0003   0.0000   0.0017   0.0058    0.189
   112  -4.0000   1.2034   0.0513   0.0113  -0.0092   0.0110   0.0094  -0.0001   0.0000   0.0007   0.0019    0.173
 ---------------------------------------------------------------
