 ---------------------------------------------------------------
 Surface and Strip Forces by surface

  Forces referred to Sref, Cref, Bref about Xref, Yref, Zref
 Standard axis orientation,  X fwd, Z down         

  Surface # 1     FrontWing                               
     # Chordwise = 12   # Spanwise = 20     First strip =  1
     Surface area =   59.792652       Ave. chord =    2.989631
     CLsurf  =   0.71035     Clsurf  =  -0.15854
     CYsurf  =   0.00186     Cmsurf  =  -0.33553
     CDsurf  =   0.02399     Cnsurf  =  -0.02060
     CDisurf =   0.02399     CDvsurf =   0.00000

  Forces referred to Ssurf, Cave about hinge axis thru LE
     CLsurf  =   1.42087     CDsurf  =   0.04798
     Deflect =

 Strip Forces referred to Strip Area, Chord
    j      Yle    Chord     Area     c cl      ai      cl_norm  cl       cd       cdv    cm_c/4    cm_LE  C.P.x/c
     1   0.0299   3.4500   0.4122   4.9478   0.0868   1.4482   1.4482   0.0388   0.0000  -0.1385  -0.4970    0.346
     2   0.2681   3.4500   1.2263   4.9476   0.0866   1.4481   1.4481   0.0389   0.0000  -0.1385  -0.4970    0.346
     3   0.7386   3.4500   2.0103   4.9457   0.0874   1.4475   1.4475   0.0390   0.0000  -0.1385  -0.4969    0.346
     4   1.4299   3.4500   2.7448   4.9397   0.0929   1.4457   1.4457   0.0394   0.0000  -0.1385  -0.4964    0.346
     5   2.3249   3.4500   3.4117   4.9257   0.0864   1.4414   1.4414   0.0403   0.0000  -0.1386  -0.4956    0.346
     6   3.4016   3.4500   3.9946   4.8987  -0.1198   1.4330   1.4330   0.0430   0.0000  -0.1393  -0.4943    0.347
     7   4.6579   3.4027   4.5877   4.8521   0.1137   1.4432   1.4392   0.0429   0.0000  -0.1393  -0.4945    0.347
     8   6.0668   3.3014   4.8231   4.7803  -0.2253   1.4660   1.4619   0.0406   0.0000  -0.1384  -0.4991    0.345
     9   7.5707   3.1934   4.9100   4.6848   0.0277   1.4856   1.4815   0.0393   0.0000  -0.1382  -0.5036    0.343
    10   9.1324   3.0811   4.8570   4.5671   0.0427   1.5011   1.4968   0.0397   0.0000  -0.1380  -0.5072    0.342
    11  10.7137   2.9675   4.6778   4.4284   0.0504   1.5110   1.5067   0.0415   0.0000  -0.1376  -0.5093    0.341
    12  12.2755   2.8552   4.3901   4.2681   0.0577   1.5130   1.5088   0.0446   0.0000  -0.1370  -0.5093    0.341
    13  13.7793   2.7471   4.0132   4.0823   0.0668   1.5032   1.4990   0.0492   0.0000  -0.1358  -0.5060    0.341
    14  15.1883   2.6458   3.5672   3.8622   0.0795   1.4753   1.4712   0.0563   0.0000  -0.1338  -0.4975    0.341
    15  16.4675   2.5539   3.0708   3.5923   0.0974   1.4197   1.4157   0.0652   0.0000  -0.1302  -0.4806    0.342
    16  17.5856   2.4735   2.5402   3.2478   0.1223   1.3228   1.3191   0.0753   0.0000  -0.1238  -0.4509    0.344
    17  18.5151   2.4067   1.9884   2.7952   0.1552   1.1672   1.1639   0.0834   0.0000  -0.1126  -0.4019    0.347
    18  19.2329   2.3551   1.4251   2.1987   0.1964   0.9354   0.9328   0.0836   0.0000  -0.0944  -0.3269    0.351
    19  19.7216   2.3200   0.8564   1.4349   0.2462   0.6175   0.6158   0.0679   0.0000  -0.0670  -0.2210    0.359
    20  19.9689   2.3022   0.2856   0.5078   0.3010   0.2196   0.2190   0.0282   0.0000  -0.0263  -0.0812    0.370

  Surface # 2     FrontWing (YDUP)                        
     # Chordwise = 12   # Spanwise = 20     First strip = 21
     Surface area =   59.792652       Ave. chord =    2.989631
     CLsurf  =   0.71035     Clsurf  =   0.15854
     CYsurf  =  -0.00186     Cmsurf  =  -0.33553
     CDsurf  =   0.02399     Cnsurf  =   0.02060
     CDisurf =   0.02399     CDvsurf =   0.00000

  Forces referred to Ssurf, Cave about hinge axis thru LE
     CLsurf  =   1.42087     CDsurf  =   0.04798
     Deflect =

 Strip Forces referred to Strip Area, Chord
    j      Yle    Chord     Area     c cl      ai      cl_norm  cl       cd       cdv    cm_c/4    cm_LE  C.P.x/c
    21  -0.0299   3.4500   0.4122   4.9478   0.0868   1.4482   1.4482   0.0388   0.0000  -0.1385   0.4970    0.346
    22  -0.2681   3.4500   1.2263   4.9476   0.0866   1.4481   1.4481   0.0389   0.0000  -0.1385   0.4970    0.346
    23  -0.7386   3.4500   2.0103   4.9457   0.0874   1.4475   1.4475   0.0390   0.0000  -0.1385   0.4969    0.346
    24  -1.4299   3.4500   2.7448   4.9397   0.0929   1.4457   1.4457   0.0394   0.0000  -0.1385   0.4964    0.346
    25  -2.3249   3.4500   3.4117   4.9257   0.0864   1.4414   1.4414   0.0403   0.0000  -0.1386   0.4956    0.346
    26  -3.4016   3.4500   3.9946   4.8987  -0.1198   1.4330   1.4330   0.0430   0.0000  -0.1393   0.4943    0.347
    27  -4.6579   3.4027   4.5877   4.8521   0.1137   1.4432   1.4392   0.0429   0.0000  -0.1393   0.4945    0.347
    28  -6.0668   3.3014   4.8231   4.7803  -0.2253   1.4660   1.4619   0.0406   0.0000  -0.1384   0.4991    0.345
    29  -7.5707   3.1934   4.9100   4.6848   0.0277   1.4856   1.4815   0.0393   0.0000  -0.1382   0.5036    0.343
    30  -9.1324   3.0811   4.8570   4.5671   0.0427   1.5011   1.4968   0.0397   0.0000  -0.1380   0.5072    0.342
    31 -10.7137   2.9675   4.6778   4.4284   0.0504   1.5110   1.5067   0.0415   0.0000  -0.1376   0.5093    0.341
    32 -12.2755   2.8552   4.3901   4.2681   0.0577   1.5130   1.5088   0.0446   0.0000  -0.1370   0.5093    0.341
    33 -13.7793   2.7471   4.0132   4.0823   0.0668   1.5033   1.4990   0.0492   0.0000  -0.1358   0.5060    0.341
    34 -15.1883   2.6458   3.5672   3.8622   0.0795   1.4753   1.4712   0.0563   0.0000  -0.1338   0.4975    0.341
    35 -16.4675   2.5539   3.0708   3.5923   0.0974   1.4197   1.4157   0.0652   0.0000  -0.1302   0.4806    0.342
    36 -17.5856   2.4735   2.5402   3.2478   0.1223   1.3228   1.3191   0.0753   0.0000  -0.1238   0.4509    0.344
    37 -18.5151   2.4067   1.9884   2.7952   0.1552   1.1672   1.1639   0.0834   0.0000  -0.1126   0.4019    0.347
    38 -19.2329   2.3551   1.4251   2.1987   0.1964   0.9354   0.9328   0.0836   0.0000  -0.0944   0.3269    0.351
    39 -19.7216   2.3200   0.8564   1.4349   0.2462   0.6175   0.6158   0.0679   0.0000  -0.0670   0.2210    0.359
    40 -19.9689   2.3022   0.2856   0.5078   0.3010   0.2196   0.2190   0.0282   0.0000  -0.0263   0.0812    0.370

  Surface # 3     Second Wing2                            
     # Chordwise = 12   # Spanwise = 24     First strip = 41
     Surface area =   12.000000       Ave. chord =    2.000000
     CLsurf  =   0.03965     Clsurf  =  -0.00264
     CYsurf  =   0.00000     Cmsurf  =  -0.13728
     CDsurf  =   0.00390     Cnsurf  =  -0.00018
     CDisurf =   0.00390     CDvsurf =   0.00000

  Forces referred to Ssurf, Cave about hinge axis thru LE
     CLsurf  =   0.39517     CDsurf  =   0.03886
     Deflect =

 Strip Forces referred to Strip Area, Chord
    j      Yle    Chord     Area     c cl      ai      cl_norm  cl       cd       cdv    cm_c/4    cm_LE  C.P.x/c
    41   0.0064   2.0000   0.0513   0.9293   0.0871   0.4639   0.4639   0.0439   0.0000  -0.0012  -0.1174    0.253
    42   0.0576   2.0000   0.1531   0.9293   0.0872   0.4639   0.4639   0.0439   0.0000  -0.0012  -0.1174    0.253
    43   0.1592   2.0000   0.2523   0.9293   0.0865   0.4638   0.4638   0.0439   0.0000  -0.0012  -0.1173    0.253
    44   0.3094   2.0000   0.3471   0.9290   0.0874   0.4637   0.4637   0.0439   0.0000  -0.0012  -0.1173    0.253
    45   0.5056   2.0000   0.4360   0.9283   0.0822   0.4634   0.4634   0.0439   0.0000  -0.0012  -0.1172    0.253
    46   0.7445   2.0000   0.5175   0.9271   0.0875   0.4627   0.4627   0.0439   0.0000  -0.0011  -0.1170    0.252
    47   1.0220   2.0000   0.5901   0.9250   0.1008   0.4617   0.4617   0.0438   0.0000  -0.0011  -0.1167    0.252
    48   1.3333   2.0000   0.6526   0.9219   0.0873   0.4601   0.4601   0.0438   0.0000  -0.0010  -0.1163    0.252
    49   1.6731   2.0000   0.7039   0.9174   0.0940   0.4579   0.4579   0.0437   0.0000  -0.0009  -0.1156    0.252
    50   2.0357   2.0000   0.7432   0.9113   0.0846   0.4548   0.4548   0.0435   0.0000  -0.0007  -0.1146    0.252
    51   2.4147   2.0000   0.7698   0.9030   0.0939   0.4507   0.4507   0.0432   0.0000  -0.0005  -0.1133    0.251
    52   2.8038   2.0000   0.7832   0.8919   0.1501   0.4451   0.4451   0.0428   0.0000  -0.0000  -0.1115    0.250
    53   3.1962   2.0000   0.7832   0.8755   0.0936   0.4369   0.4369   0.0422   0.0000   0.0006  -0.1088    0.249
    54   3.5853   2.0000   0.7698   0.8484   0.1031   0.4233   0.4233   0.0413   0.0000   0.0015  -0.1046    0.247
    55   3.9643   2.0000   0.7432   0.8027   0.1765   0.4004   0.4004   0.0398   0.0000   0.0026  -0.0978    0.244
    56   4.3269   2.0000   0.7039   0.7481   0.1059   0.3730   0.3730   0.0379   0.0000   0.0039  -0.0896    0.240
    57   4.6667   2.0000   0.6526   0.6949   0.1177   0.3464   0.3464   0.0357   0.0000   0.0054  -0.0814    0.234
    58   4.9780   2.0000   0.5901   0.6335   0.1329   0.3157   0.3157   0.0331   0.0000   0.0068  -0.0724    0.229
    59   5.2555   2.0000   0.5175   0.5573   0.1825   0.2775   0.2775   0.0302   0.0000   0.0075  -0.0622    0.223
    60   5.4944   2.0000   0.4360   0.4697   0.0808   0.2337   0.2337   0.0266   0.0000   0.0077  -0.0510    0.217
    61   5.6906   2.0000   0.3471   0.3753   0.1069   0.1866   0.1866   0.0221   0.0000   0.0076  -0.0394    0.210
    62   5.8408   2.0000   0.2523   0.2746   0.1173   0.1364   0.1364   0.0167   0.0000   0.0067  -0.0277    0.201
    63   5.9424   2.0000   0.1531   0.1678   0.1241   0.0833   0.0833   0.0107   0.0000   0.0047  -0.0163    0.193
    64   5.9936   2.0000   0.0513   0.0565   0.1277   0.0280   0.0280   0.0038   0.0000   0.0017  -0.0053    0.188

  Surface # 4     Second Wing2 (YDUP)                     
     # Chordwise = 12   # Spanwise = 24     First strip = 65
     Surface area =   12.000000       Ave. chord =    2.000000
     CLsurf  =   0.03965     Clsurf  =   0.00264
     CYsurf  =   0.00000     Cmsurf  =  -0.13728
     CDsurf  =   0.00390     Cnsurf  =   0.00018
     CDisurf =   0.00390     CDvsurf =   0.00000

  Forces referred to Ssurf, Cave about hinge axis thru LE
     CLsurf  =   0.39517     CDsurf  =   0.03886
     Deflect =

 Strip Forces referred to Strip Area, Chord
    j      Yle    Chord     Area     c cl      ai      cl_norm  cl       cd       cdv    cm_c/4    cm_LE  C.P.x/c
    65  -0.0064   2.0000   0.0513   0.9293   0.0870   0.4639   0.4639   0.0439   0.0000  -0.0012   0.1174    0.253
    66  -0.0576   2.0000   0.1531   0.9293   0.0872   0.4639   0.4639   0.0439   0.0000  -0.0012   0.1174    0.253
    67  -0.1592   2.0000   0.2523   0.9293   0.0865   0.4638   0.4638   0.0439   0.0000  -0.0012   0.1173    0.253
    68  -0.3094   2.0000   0.3471   0.9290   0.0874   0.4637   0.4637   0.0439   0.0000  -0.0012   0.1173    0.253
    69  -0.5056   2.0000   0.4360   0.9283   0.0822   0.4634   0.4634   0.0439   0.0000  -0.0012   0.1172    0.253
    70  -0.7445   2.0000   0.5175   0.9271   0.0875   0.4627   0.4627   0.0439   0.0000  -0.0011   0.1170    0.252
    71  -1.0220   2.0000   0.5901   0.9250   0.1008   0.4617   0.4617   0.0438   0.0000  -0.0011   0.1167    0.252
    72  -1.3333   2.0000   0.6526   0.9219   0.0873   0.4601   0.4601   0.0438   0.0000  -0.0010   0.1163    0.252
    73  -1.6731   2.0000   0.7039   0.9174   0.0940   0.4579   0.4579   0.0437   0.0000  -0.0009   0.1156    0.252
    74  -2.0357   2.0000   0.7432   0.9113   0.0846   0.4548   0.4548   0.0435   0.0000  -0.0007   0.1146    0.252
    75  -2.4147   2.0000   0.7698   0.9030   0.0939   0.4507   0.4507   0.0432   0.0000  -0.0005   0.1133    0.251
    76  -2.8038   2.0000   0.7832   0.8919   0.1501   0.4451   0.4451   0.0428   0.0000  -0.0000   0.1115    0.250
    77  -3.1962   2.0000   0.7832   0.8755   0.0936   0.4369   0.4369   0.0422   0.0000   0.0006   0.1088    0.249
    78  -3.5853   2.0000   0.7698   0.8484   0.1031   0.4233   0.4233   0.0413   0.0000   0.0015   0.1046    0.247
    79  -3.9643   2.0000   0.7432   0.8027   0.1765   0.4004   0.4004   0.0398   0.0000   0.0026   0.0978    0.244
    80  -4.3269   2.0000   0.7039   0.7481   0.1059   0.3730   0.3730   0.0379   0.0000   0.0039   0.0896    0.240
    81  -4.6667   2.0000   0.6526   0.6949   0.1177   0.3464   0.3464   0.0357   0.0000   0.0054   0.0814    0.234
    82  -4.9780   2.0000   0.5901   0.6335   0.1329   0.3157   0.3157   0.0331   0.0000   0.0068   0.0724    0.229
    83  -5.2555   2.0000   0.5175   0.5573   0.1825   0.2775   0.2775   0.0302   0.0000   0.0075   0.0622    0.223
    84  -5.4944   2.0000   0.4360   0.4697   0.0808   0.2337   0.2337   0.0266   0.0000   0.0077   0.0510    0.217
    85  -5.6906   2.0000   0.3471   0.3753   0.1069   0.1866   0.1866   0.0221   0.0000   0.0076   0.0394    0.210
    86  -5.8408   2.0000   0.2523   0.2746   0.1173   0.1364   0.1364   0.0167   0.0000   0.0067   0.0277    0.201
    87  -5.9424   2.0000   0.1531   0.1678   0.1241   0.0833   0.0833   0.0107   0.0000   0.0047   0.0163    0.193
    88  -5.9936   2.0000   0.0513   0.0565   0.1277   0.0280   0.0280   0.0038   0.0000   0.0017   0.0053    0.188

  Surface # 5     Fin                                     
     # Chordwise = 12   # Spanwise = 12     First strip = 89
     Surface area =    4.000000       Ave. chord =    1.600000
     CLsurf  =   0.00001     Clsurf  =  -0.00004
     CYsurf  =  -0.00154     Cmsurf  =  -0.00002
     CDsurf  =  -0.00001     Cnsurf  =   0.00042
     CDisurf =  -0.00001     CDvsurf =   0.00000

  Forces referred to Ssurf, Cave about hinge axis thru LE
     CLsurf  =   0.04597     CDsurf  =  -0.00033
     Deflect =

 Strip Forces referred to Strip Area, Chord
    j      Yle    Chord     Area     c cl      ai      cl_norm  cl       cd       cdv    cm_c/4    cm_LE  C.P.x/c
    89   4.0000   1.9966   0.0850   0.0074  -0.3570   0.0044   0.0037   0.0000   0.0000  -0.0003  -0.0013    0.335
    90   4.0000   1.9696   0.2459   0.0243  -0.0618   0.0146   0.0123  -0.0000   0.0000  -0.0010  -0.0043    0.329
    91   4.0000   1.9173   0.3809   0.0456  -0.0399   0.0281   0.0238  -0.0000   0.0000  -0.0016  -0.0080    0.317
    92   4.0000   1.8435   0.4773   0.0682  -0.0285   0.0438   0.0370  -0.0001   0.0000  -0.0019  -0.0118    0.301
    93   4.0000   1.7531   0.5285   0.0863  -0.0225   0.0583   0.0492  -0.0002   0.0000  -0.0017  -0.0150    0.284
    94   4.0000   1.6522   0.5345   0.0965  -0.0191   0.0691   0.0584  -0.0004   0.0000  -0.0011  -0.0170    0.268
    95   4.0000   1.5478   0.5007   0.0978  -0.0170   0.0748   0.0632  -0.0005   0.0000  -0.0003  -0.0176    0.255
    96   4.0000   1.4469   0.4362   0.0912  -0.0153   0.0746   0.0631  -0.0006   0.0000   0.0005  -0.0169    0.242
    97   4.0000   1.3565   0.3512   0.0782  -0.0138   0.0682   0.0577  -0.0006   0.0000   0.0013  -0.0147    0.227
    98   4.0000   1.2827   0.2548   0.0600  -0.0124   0.0553   0.0468  -0.0005   0.0000   0.0019  -0.0111    0.209
    99   4.0000   1.2304   0.1537   0.0378  -0.0112   0.0363   0.0307  -0.0003   0.0000   0.0019  -0.0068    0.189
   100   4.0000   1.2034   0.0513   0.0129  -0.0105   0.0127   0.0107  -0.0001   0.0000   0.0008  -0.0022    0.174

  Surface # 6     Fin (YDUP)                              
     # Chordwise = 12   # Spanwise = 12     First strip =101
     Surface area =    4.000000       Ave. chord =    1.600000
     CLsurf  =   0.00001     Clsurf  =   0.00004
     CYsurf  =   0.00154     Cmsurf  =  -0.00002
     CDsurf  =  -0.00001     Cnsurf  =  -0.00042
     CDisurf =  -0.00001     CDvsurf =   0.00000

  Forces referred to Ssurf, Cave about hinge axis thru LE
     CLsurf  =   0.04597     CDsurf  =  -0.00033
     Deflect =

 Strip Forces referred to Strip Area, Chord
    j      Yle    Chord     Area     c cl      ai      cl_norm  cl       cd       cdv    cm_c/4    cm_LE  C.P.x/c
   101  -4.0000   1.9966   0.0850   0.0074  -0.3570   0.0044   0.0037   0.0000   0.0000  -0.0003   0.0013    0.335
   102  -4.0000   1.9696   0.2459   0.0243  -0.0618   0.0146   0.0123  -0.0000   0.0000  -0.0010   0.0043    0.329
   103  -4.0000   1.9173   0.3809   0.0456  -0.0399   0.0281   0.0238  -0.0000   0.0000  -0.0016   0.0080    0.317
   104  -4.0000   1.8435   0.4773   0.0682  -0.0285   0.0438   0.0370  -0.0001   0.0000  -0.0019   0.0118    0.301
   105  -4.0000   1.7531   0.5285   0.0863  -0.0225   0.0583   0.0492  -0.0002   0.0000  -0.0017   0.0150    0.284
   106  -4.0000   1.6522   0.5345   0.0965  -0.0191   0.0691   0.0584  -0.0004   0.0000  -0.0011   0.0170    0.268
   107  -4.0000   1.5478   0.5007   0.0978  -0.0170   0.0748   0.0632  -0.0005   0.0000  -0.0003   0.0176    0.255
   108  -4.0000   1.4469   0.4362   0.0912  -0.0153   0.0746   0.0631  -0.0006   0.0000   0.0005   0.0169    0.242
   109  -4.0000   1.3565   0.3512   0.0782  -0.0138   0.0682   0.0577  -0.0006   0.0000   0.0013   0.0147    0.227
   110  -4.0000   1.2827   0.2548   0.0600  -0.0124   0.0553   0.0468  -0.0005   0.0000   0.0019   0.0111    0.209
   111  -4.0000   1.2304   0.1537   0.0378  -0.0112   0.0363   0.0307  -0.0003   0.0000   0.0019   0.0068    0.189
   112  -4.0000   1.2034   0.0513   0.0129  -0.0105   0.0127   0.0107  -0.0001   0.0000   0.0008   0.0022    0.174
 ---------------------------------------------------------------
