 ---------------------------------------------------------------
 Surface and Strip Forces by surface

  Forces referred to Sref, Cref, Bref about Xref, Yref, Zref
 Standard axis orientation,  X fwd, Z down         

  Surface # 1     FrontWing                               
     # Chordwise = 12   # Spanwise = 20     First strip =  1
     Surface area =   59.792652       Ave. chord =    2.989631
     CLsurf  =   0.80007     Clsurf  =  -0.17730
     CYsurf  =   0.00225     Cmsurf  =  -0.36652
     CDsurf  =   0.03009     Cnsurf  =  -0.02877
     CDisurf =   0.03009     CDvsurf =   0.00000

  Forces referred to Ssurf, Cave about hinge axis thru LE
     CLsurf  =   1.60034     CDsurf  =   0.06019
     Deflect =

 Strip Forces referred to Strip Area, Chord
    j      Yle    Chord     Area     c cl      ai      cl_norm  cl       cd       cdv    cm_c/4    cm_LE  C.P.x/c
     1   0.0299   3.4500   0.4122   5.5696   0.1033   1.6385   1.6385   0.0496   0.0000  -0.1365  -0.5401    0.333
     2   0.2681   3.4500   1.2263   5.5693   0.1030   1.6384   1.6384   0.0496   0.0000  -0.1365  -0.5401    0.333
     3   0.7386   3.4500   2.0103   5.5672   0.1040   1.6377   1.6377   0.0498   0.0000  -0.1365  -0.5399    0.333
     4   1.4299   3.4500   2.7448   5.5601   0.1112   1.6355   1.6355   0.0503   0.0000  -0.1366  -0.5395    0.333
     5   2.3249   3.4500   3.4117   5.5437   0.1024   1.6304   1.6304   0.0516   0.0000  -0.1367  -0.5385    0.334
     6   3.4016   3.4500   3.9946   5.5120  -0.1618   1.6203   1.6203   0.0552   0.0000  -0.1375  -0.5369    0.335
     7   4.6579   3.4027   4.5877   5.4574   0.1366   1.6311   1.6266   0.0549   0.0000  -0.1375  -0.5371    0.335
     8   6.0668   3.3014   4.8231   5.3733  -0.2933   1.6561   1.6515   0.0516   0.0000  -0.1365  -0.5419    0.333
     9   7.5707   3.1934   4.9100   5.2615   0.0277   1.6770   1.6724   0.0497   0.0000  -0.1361  -0.5466    0.331
    10   9.1324   3.0811   4.8570   5.1241   0.0464   1.6928   1.6881   0.0499   0.0000  -0.1359  -0.5502    0.330
    11  10.7137   2.9675   4.6778   4.9629   0.0556   1.7020   1.6973   0.0520   0.0000  -0.1355  -0.5521    0.330
    12  12.2755   2.8552   4.3901   4.7774   0.0639   1.7020   1.6973   0.0557   0.0000  -0.1348  -0.5516    0.329
    13  13.7793   2.7471   4.0132   4.5636   0.0742   1.6886   1.6839   0.0612   0.0000  -0.1335  -0.5474    0.329
    14  15.1883   2.6458   3.5672   4.3118   0.0883   1.6544   1.6499   0.0698   0.0000  -0.1312  -0.5373    0.330
    15  16.4675   2.5539   3.0708   4.0048   0.1083   1.5892   1.5848   0.0806   0.0000  -0.1272  -0.5179    0.330
    16  17.5856   2.4735   2.5402   3.6152   0.1358   1.4775   1.4734   0.0928   0.0000  -0.1201  -0.4843    0.332
    17  18.5151   2.4067   1.9884   3.1056   0.1721   1.3002   1.2966   0.1024   0.0000  -0.1080  -0.4295    0.333
    18  19.2329   2.3551   1.4251   2.4369   0.2165   1.0384   1.0355   0.1023   0.0000  -0.0889  -0.3467    0.336
    19  19.7216   2.3200   0.8564   1.5854   0.2690   0.6826   0.6807   0.0829   0.0000  -0.0619  -0.2321    0.341
    20  19.9689   2.3022   0.2856   0.5593   0.3252   0.2416   0.2410   0.0345   0.0000  -0.0240  -0.0845    0.349

  Surface # 2     FrontWing (YDUP)                        
     # Chordwise = 12   # Spanwise = 20     First strip = 21
     Surface area =   59.792652       Ave. chord =    2.989631
     CLsurf  =   0.80007     Clsurf  =   0.17730
     CYsurf  =  -0.00225     Cmsurf  =  -0.36652
     CDsurf  =   0.03009     Cnsurf  =   0.02877
     CDisurf =   0.03009     CDvsurf =   0.00000

  Forces referred to Ssurf, Cave about hinge axis thru LE
     CLsurf  =   1.60034     CDsurf  =   0.06019
     Deflect =

 Strip Forces referred to Strip Area, Chord
    j      Yle    Chord     Area     c cl      ai      cl_norm  cl       cd       cdv    cm_c/4    cm_LE  C.P.x/c
    21  -0.0299   3.4500   0.4122   5.5696   0.1034   1.6385   1.6385   0.0496   0.0000  -0.1365   0.5401    0.333
    22  -0.2681   3.4500   1.2263   5.5693   0.1030   1.6384   1.6384   0.0496   0.0000  -0.1365   0.5401    0.333
    23  -0.7386   3.4500   2.0103   5.5672   0.1040   1.6377   1.6377   0.0498   0.0000  -0.1365   0.5399    0.333
    24  -1.4299   3.4500   2.7448   5.5601   0.1112   1.6355   1.6355   0.0503   0.0000  -0.1366   0.5395    0.333
    25  -2.3249   3.4500   3.4117   5.5437   0.1024   1.6304   1.6304   0.0516   0.0000  -0.1367   0.5385    0.334
    26  -3.4016   3.4500   3.9946   5.5120  -0.1618   1.6203   1.6203   0.0552   0.0000  -0.1375   0.5369    0.335
    27  -4.6579   3.4027   4.5877   5.4574   0.1366   1.6311   1.6266   0.0549   0.0000  -0.1375   0.5371    0.335
    28  -6.0668   3.3014   4.8231   5.3733  -0.2933   1.6561   1.6515   0.0516   0.0000  -0.1365   0.5419    0.333
    29  -7.5707   3.1934   4.9100   5.2615   0.0277   1.6770   1.6724   0.0497   0.0000  -0.1361   0.5466    0.331
    30  -9.1324   3.0811   4.8570   5.1241   0.0464   1.6928   1.6881   0.0499   0.0000  -0.1359   0.5502    0.330
    31 -10.7137   2.9675   4.6778   4.9629   0.0556   1.7020   1.6973   0.0520   0.0000  -0.1355   0.5521    0.330
    32 -12.2755   2.8552   4.3901   4.7774   0.0639   1.7020   1.6973   0.0557   0.0000  -0.1348   0.5516    0.329
    33 -13.7793   2.7471   4.0132   4.5636   0.0742   1.6886   1.6839   0.0612   0.0000  -0.1335   0.5474    0.329
    34 -15.1883   2.6458   3.5672   4.3118   0.0883   1.6544   1.6499   0.0698   0.0000  -0.1312   0.5373    0.330
    35 -16.4675   2.5539   3.0708   4.0048   0.1083   1.5892   1.5848   0.0806   0.0000  -0.1272   0.5179    0.330
    36 -17.5856   2.4735   2.5402   3.6152   0.1358   1.4775   1.4734   0.0928   0.0000  -0.1201   0.4843    0.332
    37 -18.5151   2.4067   1.9884   3.1056   0.1721   1.3002   1.2966   0.1024   0.0000  -0.1080   0.4295    0.333
    38 -19.2329   2.3551   1.4251   2.4369   0.2165   1.0384   1.0355   0.1023   0.0000  -0.0889   0.3467    0.336
    39 -19.7216   2.3200   0.8564   1.5854   0.2690   0.6826   0.6807   0.0829   0.0000  -0.0619   0.2321    0.341
    40 -19.9689   2.3022   0.2856   0.5593   0.3252   0.2416   0.2410   0.0345   0.0000  -0.0240   0.0845    0.349

  Surface # 3     Second Wing2                            
     # Chordwise = 12   # Spanwise = 24     First strip = 41
     Surface area =   12.000000       Ave. chord =    2.000000
     CLsurf  =   0.04992     Clsurf  =  -0.00332
     CYsurf  =   0.00000     Cmsurf  =  -0.17283
     CDsurf  =   0.00572     Cnsurf  =  -0.00029
     CDisurf =   0.00572     CDvsurf =   0.00000

  Forces referred to Ssurf, Cave about hinge axis thru LE
     CLsurf  =   0.49753     CDsurf  =   0.05699
     Deflect =

 Strip Forces referred to Strip Area, Chord
    j      Yle    Chord     Area     c cl      ai      cl_norm  cl       cd       cdv    cm_c/4    cm_LE  C.P.x/c
    41   0.0064   2.0000   0.0513   1.1715   0.1037   0.5849   0.5849   0.0642   0.0000  -0.0011  -0.1475    0.252
    42   0.0576   2.0000   0.1531   1.1715   0.1038   0.5849   0.5849   0.0642   0.0000  -0.0011  -0.1475    0.252
    43   0.1592   2.0000   0.2523   1.1714   0.1030   0.5849   0.5849   0.0642   0.0000  -0.0011  -0.1475    0.252
    44   0.3094   2.0000   0.3471   1.1710   0.1040   0.5847   0.5847   0.0642   0.0000  -0.0011  -0.1475    0.252
    45   0.5056   2.0000   0.4360   1.1702   0.0979   0.5842   0.5842   0.0642   0.0000  -0.0011  -0.1473    0.252
    46   0.7445   2.0000   0.5175   1.1686   0.1042   0.5834   0.5834   0.0642   0.0000  -0.0010  -0.1471    0.252
    47   1.0220   2.0000   0.5901   1.1659   0.1199   0.5821   0.5821   0.0641   0.0000  -0.0010  -0.1467    0.252
    48   1.3333   2.0000   0.6526   1.1619   0.1040   0.5800   0.5800   0.0640   0.0000  -0.0009  -0.1461    0.252
    49   1.6731   2.0000   0.7039   1.1561   0.1120   0.5771   0.5771   0.0639   0.0000  -0.0007  -0.1452    0.251
    50   2.0357   2.0000   0.7432   1.1481   0.1010   0.5731   0.5731   0.0636   0.0000  -0.0005  -0.1440    0.251
    51   2.4147   2.0000   0.7698   1.1373   0.1120   0.5676   0.5676   0.0633   0.0000  -0.0002  -0.1423    0.250
    52   2.8038   2.0000   0.7832   1.1228   0.1784   0.5604   0.5604   0.0627   0.0000   0.0003  -0.1400    0.249
    53   3.1962   2.0000   0.7832   1.1017   0.1117   0.5498   0.5498   0.0618   0.0000   0.0011  -0.1366    0.248
    54   3.5853   2.0000   0.7698   1.0671   0.1228   0.5324   0.5324   0.0605   0.0000   0.0022  -0.1312    0.246
    55   3.9643   2.0000   0.7432   1.0095   0.2073   0.5034   0.5034   0.0585   0.0000   0.0036  -0.1226    0.243
    56   4.3269   2.0000   0.7039   0.9406   0.1281   0.4688   0.4688   0.0556   0.0000   0.0053  -0.1123    0.239
    57   4.6667   2.0000   0.6526   0.8735   0.1417   0.4352   0.4352   0.0524   0.0000   0.0072  -0.1020    0.234
    58   4.9780   2.0000   0.5901   0.7963   0.1598   0.3965   0.3965   0.0488   0.0000   0.0088  -0.0907    0.228
    59   5.2555   2.0000   0.5175   0.7012   0.2188   0.3488   0.3488   0.0446   0.0000   0.0097  -0.0779    0.222
    60   5.4944   2.0000   0.4360   0.5917   0.0994   0.2940   0.2940   0.0394   0.0000   0.0101  -0.0639    0.216
    61   5.6906   2.0000   0.3471   0.4731   0.1305   0.2348   0.2348   0.0328   0.0000   0.0099  -0.0493    0.208
    62   5.8408   2.0000   0.2523   0.3463   0.1429   0.1717   0.1717   0.0249   0.0000   0.0087  -0.0346    0.199
    63   5.9424   2.0000   0.1531   0.2116   0.1510   0.1048   0.1048   0.0160   0.0000   0.0061  -0.0203    0.191
    64   5.9936   2.0000   0.0513   0.0712   0.1553   0.0352   0.0352   0.0057   0.0000   0.0022  -0.0067    0.186

  Surface # 4     Second Wing2 (YDUP)                     
     # Chordwise = 12   # Spanwise = 24     First strip = 65
     Surface area =   12.000000       Ave. chord =    2.000000
     CLsurf  =   0.04992     Clsurf  =   0.00332
     CYsurf  =   0.00000     Cmsurf  =  -0.17283
     CDsurf  =   0.00572     Cnsurf  =   0.00029
     CDisurf =   0.00572     CDvsurf =   0.00000

  Forces referred to Ssurf, Cave about hinge axis thru LE
     CLsurf  =   0.49753     CDsurf  =   0.05699
     Deflect =

 Strip Forces referred to Strip Area, Chord
    j      Yle    Chord     Area     c cl      ai      cl_norm  cl       cd       cdv    cm_c/4    cm_LE  C.P.x/c
    65  -0.0064   2.0000   0.0513   1.1715   0.1037   0.5849   0.5849   0.0642   0.0000  -0.0011   0.1475    0.252
    66  -0.0576   2.0000   0.1531   1.1715   0.1038   0.5849   0.5849   0.0642   0.0000  -0.0011   0.1475    0.252
    67  -0.1592   2.0000   0.2523   1.1714   0.1030   0.5849   0.5849   0.0642   0.0000  -0.0011   0.1475    0.252
    68  -0.3094   2.0000   0.3471   1.1710   0.1040   0.5847   0.5847   0.0642   0.0000  -0.0011   0.1475    0.252
    69  -0.5056   2.0000   0.4360   1.1702   0.0979   0.5842   0.5842   0.0642   0.0000  -0.0011   0.1473    0.252
    70  -0.7445   2.0000   0.5175   1.1686   0.1042   0.5834   0.5834   0.0642   0.0000  -0.0010   0.1471    0.252
    71  -1.0220   2.0000   0.5901   1.1659   0.1199   0.5821   0.5821   0.0641   0.0000  -0.0010   0.1467    0.252
    72  -1.3333   2.0000   0.6526   1.1619   0.1040   0.5800   0.5800   0.0640   0.0000  -0.0009   0.1461    0.252
    73  -1.6731   2.0000   0.7039   1.1561   0.1120   0.5771   0.5771   0.0639   0.0000  -0.0007   0.1452    0.251
    74  -2.0357   2.0000   0.7432   1.1481   0.1010   0.5731   0.5731   0.0636   0.0000  -0.0005   0.1440    0.251
    75  -2.4147   2.0000   0.7698   1.1373   0.1120   0.5676   0.5676   0.0633   0.0000  -0.0002   0.1423    0.250
    76  -2.8038   2.0000   0.7832   1.1228   0.1784   0.5604   0.5604   0.0627   0.0000   0.0003   0.1400    0.249
    77  -3.1962   2.0000   0.7832   1.1017   0.1117   0.5498   0.5498   0.0618   0.0000   0.0011   0.1366    0.248
    78  -3.5853   2.0000   0.7698   1.0671   0.1228   0.5324   0.5324   0.0605   0.0000   0.0022   0.1312    0.246
    79  -3.9643   2.0000   0.7432   1.0095   0.2073   0.5034   0.5034   0.0585   0.0000   0.0036   0.1226    0.243
    80  -4.3269   2.0000   0.7039   0.9406   0.1281   0.4688   0.4688   0.0556   0.0000   0.0053   0.1123    0.239
    81  -4.6667   2.0000   0.6526   0.8735   0.1417   0.4352   0.4352   0.0524   0.0000   0.0072   0.1020    0.234
    82  -4.9780   2.0000   0.5901   0.7963   0.1598   0.3965   0.3965   0.0488   0.0000   0.0088   0.0907    0.228
    83  -5.2555   2.0000   0.5175   0.7012   0.2188   0.3488   0.3488   0.0446   0.0000   0.0097   0.0779    0.222
    84  -5.4944   2.0000   0.4360   0.5917   0.0994   0.2940   0.2940   0.0394   0.0000   0.0101   0.0639    0.216
    85  -5.6906   2.0000   0.3471   0.4731   0.1305   0.2348   0.2348   0.0328   0.0000   0.0099   0.0493    0.208
    86  -5.8408   2.0000   0.2523   0.3463   0.1429   0.1717   0.1717   0.0249   0.0000   0.0087   0.0346    0.199
    87  -5.9424   2.0000   0.1531   0.2116   0.1510   0.1048   0.1048   0.0160   0.0000   0.0061   0.0203    0.191
    88  -5.9936   2.0000   0.0513   0.0712   0.1553   0.0352   0.0352   0.0057   0.0000   0.0022   0.0067    0.186

  Surface # 5     Fin                                     
     # Chordwise = 12   # Spanwise = 12     First strip = 89
     Surface area =    4.000000       Ave. chord =    1.600000
     CLsurf  =   0.00001     Clsurf  =  -0.00005
     CYsurf  =  -0.00194     Cmsurf  =  -0.00003
     CDsurf  =  -0.00002     Cnsurf  =   0.00052
     CDisurf =  -0.00002     CDvsurf =   0.00000

  Forces referred to Ssurf, Cave about hinge axis thru LE
     CLsurf  =   0.05810     CDsurf  =  -0.00052
     Deflect =

 Strip Forces referred to Strip Area, Chord
    j      Yle    Chord     Area     c cl      ai      cl_norm  cl       cd       cdv    cm_c/4    cm_LE  C.P.x/c
    89   4.0000   1.9966   0.0850   0.0093  -0.4216   0.0057   0.0047   0.0000   0.0000  -0.0004  -0.0017    0.333
    90   4.0000   1.9696   0.2459   0.0308  -0.0746   0.0191   0.0157  -0.0000   0.0000  -0.0012  -0.0055    0.328
    91   4.0000   1.9173   0.3809   0.0582  -0.0488   0.0371   0.0304  -0.0001   0.0000  -0.0020  -0.0103    0.315
    92   4.0000   1.8435   0.4773   0.0872  -0.0348   0.0578   0.0473  -0.0002   0.0000  -0.0023  -0.0154    0.299
    93   4.0000   1.7531   0.5285   0.1100  -0.0275   0.0767   0.0628  -0.0004   0.0000  -0.0020  -0.0195    0.282
    94   4.0000   1.6522   0.5345   0.1223  -0.0235   0.0905   0.0740  -0.0006   0.0000  -0.0013  -0.0220    0.268
    95   4.0000   1.5478   0.5007   0.1234  -0.0210   0.0974   0.0797  -0.0008   0.0000  -0.0004  -0.0229    0.255
    96   4.0000   1.4469   0.4362   0.1146  -0.0189   0.0968   0.0792  -0.0009   0.0000   0.0006  -0.0218    0.242
    97   4.0000   1.3565   0.3512   0.0979  -0.0171   0.0882   0.0722  -0.0009   0.0000   0.0016  -0.0190    0.228
    98   4.0000   1.2827   0.2548   0.0749  -0.0153   0.0714   0.0584  -0.0008   0.0000   0.0024  -0.0144    0.210
    99   4.0000   1.2304   0.1537   0.0471  -0.0139   0.0468   0.0383  -0.0005   0.0000   0.0023  -0.0088    0.190
   100   4.0000   1.2034   0.0513   0.0161  -0.0130   0.0163   0.0134  -0.0002   0.0000   0.0010  -0.0029    0.175

  Surface # 6     Fin (YDUP)                              
     # Chordwise = 12   # Spanwise = 12     First strip =101
     Surface area =    4.000000       Ave. chord =    1.600000
     CLsurf  =   0.00001     Clsurf  =   0.00005
     CYsurf  =   0.00194     Cmsurf  =  -0.00003
     CDsurf  =  -0.00002     Cnsurf  =  -0.00052
     CDisurf =  -0.00002     CDvsurf =   0.00000

  Forces referred to Ssurf, Cave about hinge axis thru LE
     CLsurf  =   0.05810     CDsurf  =  -0.00052
     Deflect =

 Strip Forces referred to Strip Area, Chord
    j      Yle    Chord     Area     c cl      ai      cl_norm  cl       cd       cdv    cm_c/4    cm_LE  C.P.x/c
   101  -4.0000   1.9966   0.0850   0.0093  -0.4216   0.0057   0.0047   0.0000   0.0000  -0.0004   0.0017    0.333
   102  -4.0000   1.9696   0.2459   0.0308  -0.0746   0.0191   0.0157  -0.0000   0.0000  -0.0012   0.0055    0.328
   103  -4.0000   1.9173   0.3809   0.0582  -0.0488   0.0371   0.0304  -0.0001   0.0000  -0.0020   0.0103    0.315
   104  -4.0000   1.8435   0.4773   0.0872  -0.0348   0.0578   0.0473  -0.0002   0.0000  -0.0023   0.0154    0.299
   105  -4.0000   1.7531   0.5285   0.1100  -0.0275   0.0767   0.0628  -0.0004   0.0000  -0.0020   0.0195    0.282
   106  -4.0000   1.6522   0.5345   0.1223  -0.0235   0.0905   0.0740  -0.0006   0.0000  -0.0013   0.0220    0.268
   107  -4.0000   1.5478   0.5007   0.1234  -0.0210   0.0974   0.0797  -0.0008   0.0000  -0.0004   0.0229    0.255
   108  -4.0000   1.4469   0.4362   0.1146  -0.0189   0.0968   0.0792  -0.0009   0.0000   0.0006   0.0218    0.242
   109  -4.0000   1.3565   0.3512   0.0979  -0.0171   0.0882   0.0722  -0.0009   0.0000   0.0016   0.0190    0.228
   110  -4.0000   1.2827   0.2548   0.0749  -0.0153   0.0714   0.0584  -0.0008   0.0000   0.0024   0.0144    0.210
   111  -4.0000   1.2304   0.1537   0.0471  -0.0139   0.0468   0.0383  -0.0005   0.0000   0.0023   0.0088    0.190
   112  -4.0000   1.2034   0.0513   0.0161  -0.0130   0.0163   0.0134  -0.0002   0.0000   0.0010   0.0029    0.175
 ---------------------------------------------------------------
