 ---------------------------------------------------------------
 Surface and Strip Forces by surface

  Forces referred to Sref, Cref, Bref about Xref, Yref, Zref
 Standard axis orientation,  X fwd, Z down         

  Surface # 1     FrontWing                               
     # Chordwise = 12   # Spanwise = 20     First strip =  1
     Surface area =   59.792652       Ave. chord =    2.989631
     CLsurf  =   0.84496     Clsurf  =  -0.18653
     CYsurf  =   0.00246     Cmsurf  =  -0.38169
     CDsurf  =   0.03339     Cnsurf  =  -0.03337
     CDisurf =   0.03339     CDvsurf =   0.00000

  Forces referred to Ssurf, Cave about hinge axis thru LE
     CLsurf  =   1.69013     CDsurf  =   0.06678
     Deflect =

 Strip Forces referred to Strip Area, Chord
    j      Yle    Chord     Area     c cl      ai      cl_norm  cl       cd       cdv    cm_c/4    cm_LE  C.P.x/c
     1   0.0299   3.4500   0.4122   5.8760   0.1117   1.7338   1.7338   0.0555   0.0000  -0.1354  -0.5612    0.328
     2   0.2681   3.4500   1.2263   5.8757   0.1113   1.7337   1.7337   0.0555   0.0000  -0.1354  -0.5612    0.328
     3   0.7386   3.4500   2.0103   5.8733   0.1124   1.7329   1.7329   0.0557   0.0000  -0.1354  -0.5610    0.328
     4   1.4299   3.4500   2.7448   5.8658   0.1204   1.7306   1.7306   0.0562   0.0000  -0.1354  -0.5605    0.328
     5   2.3249   3.4500   3.4117   5.8482   0.1105   1.7250   1.7250   0.0577   0.0000  -0.1356  -0.5594    0.329
     6   3.4016   3.4500   3.9946   5.8142  -0.1830   1.7140   1.7140   0.0619   0.0000  -0.1365  -0.5578    0.330
     7   4.6579   3.4027   4.5877   5.7556   0.1482   1.7251   1.7204   0.0614   0.0000  -0.1365  -0.5579    0.329
     8   6.0668   3.3014   4.8231   5.6654  -0.3276   1.7513   1.7465   0.0576   0.0000  -0.1353  -0.5629    0.327
     9   7.5707   3.1934   4.9100   5.5455   0.0277   1.7729   1.7681   0.0553   0.0000  -0.1350  -0.5676    0.326
    10   9.1324   3.0811   4.8570   5.3985   0.0482   1.7888   1.7840   0.0555   0.0000  -0.1347  -0.5712    0.326
    11  10.7137   2.9675   4.6778   5.2261   0.0582   1.7976   1.7927   0.0576   0.0000  -0.1343  -0.5731    0.325
    12  12.2755   2.8552   4.3901   5.0281   0.0671   1.7966   1.7917   0.0616   0.0000  -0.1335  -0.5723    0.325
    13  13.7793   2.7471   4.0132   4.8005   0.0779   1.7813   1.7764   0.0677   0.0000  -0.1322  -0.5676    0.324
    14  15.1883   2.6458   3.5672   4.5330   0.0928   1.7440   1.7392   0.0770   0.0000  -0.1298  -0.5567    0.325
    15  16.4675   2.5539   3.0708   4.2078   0.1137   1.6738   1.6692   0.0888   0.0000  -0.1256  -0.5361    0.325
    16  17.5856   2.4735   2.5402   3.7959   0.1426   1.5546   1.5504   0.1021   0.0000  -0.1182  -0.5005    0.326
    17  18.5151   2.4067   1.9884   3.2583   0.1805   1.3664   1.3626   0.1126   0.0000  -0.1056  -0.4429    0.327
    18  19.2329   2.3551   1.4251   2.5540   0.2266   1.0895   1.0865   0.1123   0.0000  -0.0861  -0.3563    0.329
    19  19.7216   2.3200   0.8564   1.6593   0.2804   0.7147   0.7127   0.0909   0.0000  -0.0592  -0.2374    0.333
    20  19.9689   2.3022   0.2856   0.5846   0.3373   0.2525   0.2518   0.0380   0.0000  -0.0228  -0.0861    0.341

  Surface # 2     FrontWing (YDUP)                        
     # Chordwise = 12   # Spanwise = 20     First strip = 21
     Surface area =   59.792652       Ave. chord =    2.989631
     CLsurf  =   0.84496     Clsurf  =   0.18653
     CYsurf  =  -0.00246     Cmsurf  =  -0.38169
     CDsurf  =   0.03339     Cnsurf  =   0.03337
     CDisurf =   0.03339     CDvsurf =   0.00000

  Forces referred to Ssurf, Cave about hinge axis thru LE
     CLsurf  =   1.69013     CDsurf  =   0.06678
     Deflect =

 Strip Forces referred to Strip Area, Chord
    j      Yle    Chord     Area     c cl      ai      cl_norm  cl       cd       cdv    cm_c/4    cm_LE  C.P.x/c
    21  -0.0299   3.4500   0.4122   5.8760   0.1117   1.7338   1.7338   0.0555   0.0000  -0.1354   0.5612    0.328
    22  -0.2681   3.4500   1.2263   5.8757   0.1113   1.7337   1.7337   0.0555   0.0000  -0.1354   0.5612    0.328
    23  -0.7386   3.4500   2.0103   5.8733   0.1124   1.7329   1.7329   0.0557   0.0000  -0.1354   0.5610    0.328
    24  -1.4299   3.4500   2.7448   5.8658   0.1204   1.7306   1.7306   0.0562   0.0000  -0.1354   0.5605    0.328
    25  -2.3249   3.4500   3.4117   5.8482   0.1105   1.7250   1.7250   0.0577   0.0000  -0.1356   0.5594    0.329
    26  -3.4016   3.4500   3.9946   5.8142  -0.1830   1.7140   1.7140   0.0619   0.0000  -0.1365   0.5578    0.330
    27  -4.6579   3.4027   4.5877   5.7556   0.1482   1.7251   1.7204   0.0614   0.0000  -0.1365   0.5579    0.329
    28  -6.0668   3.3014   4.8231   5.6654  -0.3276   1.7513   1.7465   0.0576   0.0000  -0.1353   0.5629    0.327
    29  -7.5707   3.1934   4.9100   5.5455   0.0277   1.7729   1.7681   0.0553   0.0000  -0.1350   0.5676    0.326
    30  -9.1324   3.0811   4.8570   5.3985   0.0482   1.7888   1.7840   0.0555   0.0000  -0.1347   0.5712    0.326
    31 -10.7137   2.9675   4.6778   5.2261   0.0582   1.7976   1.7927   0.0576   0.0000  -0.1343   0.5731    0.325
    32 -12.2755   2.8552   4.3901   5.0281   0.0671   1.7966   1.7917   0.0616   0.0000  -0.1335   0.5723    0.325
    33 -13.7793   2.7471   4.0132   4.8005   0.0779   1.7813   1.7764   0.0677   0.0000  -0.1322   0.5676    0.324
    34 -15.1883   2.6458   3.5672   4.5330   0.0928   1.7440   1.7392   0.0770   0.0000  -0.1298   0.5567    0.325
    35 -16.4675   2.5539   3.0708   4.2078   0.1137   1.6738   1.6692   0.0888   0.0000  -0.1256   0.5361    0.325
    36 -17.5856   2.4735   2.5402   3.7959   0.1426   1.5546   1.5504   0.1021   0.0000  -0.1182   0.5005    0.326
    37 -18.5151   2.4067   1.9884   3.2583   0.1805   1.3664   1.3626   0.1126   0.0000  -0.1056   0.4429    0.327
    38 -19.2329   2.3551   1.4251   2.5540   0.2266   1.0895   1.0865   0.1123   0.0000  -0.0861   0.3563    0.329
    39 -19.7216   2.3200   0.8564   1.6593   0.2804   0.7147   0.7127   0.0909   0.0000  -0.0592   0.2374    0.333
    40 -19.9689   2.3022   0.2856   0.5846   0.3373   0.2525   0.2518   0.0380   0.0000  -0.0228   0.0861    0.341

  Surface # 3     Second Wing2                            
     # Chordwise = 12   # Spanwise = 24     First strip = 41
     Surface area =   12.000000       Ave. chord =    2.000000
     CLsurf  =   0.05503     Clsurf  =  -0.00366
     CYsurf  =  -0.00000     Cmsurf  =  -0.19050
     CDsurf  =   0.00675     Cnsurf  =  -0.00036
     CDisurf =   0.00675     CDvsurf =   0.00000

  Forces referred to Ssurf, Cave about hinge axis thru LE
     CLsurf  =   0.54843     CDsurf  =   0.06728
     Deflect =

 Strip Forces referred to Strip Area, Chord
    j      Yle    Chord     Area     c cl      ai      cl_norm  cl       cd       cdv    cm_c/4    cm_LE  C.P.x/c
    41   0.0064   2.0000   0.0513   1.2919   0.1120   0.6452   0.6452   0.0757   0.0000  -0.0010  -0.1625    0.252
    42   0.0576   2.0000   0.1531   1.2919   0.1122   0.6452   0.6452   0.0757   0.0000  -0.0010  -0.1625    0.252
    43   0.1592   2.0000   0.2523   1.2918   0.1113   0.6451   0.6451   0.0757   0.0000  -0.0010  -0.1625    0.252
    44   0.3094   2.0000   0.3471   1.2914   0.1124   0.6449   0.6449   0.0757   0.0000  -0.0010  -0.1624    0.252
    45   0.5056   2.0000   0.4360   1.2904   0.1058   0.6444   0.6444   0.0757   0.0000  -0.0010  -0.1623    0.252
    46   0.7445   2.0000   0.5175   1.2886   0.1127   0.6435   0.6435   0.0756   0.0000  -0.0010  -0.1620    0.251
    47   1.0220   2.0000   0.5901   1.2857   0.1295   0.6420   0.6420   0.0756   0.0000  -0.0009  -0.1616    0.251
    48   1.3333   2.0000   0.6526   1.2812   0.1125   0.6397   0.6397   0.0755   0.0000  -0.0008  -0.1609    0.251
    49   1.6731   2.0000   0.7039   1.2747   0.1211   0.6365   0.6365   0.0753   0.0000  -0.0006  -0.1600    0.251
    50   2.0357   2.0000   0.7432   1.2659   0.1092   0.6320   0.6320   0.0751   0.0000  -0.0004  -0.1586    0.251
    51   2.4147   2.0000   0.7698   1.2538   0.1211   0.6259   0.6259   0.0747   0.0000  -0.0000  -0.1568    0.250
    52   2.8038   2.0000   0.7832   1.2377   0.1926   0.6177   0.6177   0.0740   0.0000   0.0005  -0.1542    0.249
    53   3.1962   2.0000   0.7832   1.2142   0.1209   0.6059   0.6059   0.0730   0.0000   0.0014  -0.1504    0.248
    54   3.5853   2.0000   0.7698   1.1759   0.1327   0.5866   0.5866   0.0715   0.0000   0.0026  -0.1444    0.246
    55   3.9643   2.0000   0.7432   1.1123   0.2227   0.5546   0.5546   0.0691   0.0000   0.0041  -0.1350    0.243
    56   4.3269   2.0000   0.7039   1.0363   0.1392   0.5164   0.5164   0.0657   0.0000   0.0060  -0.1236    0.238
    57   4.6667   2.0000   0.6526   0.9622   0.1538   0.4792   0.4792   0.0620   0.0000   0.0080  -0.1122    0.233
    58   4.9780   2.0000   0.5901   0.8771   0.1734   0.4366   0.4366   0.0577   0.0000   0.0098  -0.0998    0.227
    59   5.2555   2.0000   0.5175   0.7726   0.2371   0.3841   0.3841   0.0529   0.0000   0.0109  -0.0857    0.222
    60   5.4944   2.0000   0.4360   0.6523   0.1087   0.3238   0.3238   0.0468   0.0000   0.0113  -0.0703    0.215
    61   5.6906   2.0000   0.3471   0.5218   0.1424   0.2587   0.2587   0.0389   0.0000   0.0110  -0.0542    0.207
    62   5.8408   2.0000   0.2523   0.3819   0.1559   0.1891   0.1891   0.0296   0.0000   0.0097  -0.0380    0.199
    63   5.9424   2.0000   0.1531   0.2334   0.1646   0.1154   0.1154   0.0190   0.0000   0.0068  -0.0223    0.191
    64   5.9936   2.0000   0.0513   0.0786   0.1692   0.0387   0.0387   0.0068   0.0000   0.0025  -0.0073    0.186

  Surface # 4     Second Wing2 (YDUP)                     
     # Chordwise = 12   # Spanwise = 24     First strip = 65
     Surface area =   12.000000       Ave. chord =    2.000000
     CLsurf  =   0.05503     Clsurf  =   0.00366
     CYsurf  =   0.00000     Cmsurf  =  -0.19050
     CDsurf  =   0.00675     Cnsurf  =   0.00036
     CDisurf =   0.00675     CDvsurf =   0.00000

  Forces referred to Ssurf, Cave about hinge axis thru LE
     CLsurf  =   0.54843     CDsurf  =   0.06728
     Deflect =

 Strip Forces referred to Strip Area, Chord
    j      Yle    Chord     Area     c cl      ai      cl_norm  cl       cd       cdv    cm_c/4    cm_LE  C.P.x/c
    65  -0.0064   2.0000   0.0513   1.2919   0.1120   0.6452   0.6452   0.0757   0.0000  -0.0010   0.1625    0.252
    66  -0.0576   2.0000   0.1531   1.2919   0.1122   0.6452   0.6452   0.0757   0.0000  -0.0010   0.1625    0.252
    67  -0.1592   2.0000   0.2523   1.2918   0.1113   0.6451   0.6451   0.0757   0.0000  -0.0010   0.1625    0.252
    68  -0.3094   2.0000   0.3471   1.2914   0.1124   0.6449   0.6449   0.0757   0.0000  -0.0010   0.1624    0.252
    69  -0.5056   2.0000   0.4360   1.2904   0.1058   0.6444   0.6444   0.0757   0.0000  -0.0010   0.1623    0.252
    70  -0.7445   2.0000   0.5175   1.2886   0.1127   0.6435   0.6435   0.0756   0.0000  -0.0010   0.1620    0.251
    71  -1.0220   2.0000   0.5901   1.2857   0.1295   0.6420   0.6420   0.0756   0.0000  -0.0009   0.1616    0.251
    72  -1.3333   2.0000   0.6526   1.2812   0.1125   0.6397   0.6397   0.0755   0.0000  -0.0008   0.1609    0.251
    73  -1.6731   2.0000   0.7039   1.2747   0.1211   0.6365   0.6365   0.0753   0.0000  -0.0006   0.1600    0.251
    74  -2.0357   2.0000   0.7432   1.2659   0.1092   0.6320   0.6320   0.0751   0.0000  -0.0004   0.1586    0.251
    75  -2.4147   2.0000   0.7698   1.2538   0.1211   0.6259   0.6259   0.0747   0.0000  -0.0000   0.1568    0.250
    76  -2.8038   2.0000   0.7832   1.2377   0.1926   0.6177   0.6177   0.0740   0.0000   0.0005   0.1542    0.249
    77  -3.1962   2.0000   0.7832   1.2142   0.1209   0.6059   0.6059   0.0730   0.0000   0.0014   0.1504    0.248
    78  -3.5853   2.0000   0.7698   1.1759   0.1327   0.5866   0.5866   0.0715   0.0000   0.0026   0.1444    0.246
    79  -3.9643   2.0000   0.7432   1.1123   0.2227   0.5546   0.5546   0.0691   0.0000   0.0041   0.1350    0.243
    80  -4.3269   2.0000   0.7039   1.0363   0.1392   0.5164   0.5164   0.0657   0.0000   0.0060   0.1236    0.238
    81  -4.6667   2.0000   0.6526   0.9622   0.1538   0.4792   0.4792   0.0620   0.0000   0.0080   0.1122    0.233
    82  -4.9780   2.0000   0.5901   0.8771   0.1734   0.4366   0.4366   0.0577   0.0000   0.0098   0.0998    0.227
    83  -5.2555   2.0000   0.5175   0.7726   0.2371   0.3841   0.3841   0.0529   0.0000   0.0109   0.0857    0.222
    84  -5.4944   2.0000   0.4360   0.6523   0.1087   0.3238   0.3238   0.0468   0.0000   0.0113   0.0703    0.215
    85  -5.6906   2.0000   0.3471   0.5218   0.1424   0.2587   0.2587   0.0389   0.0000   0.0110   0.0542    0.207
    86  -5.8408   2.0000   0.2523   0.3819   0.1559   0.1891   0.1891   0.0296   0.0000   0.0097   0.0380    0.199
    87  -5.9424   2.0000   0.1531   0.2334   0.1646   0.1154   0.1154   0.0190   0.0000   0.0068   0.0223    0.191
    88  -5.9936   2.0000   0.0513   0.0786   0.1692   0.0387   0.0387   0.0068   0.0000   0.0025   0.0073    0.186

  Surface # 5     Fin                                     
     # Chordwise = 12   # Spanwise = 12     First strip = 89
     Surface area =    4.000000       Ave. chord =    1.600000
     CLsurf  =   0.00001     Clsurf  =  -0.00006
     CYsurf  =  -0.00215     Cmsurf  =  -0.00004
     CDsurf  =  -0.00002     Cnsurf  =   0.00058
     CDisurf =  -0.00002     CDvsurf =   0.00000

  Forces referred to Ssurf, Cave about hinge axis thru LE
     CLsurf  =   0.06424     CDsurf  =  -0.00062
     Deflect =

 Strip Forces referred to Strip Area, Chord
    j      Yle    Chord     Area     c cl      ai      cl_norm  cl       cd       cdv    cm_c/4    cm_LE  C.P.x/c
    89   4.0000   1.9966   0.0850   0.0103  -0.4541   0.0064   0.0052   0.0000   0.0000  -0.0004  -0.0019    0.333
    90   4.0000   1.9696   0.2459   0.0342  -0.0810   0.0216   0.0173  -0.0000   0.0000  -0.0013  -0.0062    0.327
    91   4.0000   1.9173   0.3809   0.0646  -0.0533   0.0419   0.0337  -0.0001   0.0000  -0.0022  -0.0116    0.314
    92   4.0000   1.8435   0.4773   0.0968  -0.0379   0.0653   0.0525  -0.0002   0.0000  -0.0025  -0.0172    0.298
    93   4.0000   1.7531   0.5285   0.1220  -0.0300   0.0866   0.0696  -0.0005   0.0000  -0.0022  -0.0218    0.282
    94   4.0000   1.6522   0.5345   0.1354  -0.0257   0.1019   0.0820  -0.0008   0.0000  -0.0014  -0.0247    0.267
    95   4.0000   1.5478   0.5007   0.1363  -0.0230   0.1095   0.0881  -0.0010   0.0000  -0.0004  -0.0256    0.255
    96   4.0000   1.4469   0.4362   0.1264  -0.0208   0.1087   0.0874  -0.0011   0.0000   0.0007  -0.0244    0.242
    97   4.0000   1.3565   0.3512   0.1079  -0.0187   0.0989   0.0795  -0.0011   0.0000   0.0018  -0.0212    0.228
    98   4.0000   1.2827   0.2548   0.0825  -0.0168   0.0800   0.0643  -0.0009   0.0000   0.0026  -0.0161    0.210
    99   4.0000   1.2304   0.1537   0.0518  -0.0153   0.0524   0.0421  -0.0006   0.0000   0.0025  -0.0098    0.190
   100   4.0000   1.2034   0.0513   0.0177  -0.0143   0.0183   0.0147  -0.0002   0.0000   0.0011  -0.0032    0.175

  Surface # 6     Fin (YDUP)                              
     # Chordwise = 12   # Spanwise = 12     First strip =101
     Surface area =    4.000000       Ave. chord =    1.600000
     CLsurf  =   0.00001     Clsurf  =   0.00006
     CYsurf  =   0.00215     Cmsurf  =  -0.00004
     CDsurf  =  -0.00002     Cnsurf  =  -0.00058
     CDisurf =  -0.00002     CDvsurf =   0.00000

  Forces referred to Ssurf, Cave about hinge axis thru LE
     CLsurf  =   0.06424     CDsurf  =  -0.00062
     Deflect =

 Strip Forces referred to Strip Area, Chord
    j      Yle    Chord     Area     c cl      ai      cl_norm  cl       cd       cdv    cm_c/4    cm_LE  C.P.x/c
   101  -4.0000   1.9966   0.0850   0.0103  -0.4541   0.0064   0.0052   0.0000   0.0000  -0.0004   0.0019    0.333
   102  -4.0000   1.9696   0.2459   0.0342  -0.0810   0.0216   0.0173  -0.0000   0.0000  -0.0013   0.0062    0.327
   103  -4.0000   1.9173   0.3809   0.0646  -0.0533   0.0419   0.0337  -0.0001   0.0000  -0.0022   0.0116    0.314
   104  -4.0000   1.8435   0.4773   0.0968  -0.0379   0.0653   0.0525  -0.0002   0.0000  -0.0025   0.0172    0.298
   105  -4.0000   1.7531   0.5285   0.1220  -0.0300   0.0866   0.0696  -0.0005   0.0000  -0.0022   0.0218    0.282
   106  -4.0000   1.6522   0.5345   0.1354  -0.0257   0.1019   0.0820  -0.0008   0.0000  -0.0014   0.0247    0.267
   107  -4.0000   1.5478   0.5007   0.1363  -0.0230   0.1095   0.0881  -0.0010   0.0000  -0.0004   0.0256    0.255
   108  -4.0000   1.4469   0.4362   0.1264  -0.0208   0.1087   0.0874  -0.0011   0.0000   0.0007   0.0244    0.242
   109  -4.0000   1.3565   0.3512   0.1079  -0.0187   0.0989   0.0795  -0.0011   0.0000   0.0018   0.0212    0.228
   110  -4.0000   1.2827   0.2548   0.0825  -0.0168   0.0800   0.0643  -0.0009   0.0000   0.0026   0.0161    0.210
   111  -4.0000   1.2304   0.1537   0.0518  -0.0153   0.0524   0.0421  -0.0006   0.0000   0.0025   0.0098    0.190
   112  -4.0000   1.2034   0.0513   0.0177  -0.0143   0.0183   0.0147  -0.0002   0.0000   0.0011   0.0032    0.175
 ---------------------------------------------------------------
