 ---------------------------------------------------------------
 Surface and Strip Forces by surface

  Forces referred to Sref, Cref, Bref about Xref, Yref, Zref
 Standard axis orientation,  X fwd, Z down         

  Surface # 1     FrontWing                               
     # Chordwise = 12   # Spanwise = 20     First strip =  1
     Surface area =   59.792652       Ave. chord =    2.989631
     CLsurf  =   0.57584     Clsurf  =  -0.12980
     CYsurf  =   0.00135     Cmsurf  =  -0.28768
     CDsurf  =   0.01609     Cnsurf  =  -0.01077
     CDisurf =   0.01609     CDvsurf =   0.00000

  Forces referred to Ssurf, Cave about hinge axis thru LE
     CLsurf  =   1.15183     CDsurf  =   0.03218
     Deflect =

 Strip Forces referred to Strip Area, Chord
    j      Yle    Chord     Area     c cl      ai      cl_norm  cl       cd       cdv    cm_c/4    cm_LE  C.P.x/c
     1   0.0299   3.4500   0.4122   3.9968   0.0623   1.1634   1.1634   0.0251   0.0000  -0.1407  -0.4303    0.371
     2   0.2681   3.4500   1.2263   3.9966   0.0622   1.1633   1.1633   0.0251   0.0000  -0.1407  -0.4303    0.371
     3   0.7386   3.4500   2.0103   3.9953   0.0627   1.1629   1.1629   0.0252   0.0000  -0.1407  -0.4302    0.371
     4   1.4299   3.4500   2.7448   3.9908   0.0658   1.1616   1.1616   0.0254   0.0000  -0.1407  -0.4299    0.371
     5   2.3249   3.4500   3.4117   3.9805   0.0627   1.1585   1.1585   0.0260   0.0000  -0.1408  -0.4293    0.372
     6   3.4016   3.4500   3.9946   3.9605  -0.0578   1.1525   1.1525   0.0275   0.0000  -0.1413  -0.4283    0.373
     7   4.6579   3.4027   4.5877   3.9260   0.0797   1.1617   1.1584   0.0276   0.0000  -0.1413  -0.4286    0.372
     8   6.0668   3.3014   4.8231   3.8731  -0.1250   1.1813   1.1780   0.0265   0.0000  -0.1407  -0.4329    0.369
     9   7.5707   3.1934   4.9100   3.8022   0.0276   1.1991   1.1957   0.0259   0.0000  -0.1405  -0.4371    0.368
    10   9.1324   3.0811   4.8570   3.7143   0.0372   1.2140   1.2106   0.0264   0.0000  -0.1404  -0.4406    0.366
    11  10.7137   2.9675   4.6778   3.6100   0.0427   1.2250   1.2215   0.0279   0.0000  -0.1401  -0.4431    0.365
    12  12.2755   2.8552   4.3901   3.4880   0.0483   1.2299   1.2264   0.0302   0.0000  -0.1396  -0.4438    0.364
    13  13.7793   2.7471   4.0132   3.3450   0.0558   1.2254   1.2219   0.0336   0.0000  -0.1387  -0.4419    0.363
    14  15.1883   2.6458   3.5672   3.1732   0.0662   1.2064   1.2029   0.0387   0.0000  -0.1370  -0.4357    0.364
    15  16.4675   2.5539   3.0708   2.9598   0.0812   1.1648   1.1615   0.0451   0.0000  -0.1340  -0.4227    0.365
    16  17.5856   2.4735   2.5402   2.6843   0.1020   1.0895   1.0864   0.0523   0.0000  -0.1286  -0.3989    0.368
    17  18.5151   2.4067   1.9884   2.3188   0.1301   0.9659   0.9632   0.0584   0.0000  -0.1189  -0.3588    0.373
    18  19.2329   2.3551   1.4251   1.8328   0.1663   0.7788   0.7766   0.0589   0.0000  -0.1021  -0.2958    0.381
    19  19.7216   2.3200   0.8564   1.2035   0.2122   0.5181   0.5166   0.0481   0.0000  -0.0743  -0.2035    0.394
    20  19.9689   2.3022   0.2856   0.4286   0.2648   0.1856   0.1851   0.0199   0.0000  -0.0296  -0.0759    0.410

  Surface # 2     FrontWing (YDUP)                        
     # Chordwise = 12   # Spanwise = 20     First strip = 21
     Surface area =   59.792652       Ave. chord =    2.989631
     CLsurf  =   0.57584     Clsurf  =   0.12980
     CYsurf  =  -0.00135     Cmsurf  =  -0.28768
     CDsurf  =   0.01609     Cnsurf  =   0.01077
     CDisurf =   0.01609     CDvsurf =   0.00000

  Forces referred to Ssurf, Cave about hinge axis thru LE
     CLsurf  =   1.15183     CDsurf  =   0.03218
     Deflect =

 Strip Forces referred to Strip Area, Chord
    j      Yle    Chord     Area     c cl      ai      cl_norm  cl       cd       cdv    cm_c/4    cm_LE  C.P.x/c
    21  -0.0299   3.4500   0.4122   3.9968   0.0623   1.1634   1.1634   0.0251   0.0000  -0.1407   0.4303    0.371
    22  -0.2681   3.4500   1.2263   3.9966   0.0622   1.1633   1.1633   0.0251   0.0000  -0.1407   0.4303    0.371
    23  -0.7386   3.4500   2.0103   3.9953   0.0627   1.1629   1.1629   0.0252   0.0000  -0.1407   0.4302    0.371
    24  -1.4299   3.4500   2.7448   3.9908   0.0658   1.1616   1.1616   0.0254   0.0000  -0.1407   0.4299    0.371
    25  -2.3249   3.4500   3.4117   3.9805   0.0627   1.1585   1.1585   0.0260   0.0000  -0.1408   0.4293    0.372
    26  -3.4016   3.4500   3.9946   3.9605  -0.0578   1.1525   1.1525   0.0275   0.0000  -0.1413   0.4283    0.373
    27  -4.6579   3.4027   4.5877   3.9260   0.0797   1.1617   1.1584   0.0276   0.0000  -0.1413   0.4286    0.372
    28  -6.0668   3.3014   4.8231   3.8731  -0.1250   1.1813   1.1780   0.0265   0.0000  -0.1407   0.4329    0.369
    29  -7.5707   3.1934   4.9100   3.8022   0.0276   1.1991   1.1957   0.0259   0.0000  -0.1405   0.4371    0.368
    30  -9.1324   3.0811   4.8570   3.7143   0.0372   1.2140   1.2106   0.0264   0.0000  -0.1404   0.4406    0.366
    31 -10.7137   2.9675   4.6778   3.6100   0.0427   1.2250   1.2215   0.0279   0.0000  -0.1401   0.4431    0.365
    32 -12.2755   2.8552   4.3901   3.4880   0.0483   1.2299   1.2264   0.0302   0.0000  -0.1396   0.4438    0.364
    33 -13.7793   2.7471   4.0132   3.3450   0.0558   1.2254   1.2219   0.0336   0.0000  -0.1387   0.4419    0.363
    34 -15.1883   2.6458   3.5672   3.1732   0.0662   1.2064   1.2029   0.0387   0.0000  -0.1370   0.4357    0.364
    35 -16.4675   2.5539   3.0708   2.9598   0.0812   1.1648   1.1615   0.0451   0.0000  -0.1340   0.4227    0.365
    36 -17.5856   2.4735   2.5402   2.6843   0.1020   1.0895   1.0864   0.0523   0.0000  -0.1286   0.3989    0.368
    37 -18.5151   2.4067   1.9884   2.3188   0.1301   0.9659   0.9632   0.0584   0.0000  -0.1189   0.3588    0.373
    38 -19.2329   2.3551   1.4251   1.8328   0.1663   0.7788   0.7766   0.0589   0.0000  -0.1021   0.2958    0.381
    39 -19.7216   2.3200   0.8564   1.2035   0.2122   0.5181   0.5166   0.0481   0.0000  -0.0743   0.2035    0.394
    40 -19.9689   2.3022   0.2856   0.4286   0.2648   0.1856   0.1851   0.0199   0.0000  -0.0296   0.0759    0.410

  Surface # 3     Second Wing2                            
     # Chordwise = 12   # Spanwise = 24     First strip = 41
     Surface area =   12.000000       Ave. chord =    2.000000
     CLsurf  =   0.02415     Clsurf  =  -0.00161
     CYsurf  =  -0.00000     Cmsurf  =  -0.08363
     CDsurf  =   0.00180     Cnsurf  =  -0.00006
     CDisurf =   0.00180     CDvsurf =   0.00000

  Forces referred to Ssurf, Cave about hinge axis thru LE
     CLsurf  =   0.24073     CDsurf  =   0.01789
     Deflect =

 Strip Forces referred to Strip Area, Chord
    j      Yle    Chord     Area     c cl      ai      cl_norm  cl       cd       cdv    cm_c/4    cm_LE  C.P.x/c
    41   0.0064   2.0000   0.0513   0.5640   0.0625   0.2815   0.2815   0.0204   0.0000  -0.0013  -0.0718    0.255
    42   0.0576   2.0000   0.1531   0.5640   0.0625   0.2815   0.2815   0.0204   0.0000  -0.0013  -0.0718    0.255
    43   0.1592   2.0000   0.2523   0.5639   0.0620   0.2815   0.2815   0.0204   0.0000  -0.0013  -0.0718    0.255
    44   0.3094   2.0000   0.3471   0.5638   0.0627   0.2814   0.2814   0.0204   0.0000  -0.0013  -0.0718    0.255
    45   0.5056   2.0000   0.4360   0.5634   0.0588   0.2812   0.2812   0.0203   0.0000  -0.0013  -0.0717    0.255
    46   0.7445   2.0000   0.5175   0.5627   0.0628   0.2809   0.2809   0.0203   0.0000  -0.0013  -0.0716    0.255
    47   1.0220   2.0000   0.5901   0.5616   0.0725   0.2803   0.2803   0.0203   0.0000  -0.0013  -0.0715    0.255
    48   1.3333   2.0000   0.6526   0.5599   0.0625   0.2795   0.2795   0.0203   0.0000  -0.0012  -0.0712    0.254
    49   1.6731   2.0000   0.7039   0.5574   0.0674   0.2783   0.2783   0.0202   0.0000  -0.0012  -0.0708    0.254
    50   2.0357   2.0000   0.7432   0.5541   0.0603   0.2766   0.2766   0.0201   0.0000  -0.0010  -0.0703    0.254
    51   2.4147   2.0000   0.7698   0.5497   0.0670   0.2744   0.2744   0.0200   0.0000  -0.0009  -0.0696    0.253
    52   2.8038   2.0000   0.7832   0.5436   0.1083   0.2713   0.2713   0.0198   0.0000  -0.0006  -0.0685    0.252
    53   3.1962   2.0000   0.7832   0.5345   0.0667   0.2668   0.2668   0.0195   0.0000  -0.0001  -0.0670    0.251
    54   3.5853   2.0000   0.7698   0.5184   0.0739   0.2588   0.2588   0.0190   0.0000   0.0004  -0.0644    0.248
    55   3.9643   2.0000   0.7432   0.4905   0.1310   0.2448   0.2448   0.0183   0.0000   0.0010  -0.0603    0.246
    56   4.3269   2.0000   0.7039   0.4571   0.0731   0.2281   0.2281   0.0174   0.0000   0.0018  -0.0553    0.242
    57   4.6667   2.0000   0.6526   0.4251   0.0821   0.2121   0.2121   0.0163   0.0000   0.0028  -0.0503    0.237
    58   4.9780   2.0000   0.5901   0.3876   0.0931   0.1933   0.1933   0.0151   0.0000   0.0037  -0.0448    0.231
    59   5.2555   2.0000   0.5175   0.3401   0.1288   0.1696   0.1696   0.0137   0.0000   0.0040  -0.0385    0.226
    60   5.4944   2.0000   0.4360   0.2854   0.0534   0.1423   0.1423   0.0120   0.0000   0.0041  -0.0316    0.221
    61   5.6906   2.0000   0.3471   0.2274   0.0720   0.1133   0.1133   0.0098   0.0000   0.0040  -0.0244    0.214
    62   5.8408   2.0000   0.2523   0.1662   0.0794   0.0828   0.0828   0.0074   0.0000   0.0036  -0.0172    0.206
    63   5.9424   2.0000   0.1531   0.1016   0.0842   0.0506   0.0506   0.0047   0.0000   0.0026  -0.0101    0.199
    64   5.9936   2.0000   0.0513   0.0342   0.0868   0.0170   0.0170   0.0016   0.0000   0.0010  -0.0033    0.194

  Surface # 4     Second Wing2 (YDUP)                     
     # Chordwise = 12   # Spanwise = 24     First strip = 65
     Surface area =   12.000000       Ave. chord =    2.000000
     CLsurf  =   0.02415     Clsurf  =   0.00161
     CYsurf  =  -0.00000     Cmsurf  =  -0.08363
     CDsurf  =   0.00180     Cnsurf  =   0.00006
     CDisurf =   0.00180     CDvsurf =   0.00000

  Forces referred to Ssurf, Cave about hinge axis thru LE
     CLsurf  =   0.24073     CDsurf  =   0.01789
     Deflect =

 Strip Forces referred to Strip Area, Chord
    j      Yle    Chord     Area     c cl      ai      cl_norm  cl       cd       cdv    cm_c/4    cm_LE  C.P.x/c
    65  -0.0064   2.0000   0.0513   0.5640   0.0624   0.2815   0.2815   0.0204   0.0000  -0.0013   0.0718    0.255
    66  -0.0576   2.0000   0.1531   0.5640   0.0625   0.2815   0.2815   0.0204   0.0000  -0.0013   0.0718    0.255
    67  -0.1592   2.0000   0.2523   0.5639   0.0620   0.2815   0.2815   0.0204   0.0000  -0.0013   0.0718    0.255
    68  -0.3094   2.0000   0.3471   0.5638   0.0627   0.2814   0.2814   0.0204   0.0000  -0.0013   0.0718    0.255
    69  -0.5056   2.0000   0.4360   0.5634   0.0588   0.2812   0.2812   0.0203   0.0000  -0.0013   0.0717    0.255
    70  -0.7445   2.0000   0.5175   0.5627   0.0628   0.2809   0.2809   0.0203   0.0000  -0.0013   0.0716    0.255
    71  -1.0220   2.0000   0.5901   0.5616   0.0725   0.2803   0.2803   0.0203   0.0000  -0.0013   0.0715    0.255
    72  -1.3333   2.0000   0.6526   0.5599   0.0625   0.2795   0.2795   0.0203   0.0000  -0.0012   0.0712    0.254
    73  -1.6731   2.0000   0.7039   0.5574   0.0674   0.2783   0.2783   0.0202   0.0000  -0.0012   0.0708    0.254
    74  -2.0357   2.0000   0.7432   0.5541   0.0603   0.2766   0.2766   0.0201   0.0000  -0.0010   0.0703    0.254
    75  -2.4147   2.0000   0.7698   0.5497   0.0670   0.2744   0.2744   0.0200   0.0000  -0.0009   0.0696    0.253
    76  -2.8038   2.0000   0.7832   0.5436   0.1083   0.2713   0.2713   0.0198   0.0000  -0.0006   0.0685    0.252
    77  -3.1962   2.0000   0.7832   0.5345   0.0667   0.2668   0.2668   0.0195   0.0000  -0.0001   0.0670    0.251
    78  -3.5853   2.0000   0.7698   0.5184   0.0739   0.2588   0.2588   0.0190   0.0000   0.0004   0.0644    0.248
    79  -3.9643   2.0000   0.7432   0.4905   0.1310   0.2448   0.2448   0.0183   0.0000   0.0010   0.0603    0.246
    80  -4.3269   2.0000   0.7039   0.4571   0.0731   0.2281   0.2281   0.0174   0.0000   0.0018   0.0553    0.242
    81  -4.6667   2.0000   0.6526   0.4251   0.0821   0.2121   0.2121   0.0163   0.0000   0.0028   0.0503    0.237
    82  -4.9780   2.0000   0.5901   0.3876   0.0931   0.1933   0.1933   0.0151   0.0000   0.0037   0.0448    0.231
    83  -5.2555   2.0000   0.5175   0.3401   0.1288   0.1696   0.1696   0.0137   0.0000   0.0040   0.0385    0.226
    84  -5.4944   2.0000   0.4360   0.2854   0.0534   0.1423   0.1423   0.0120   0.0000   0.0041   0.0316    0.221
    85  -5.6906   2.0000   0.3471   0.2274   0.0720   0.1133   0.1133   0.0098   0.0000   0.0040   0.0244    0.214
    86  -5.8408   2.0000   0.2523   0.1662   0.0794   0.0828   0.0828   0.0074   0.0000   0.0036   0.0172    0.206
    87  -5.9424   2.0000   0.1531   0.1016   0.0842   0.0506   0.0506   0.0047   0.0000   0.0026   0.0101    0.199
    88  -5.9936   2.0000   0.0513   0.0342   0.0868   0.0170   0.0170   0.0016   0.0000   0.0010   0.0033    0.194

  Surface # 5     Fin                                     
     # Chordwise = 12   # Spanwise = 12     First strip = 89
     Surface area =    4.000000       Ave. chord =    1.600000
     CLsurf  =   0.00000     Clsurf  =  -0.00003
     CYsurf  =  -0.00094     Cmsurf  =  -0.00001
     CDsurf  =  -0.00000     Cnsurf  =   0.00025
     CDisurf =  -0.00000     CDvsurf =   0.00000

  Forces referred to Ssurf, Cave about hinge axis thru LE
     CLsurf  =   0.02818     CDsurf  =  -0.00013
     Deflect =

 Strip Forces referred to Strip Area, Chord
    j      Yle    Chord     Area     c cl      ai      cl_norm  cl       cd       cdv    cm_c/4    cm_LE  C.P.x/c
    89   4.0000   1.9966   0.0850   0.0044  -0.2613   0.0025   0.0022   0.0000   0.0000  -0.0002  -0.0008    0.338
    90   4.0000   1.9696   0.2459   0.0145  -0.0429   0.0084   0.0074  -0.0000   0.0000  -0.0006  -0.0025    0.334
    91   4.0000   1.9173   0.3809   0.0270  -0.0268   0.0160   0.0141  -0.0000   0.0000  -0.0010  -0.0047    0.323
    92   4.0000   1.8435   0.4773   0.0405  -0.0192   0.0249   0.0220  -0.0000   0.0000  -0.0012  -0.0069    0.305
    93   4.0000   1.7531   0.5285   0.0518  -0.0151   0.0335   0.0296  -0.0001   0.0000  -0.0011  -0.0088    0.286
    94   4.0000   1.6522   0.5345   0.0587  -0.0127   0.0403   0.0355  -0.0002   0.0000  -0.0007  -0.0100    0.269
    95   4.0000   1.5478   0.5007   0.0603  -0.0111   0.0442   0.0390  -0.0002   0.0000  -0.0002  -0.0104    0.254
    96   4.0000   1.4469   0.4362   0.0569  -0.0099   0.0446   0.0393  -0.0003   0.0000   0.0004  -0.0100    0.241
    97   4.0000   1.3565   0.3512   0.0491  -0.0089   0.0411   0.0362  -0.0003   0.0000   0.0009  -0.0087    0.225
    98   4.0000   1.2827   0.2548   0.0379  -0.0080   0.0335   0.0295  -0.0002   0.0000   0.0013  -0.0066    0.207
    99   4.0000   1.2304   0.1537   0.0239  -0.0072   0.0221   0.0195  -0.0001   0.0000   0.0012  -0.0040    0.187
   100   4.0000   1.2034   0.0513   0.0082  -0.0068   0.0077   0.0068  -0.0001   0.0000   0.0005  -0.0013    0.171

  Surface # 6     Fin (YDUP)                              
     # Chordwise = 12   # Spanwise = 12     First strip =101
     Surface area =    4.000000       Ave. chord =    1.600000
     CLsurf  =   0.00000     Clsurf  =   0.00003
     CYsurf  =   0.00094     Cmsurf  =  -0.00001
     CDsurf  =  -0.00000     Cnsurf  =  -0.00025
     CDisurf =  -0.00000     CDvsurf =   0.00000

  Forces referred to Ssurf, Cave about hinge axis thru LE
     CLsurf  =   0.02818     CDsurf  =  -0.00013
     Deflect =

 Strip Forces referred to Strip Area, Chord
    j      Yle    Chord     Area     c cl      ai      cl_norm  cl       cd       cdv    cm_c/4    cm_LE  C.P.x/c
   101  -4.0000   1.9966   0.0850   0.0044  -0.2613   0.0025   0.0022   0.0000   0.0000  -0.0002   0.0008    0.338
   102  -4.0000   1.9696   0.2459   0.0145  -0.0429   0.0084   0.0074  -0.0000   0.0000  -0.0006   0.0025    0.334
   103  -4.0000   1.9173   0.3809   0.0270  -0.0268   0.0160   0.0141  -0.0000   0.0000  -0.0010   0.0047    0.323
   104  -4.0000   1.8435   0.4773   0.0405  -0.0192   0.0249   0.0220  -0.0000   0.0000  -0.0012   0.0069    0.305
   105  -4.0000   1.7531   0.5285   0.0518  -0.0151   0.0335   0.0296  -0.0001   0.0000  -0.0011   0.0088    0.286
   106  -4.0000   1.6522   0.5345   0.0587  -0.0127   0.0403   0.0355  -0.0002   0.0000  -0.0007   0.0100    0.269
   107  -4.0000   1.5478   0.5007   0.0603  -0.0111   0.0442   0.0390  -0.0002   0.0000  -0.0002   0.0104    0.254
   108  -4.0000   1.4469   0.4362   0.0569  -0.0099   0.0446   0.0393  -0.0003   0.0000   0.0004   0.0100    0.241
   109  -4.0000   1.3565   0.3512   0.0491  -0.0089   0.0411   0.0362  -0.0003   0.0000   0.0009   0.0087    0.225
   110  -4.0000   1.2827   0.2548   0.0379  -0.0080   0.0335   0.0295  -0.0002   0.0000   0.0013   0.0066    0.207
   111  -4.0000   1.2304   0.1537   0.0239  -0.0072   0.0221   0.0195  -0.0001   0.0000   0.0012   0.0040    0.187
   112  -4.0000   1.2034   0.0513   0.0082  -0.0068   0.0077   0.0068  -0.0001   0.0000   0.0005   0.0013    0.171
 ---------------------------------------------------------------
