 ---------------------------------------------------------------
 Surface and Strip Forces by surface

  Forces referred to Sref, Cref, Bref about Xref, Yref, Zref
 Standard axis orientation,  X fwd, Z down         

  Surface # 1     FrontWing                               
     # Chordwise = 12   # Spanwise = 20     First strip =  1
     Surface area =   59.792652       Ave. chord =    2.989631
     CLsurf  =   0.75520     Clsurf  =  -0.16797
     CYsurf  =   0.00205     Cmsurf  =  -0.35113
     CDsurf  =   0.02696     Cnsurf  =  -0.02452
     CDisurf =   0.02696     CDvsurf =   0.00000

  Forces referred to Ssurf, Cave about hinge axis thru LE
     CLsurf  =   1.51059     CDsurf  =   0.05392
     Deflect =

 Strip Forces referred to Strip Area, Chord
    j      Yle    Chord     Area     c cl      ai      cl_norm  cl       cd       cdv    cm_c/4    cm_LE  C.P.x/c
     1   0.0299   3.4500   0.4122   5.2601   0.0951   1.5433   1.5433   0.0441   0.0000  -0.1375  -0.5187    0.339
     2   0.2681   3.4500   1.2263   5.2599   0.0948   1.5432   1.5432   0.0441   0.0000  -0.1375  -0.5187    0.339
     3   0.7386   3.4500   2.0103   5.2579   0.0957   1.5426   1.5426   0.0442   0.0000  -0.1375  -0.5185    0.339
     4   1.4299   3.4500   2.7448   5.2513   0.1020   1.5406   1.5406   0.0447   0.0000  -0.1376  -0.5181    0.339
     5   2.3249   3.4500   3.4117   5.2361   0.0944   1.5359   1.5359   0.0458   0.0000  -0.1377  -0.5172    0.340
     6   3.4016   3.4500   3.9946   5.2068  -0.1407   1.5266   1.5266   0.0489   0.0000  -0.1385  -0.5158    0.341
     7   4.6579   3.4027   4.5877   5.1561   0.1251   1.5371   1.5329   0.0487   0.0000  -0.1384  -0.5159    0.340
     8   6.0668   3.3014   4.8231   5.0782  -0.2592   1.5610   1.5566   0.0460   0.0000  -0.1375  -0.5207    0.338
     9   7.5707   3.1934   4.9100   4.9745   0.0277   1.5813   1.5769   0.0443   0.0000  -0.1372  -0.5253    0.337
    10   9.1324   3.0811   4.8570   4.8469   0.0445   1.5969   1.5924   0.0447   0.0000  -0.1370  -0.5289    0.336
    11  10.7137   2.9675   4.6778   4.6969   0.0530   1.6064   1.6020   0.0466   0.0000  -0.1366  -0.5309    0.335
    12  12.2755   2.8552   4.3901   4.5240   0.0608   1.6075   1.6030   0.0500   0.0000  -0.1359  -0.5306    0.335
    13  13.7793   2.7471   4.0132   4.3241   0.0705   1.5959   1.5915   0.0551   0.0000  -0.1347  -0.5268    0.335
    14  15.1883   2.6458   3.5672   4.0882   0.0839   1.5649   1.5605   0.0629   0.0000  -0.1326  -0.5175    0.335
    15  16.4675   2.5539   3.0708   3.7996   0.1028   1.5045   1.5003   0.0727   0.0000  -0.1288  -0.4994    0.336
    16  17.5856   2.4735   2.5402   3.4324   0.1290   1.4002   1.3963   0.0838   0.0000  -0.1220  -0.4677    0.337
    17  18.5151   2.4067   1.9884   2.9512   0.1636   1.2338   1.2304   0.0927   0.0000  -0.1103  -0.4158    0.340
    18  19.2329   2.3551   1.4251   2.3184   0.2064   0.9870   0.9843   0.0928   0.0000  -0.0917  -0.3369    0.343
    19  19.7216   2.3200   0.8564   1.5105   0.2576   0.6502   0.6484   0.0752   0.0000  -0.0644  -0.2266    0.349
    20  19.9689   2.3022   0.2856   0.5337   0.3131   0.2307   0.2300   0.0313   0.0000  -0.0251  -0.0829    0.359

  Surface # 2     FrontWing (YDUP)                        
     # Chordwise = 12   # Spanwise = 20     First strip = 21
     Surface area =   59.792652       Ave. chord =    2.989631
     CLsurf  =   0.75520     Clsurf  =   0.16797
     CYsurf  =  -0.00205     Cmsurf  =  -0.35113
     CDsurf  =   0.02696     Cnsurf  =   0.02452
     CDisurf =   0.02696     CDvsurf =   0.00000

  Forces referred to Ssurf, Cave about hinge axis thru LE
     CLsurf  =   1.51059     CDsurf  =   0.05392
     Deflect =

 Strip Forces referred to Strip Area, Chord
    j      Yle    Chord     Area     c cl      ai      cl_norm  cl       cd       cdv    cm_c/4    cm_LE  C.P.x/c
    21  -0.0299   3.4500   0.4122   5.2601   0.0951   1.5433   1.5433   0.0441   0.0000  -0.1375   0.5187    0.339
    22  -0.2681   3.4500   1.2263   5.2599   0.0948   1.5432   1.5432   0.0441   0.0000  -0.1375   0.5187    0.339
    23  -0.7386   3.4500   2.0103   5.2579   0.0957   1.5426   1.5426   0.0442   0.0000  -0.1375   0.5185    0.339
    24  -1.4299   3.4500   2.7448   5.2513   0.1020   1.5406   1.5406   0.0447   0.0000  -0.1376   0.5181    0.339
    25  -2.3249   3.4500   3.4117   5.2361   0.0944   1.5359   1.5359   0.0458   0.0000  -0.1377   0.5172    0.340
    26  -3.4016   3.4500   3.9946   5.2068  -0.1407   1.5266   1.5266   0.0489   0.0000  -0.1385   0.5158    0.341
    27  -4.6579   3.4027   4.5877   5.1561   0.1251   1.5371   1.5329   0.0487   0.0000  -0.1384   0.5159    0.340
    28  -6.0668   3.3014   4.8231   5.0782  -0.2592   1.5610   1.5566   0.0460   0.0000  -0.1375   0.5207    0.338
    29  -7.5707   3.1934   4.9100   4.9745   0.0277   1.5813   1.5769   0.0443   0.0000  -0.1372   0.5253    0.337
    30  -9.1324   3.0811   4.8570   4.8469   0.0445   1.5969   1.5924   0.0447   0.0000  -0.1370   0.5289    0.336
    31 -10.7137   2.9675   4.6778   4.6969   0.0530   1.6064   1.6020   0.0466   0.0000  -0.1366   0.5309    0.335
    32 -12.2755   2.8552   4.3901   4.5240   0.0608   1.6075   1.6030   0.0500   0.0000  -0.1359   0.5306    0.335
    33 -13.7793   2.7471   4.0132   4.3241   0.0705   1.5959   1.5915   0.0551   0.0000  -0.1347   0.5268    0.335
    34 -15.1883   2.6458   3.5672   4.0882   0.0839   1.5649   1.5605   0.0629   0.0000  -0.1326   0.5175    0.335
    35 -16.4675   2.5539   3.0708   3.7996   0.1028   1.5045   1.5003   0.0727   0.0000  -0.1288   0.4994    0.336
    36 -17.5856   2.4735   2.5402   3.4324   0.1290   1.4002   1.3963   0.0838   0.0000  -0.1220   0.4677    0.337
    37 -18.5151   2.4067   1.9884   2.9512   0.1636   1.2338   1.2304   0.0927   0.0000  -0.1103   0.4158    0.340
    38 -19.2329   2.3551   1.4251   2.3184   0.2064   0.9870   0.9843   0.0928   0.0000  -0.0917   0.3369    0.343
    39 -19.7216   2.3200   0.8564   1.5105   0.2576   0.6502   0.6484   0.0752   0.0000  -0.0644   0.2266    0.349
    40 -19.9689   2.3022   0.2856   0.5337   0.3131   0.2307   0.2300   0.0313   0.0000  -0.0251   0.0829    0.359

  Surface # 3     Second Wing2                            
     # Chordwise = 12   # Spanwise = 24     First strip = 41
     Surface area =   12.000000       Ave. chord =    2.000000
     CLsurf  =   0.04479     Clsurf  =  -0.00298
     CYsurf  =  -0.00000     Cmsurf  =  -0.15509
     CDsurf  =   0.00477     Cnsurf  =  -0.00023
     CDisurf =   0.00477     CDvsurf =   0.00000

  Forces referred to Ssurf, Cave about hinge axis thru LE
     CLsurf  =   0.44643     CDsurf  =   0.04751
     Deflect =

 Strip Forces referred to Strip Area, Chord
    j      Yle    Chord     Area     c cl      ai      cl_norm  cl       cd       cdv    cm_c/4    cm_LE  C.P.x/c
    41   0.0064   2.0000   0.0513   1.0506   0.0953   0.5245   0.5245   0.0536   0.0000  -0.0011  -0.1325    0.252
    42   0.0576   2.0000   0.1531   1.0506   0.0954   0.5245   0.5245   0.0536   0.0000  -0.0011  -0.1325    0.252
    43   0.1592   2.0000   0.2523   1.0505   0.0947   0.5244   0.5244   0.0536   0.0000  -0.0011  -0.1324    0.252
    44   0.3094   2.0000   0.3471   1.0502   0.0957   0.5243   0.5243   0.0536   0.0000  -0.0011  -0.1324    0.252
    45   0.5056   2.0000   0.4360   1.0495   0.0900   0.5239   0.5239   0.0536   0.0000  -0.0011  -0.1323    0.252
    46   0.7445   2.0000   0.5175   1.0480   0.0959   0.5232   0.5232   0.0536   0.0000  -0.0011  -0.1321    0.252
    47   1.0220   2.0000   0.5901   1.0457   0.1103   0.5220   0.5220   0.0535   0.0000  -0.0010  -0.1317    0.252
    48   1.3333   2.0000   0.6526   1.0421   0.0957   0.5202   0.5202   0.0534   0.0000  -0.0009  -0.1312    0.252
    49   1.6731   2.0000   0.7039   1.0370   0.1030   0.5176   0.5176   0.0533   0.0000  -0.0008  -0.1304    0.252
    50   2.0357   2.0000   0.7432   1.0299   0.0928   0.5140   0.5140   0.0531   0.0000  -0.0006  -0.1294    0.251
    51   2.4147   2.0000   0.7698   1.0204   0.1029   0.5092   0.5092   0.0528   0.0000  -0.0003  -0.1279    0.251
    52   2.8038   2.0000   0.7832   1.0075   0.1642   0.5028   0.5028   0.0523   0.0000   0.0002  -0.1258    0.250
    53   3.1962   2.0000   0.7832   0.9888   0.1026   0.4934   0.4934   0.0516   0.0000   0.0009  -0.1227    0.248
    54   3.5853   2.0000   0.7698   0.9579   0.1129   0.4779   0.4779   0.0505   0.0000   0.0018  -0.1179    0.246
    55   3.9643   2.0000   0.7432   0.9063   0.1919   0.4520   0.4520   0.0487   0.0000   0.0031  -0.1102    0.243
    56   4.3269   2.0000   0.7039   0.8445   0.1169   0.4210   0.4210   0.0464   0.0000   0.0046  -0.1010    0.239
    57   4.6667   2.0000   0.6526   0.7844   0.1297   0.3909   0.3909   0.0437   0.0000   0.0063  -0.0917    0.234
    58   4.9780   2.0000   0.5901   0.7150   0.1463   0.3562   0.3562   0.0406   0.0000   0.0078  -0.0816    0.228
    59   5.2555   2.0000   0.5175   0.6294   0.2006   0.3133   0.3133   0.0371   0.0000   0.0086  -0.0701    0.223
    60   5.4944   2.0000   0.4360   0.5308   0.0901   0.2639   0.2639   0.0327   0.0000   0.0089  -0.0575    0.216
    61   5.6906   2.0000   0.3471   0.4243   0.1187   0.2108   0.2108   0.0272   0.0000   0.0087  -0.0443    0.209
    62   5.8408   2.0000   0.2523   0.3105   0.1301   0.1541   0.1541   0.0206   0.0000   0.0077  -0.0311    0.200
    63   5.9424   2.0000   0.1531   0.1898   0.1375   0.0941   0.0941   0.0132   0.0000   0.0054  -0.0183    0.192
    64   5.9936   2.0000   0.0513   0.0639   0.1414   0.0316   0.0316   0.0047   0.0000   0.0020  -0.0060    0.187

  Surface # 4     Second Wing2 (YDUP)                     
     # Chordwise = 12   # Spanwise = 24     First strip = 65
     Surface area =   12.000000       Ave. chord =    2.000000
     CLsurf  =   0.04479     Clsurf  =   0.00298
     CYsurf  =  -0.00000     Cmsurf  =  -0.15509
     CDsurf  =   0.00477     Cnsurf  =   0.00023
     CDisurf =   0.00477     CDvsurf =   0.00000

  Forces referred to Ssurf, Cave about hinge axis thru LE
     CLsurf  =   0.44643     CDsurf  =   0.04751
     Deflect =

 Strip Forces referred to Strip Area, Chord
    j      Yle    Chord     Area     c cl      ai      cl_norm  cl       cd       cdv    cm_c/4    cm_LE  C.P.x/c
    65  -0.0064   2.0000   0.0513   1.0506   0.0953   0.5245   0.5245   0.0536   0.0000  -0.0011   0.1325    0.252
    66  -0.0576   2.0000   0.1531   1.0506   0.0954   0.5245   0.5245   0.0536   0.0000  -0.0011   0.1325    0.252
    67  -0.1592   2.0000   0.2523   1.0505   0.0947   0.5244   0.5244   0.0536   0.0000  -0.0011   0.1324    0.252
    68  -0.3094   2.0000   0.3471   1.0502   0.0957   0.5243   0.5243   0.0536   0.0000  -0.0011   0.1324    0.252
    69  -0.5056   2.0000   0.4360   1.0495   0.0900   0.5239   0.5239   0.0536   0.0000  -0.0011   0.1323    0.252
    70  -0.7445   2.0000   0.5175   1.0480   0.0959   0.5232   0.5232   0.0536   0.0000  -0.0011   0.1321    0.252
    71  -1.0220   2.0000   0.5901   1.0457   0.1103   0.5220   0.5220   0.0535   0.0000  -0.0010   0.1317    0.252
    72  -1.3333   2.0000   0.6526   1.0421   0.0957   0.5202   0.5202   0.0534   0.0000  -0.0009   0.1312    0.252
    73  -1.6731   2.0000   0.7039   1.0370   0.1030   0.5176   0.5176   0.0533   0.0000  -0.0008   0.1304    0.252
    74  -2.0357   2.0000   0.7432   1.0299   0.0928   0.5140   0.5140   0.0531   0.0000  -0.0006   0.1294    0.251
    75  -2.4147   2.0000   0.7698   1.0204   0.1029   0.5092   0.5092   0.0528   0.0000  -0.0003   0.1279    0.251
    76  -2.8038   2.0000   0.7832   1.0075   0.1642   0.5028   0.5028   0.0523   0.0000   0.0002   0.1258    0.250
    77  -3.1962   2.0000   0.7832   0.9888   0.1026   0.4934   0.4934   0.0516   0.0000   0.0009   0.1227    0.248
    78  -3.5853   2.0000   0.7698   0.9579   0.1129   0.4779   0.4779   0.0505   0.0000   0.0018   0.1179    0.246
    79  -3.9643   2.0000   0.7432   0.9063   0.1919   0.4520   0.4520   0.0487   0.0000   0.0031   0.1102    0.243
    80  -4.3269   2.0000   0.7039   0.8445   0.1169   0.4210   0.4210   0.0464   0.0000   0.0046   0.1010    0.239
    81  -4.6667   2.0000   0.6526   0.7844   0.1297   0.3909   0.3909   0.0437   0.0000   0.0063   0.0917    0.234
    82  -4.9780   2.0000   0.5901   0.7150   0.1463   0.3562   0.3562   0.0406   0.0000   0.0078   0.0816    0.228
    83  -5.2555   2.0000   0.5175   0.6294   0.2006   0.3133   0.3133   0.0371   0.0000   0.0086   0.0701    0.223
    84  -5.4944   2.0000   0.4360   0.5308   0.0901   0.2639   0.2639   0.0327   0.0000   0.0089   0.0575    0.216
    85  -5.6906   2.0000   0.3471   0.4243   0.1187   0.2108   0.2108   0.0272   0.0000   0.0087   0.0443    0.209
    86  -5.8408   2.0000   0.2523   0.3105   0.1301   0.1541   0.1541   0.0206   0.0000   0.0077   0.0311    0.200
    87  -5.9424   2.0000   0.1531   0.1898   0.1375   0.0941   0.0941   0.0132   0.0000   0.0054   0.0183    0.192
    88  -5.9936   2.0000   0.0513   0.0639   0.1414   0.0316   0.0316   0.0047   0.0000   0.0020   0.0060    0.187

  Surface # 5     Fin                                     
     # Chordwise = 12   # Spanwise = 12     First strip = 89
     Surface area =    4.000000       Ave. chord =    1.600000
     CLsurf  =   0.00001     Clsurf  =  -0.00005
     CYsurf  =  -0.00174     Cmsurf  =  -0.00002
     CDsurf  =  -0.00001     Cnsurf  =   0.00047
     CDisurf =  -0.00001     CDvsurf =   0.00000

  Forces referred to Ssurf, Cave about hinge axis thru LE
     CLsurf  =   0.05201     CDsurf  =  -0.00042
     Deflect =

 Strip Forces referred to Strip Area, Chord
    j      Yle    Chord     Area     c cl      ai      cl_norm  cl       cd       cdv    cm_c/4    cm_LE  C.P.x/c
    89   4.0000   1.9966   0.0850   0.0084  -0.3892   0.0050   0.0042   0.0000   0.0000  -0.0004  -0.0015    0.334
    90   4.0000   1.9696   0.2459   0.0275  -0.0682   0.0168   0.0140  -0.0000   0.0000  -0.0011  -0.0049    0.328
    91   4.0000   1.9173   0.3809   0.0519  -0.0443   0.0325   0.0270  -0.0000   0.0000  -0.0018  -0.0091    0.316
    92   4.0000   1.8435   0.4773   0.0776  -0.0316   0.0506   0.0421  -0.0001   0.0000  -0.0021  -0.0136    0.300
    93   4.0000   1.7531   0.5285   0.0981  -0.0250   0.0673   0.0560  -0.0003   0.0000  -0.0018  -0.0172    0.283
    94   4.0000   1.6522   0.5345   0.1093  -0.0213   0.0795   0.0662  -0.0005   0.0000  -0.0012  -0.0195    0.268
    95   4.0000   1.5478   0.5007   0.1105  -0.0190   0.0858   0.0714  -0.0007   0.0000  -0.0004  -0.0202    0.255
    96   4.0000   1.4469   0.4362   0.1029  -0.0171   0.0855   0.0711  -0.0008   0.0000   0.0006  -0.0193    0.242
    97   4.0000   1.3565   0.3512   0.0880  -0.0154   0.0780   0.0649  -0.0008   0.0000   0.0015  -0.0168    0.227
    98   4.0000   1.2827   0.2548   0.0674  -0.0138   0.0632   0.0526  -0.0006   0.0000   0.0021  -0.0128    0.209
    99   4.0000   1.2304   0.1537   0.0424  -0.0126   0.0414   0.0345  -0.0004   0.0000   0.0021  -0.0078    0.190
   100   4.0000   1.2034   0.0513   0.0145  -0.0117   0.0145   0.0120  -0.0001   0.0000   0.0009  -0.0025    0.174

  Surface # 6     Fin (YDUP)                              
     # Chordwise = 12   # Spanwise = 12     First strip =101
     Surface area =    4.000000       Ave. chord =    1.600000
     CLsurf  =   0.00001     Clsurf  =   0.00005
     CYsurf  =   0.00174     Cmsurf  =  -0.00002
     CDsurf  =  -0.00001     Cnsurf  =  -0.00047
     CDisurf =  -0.00001     CDvsurf =   0.00000

  Forces referred to Ssurf, Cave about hinge axis thru LE
     CLsurf  =   0.05201     CDsurf  =  -0.00042
     Deflect =

 Strip Forces referred to Strip Area, Chord
    j      Yle    Chord     Area     c cl      ai      cl_norm  cl       cd       cdv    cm_c/4    cm_LE  C.P.x/c
   101  -4.0000   1.9966   0.0850   0.0084  -0.3892   0.0050   0.0042   0.0000   0.0000  -0.0004   0.0015    0.334
   102  -4.0000   1.9696   0.2459   0.0275  -0.0682   0.0168   0.0140  -0.0000   0.0000  -0.0011   0.0049    0.328
   103  -4.0000   1.9173   0.3809   0.0519  -0.0443   0.0325   0.0270  -0.0000   0.0000  -0.0018   0.0091    0.316
   104  -4.0000   1.8435   0.4773   0.0776  -0.0316   0.0506   0.0421  -0.0001   0.0000  -0.0021   0.0136    0.300
   105  -4.0000   1.7531   0.5285   0.0981  -0.0250   0.0673   0.0560  -0.0003   0.0000  -0.0018   0.0172    0.283
   106  -4.0000   1.6522   0.5345   0.1093  -0.0213   0.0795   0.0662  -0.0005   0.0000  -0.0012   0.0195    0.268
   107  -4.0000   1.5478   0.5007   0.1105  -0.0190   0.0858   0.0714  -0.0007   0.0000  -0.0004   0.0202    0.255
   108  -4.0000   1.4469   0.4362   0.1029  -0.0171   0.0855   0.0711  -0.0008   0.0000   0.0006   0.0193    0.242
   109  -4.0000   1.3565   0.3512   0.0880  -0.0154   0.0780   0.0649  -0.0008   0.0000   0.0015   0.0168    0.227
   110  -4.0000   1.2827   0.2548   0.0674  -0.0138   0.0632   0.0526  -0.0006   0.0000   0.0021   0.0128    0.209
   111  -4.0000   1.2304   0.1537   0.0424  -0.0126   0.0414   0.0345  -0.0004   0.0000   0.0021   0.0078    0.190
   112  -4.0000   1.2034   0.0513   0.0145  -0.0117   0.0145   0.0120  -0.0001   0.0000   0.0009   0.0025    0.174
 ---------------------------------------------------------------
